#1
double tab1(1008,8)
# Date
# DEC001_____PDT511_RUP_
# DEC001_____PT511__RUP_
# DEC001_____PT521__RUP_
# DEC001_____TT511__RUP_
# DEC001_____TT521__RUP_
# Eau chaude - Débit réseau (valeur OK)
# THA-RET. POS. VANNE DE BY-PASS DE DISTR. - CIF DEC001
0.0	0.7944	4.8612	4.008	55.32100000000001	54.881	44.6	72.414
600.0	0.81424	4.7664	3.8938	54.286	53.923	40.8	73.446
1200.0	0.8083199999999999	4.6762	3.8076	53.981	53.261	40.13	74.709
1800.0	0.80096	4.8054	3.9444	57.903	55.54	39.6	75.697
2400.0	0.79904	4.9862	4.128	60.039	57.574	40.09	75.694
3000.0	0.7844800000000001	5.05	4.2054	59.01600000000001	57.849	43.59	74.257
3600.0	0.7996800000000001	4.9388	4.0808	56.435	55.91	42.03	73.634
4200.0	0.79648	4.8302	3.9748	55.365	55.01300000000001	42.62	73.638
4800.0	0.80304	4.7256	3.8632	54.555	54.212	43.03	72.759
5400.0	0.80528	4.7718	3.9044	53.756	53.431	41.94	73.51100000000002
6000.0	0.80176	4.8058	3.9424	56.095	54.187	41.46	74.544
6600.0	0.8016	5.0138	4.1506	59.431	57.023	41.08	74.54899999999998
7200.0	0.80032	5.193	4.3336	60.662	58.096	41.19	74.55
7800.0	0.79568	5.1784	4.3224	57.99	57.328	42.23	74.54899999999998
8400.0	0.79264	5.0656	4.2144	56.244	55.924	43.19	73.718
9000.0	0.80288	4.9564	4.0928	55.565	55.269	41.65	73.51100000000002
9600.0	0.8072	4.8348	3.967	54.861	54.518	40.67	74.154
10200.0	0.8	4.7238	3.8642	54.062	53.722	40.77	75.031
10800.0	0.79104	4.664	3.8124	54.316	53.236	42.74	74.226
11400.0	0.79488	4.8536	3.9986	58.385	55.896	43.3	73.183
12000.0	0.8024	5.0476	4.184	60.092	57.705	42.34	72.734
12600.0	0.80704	5.1542	4.288	59.649	58.414	41.16	73.714
13200.0	0.79376	5.037	4.1846	56.94600000000001	56.354	42.94	73.908
13800.0	0.79472	4.9186	4.0658	55.451	55.003	43.69	73.032
14400.0	0.79408	4.7954	3.9422	54.35	53.957	44.34	72.70100000000002
15000.0	0.7993600000000001	4.6954	3.837	53.938	53.197	44.77	71.792
15600.0	0.79472	4.8134	3.9602	57.798	55.407	45.31	71.693
16200.0	0.8036800000000001	4.9788	4.1154	59.872	57.737	43.97	71.691
16800.0	0.81088	4.9896	4.1196	58.466	57.907	42.43	72.398
17400.0	0.7993600000000001	4.8796	4.022	56.78100000000001	56.303	43.48	73.251
18000.0	0.7931199999999999	4.7694	3.9176	55.532	55.101000000000006	44.36	72.82200000000002
18600.0	0.79568	4.7204	3.867	54.462	54.067	45.04	71.888
19200.0	0.79632	4.7658	3.9096	53.753	53.236	45.21	71.89
19800.0	0.8048	4.8568	3.991	57.154	54.839	43.38	71.888
20400.0	0.8083199999999999	5.0504	4.1804	59.87	57.558	42.4	72.292
21000.0	0.80016	5.1222	4.2632	59.67	58.519	43.62	72.9
21600.0	0.7924800000000001	4.9964	4.1452	57.229	56.655	45.41	72.678
22200.0	0.78784	4.8696	4.022	55.637	55.104	47.61	71.124
22800.0	0.7968	4.7386	3.8822	54.322	53.88399999999999	46.44	70.833
23400.0	0.79776	4.7882	3.9308	54.108	53.228	46.69	70.34
24000.0	0.7864	4.9694	4.1226	57.976000000000006	55.29	50.37	69.12
24600.0	0.79632	5.1538	4.296	59.705	56.979	50.41	67.85600000000001
25200.0	0.80608	5.2786	4.4128	60.166	58.31100000000001	49.02	67.859
25800.0	0.8136	5.166	4.293	57.481	56.865	46.45	69.492
26400.0	0.80048	5.0252	4.1658	55.985	55.485	46.94	70.71300000000002
27000.0	0.7824	4.8642	4.0216	54.725	54.232	51.2	69.263
27600.0	0.79808	4.7114	3.8534	53.758	53.159	51.33	67.77600000000001
28200.0	0.81072	4.7844	3.9132	57.003	54.51300000000001	47.33	69.17399999999999
28800.0	0.8014399999999999	4.9854	4.124	59.444	56.71	47.9	69.81
29400.0	0.79808	5.1784	4.3208	60.74	58.038	48.18	69.811
30000.0	0.80656	5.1494	4.283	57.798	57.06100000000001	47.26	69.81
30600.0	0.80096	4.9978	4.1386	55.776	55.244	48.18	69.807
31200.0	0.7928	4.8296	3.9758	54.449	54.02	49.68	69.274
31800.0	0.8220799999999999	4.7164	3.836	53.85	53.265	42.62	71.181
32400.0	0.8054399999999999	4.815	3.9488	57.451	55.027	42.96	72.696
33000.0	0.804	5.0280000000000005	4.1648	59.88800000000001	57.272	42.97	72.796
33600.0	0.8076800000000001	5.1632	4.2962	59.49800000000001	58.045	41.14	73.67
34200.0	0.8024	5.0698	4.207	56.596	56.058	41.02	74.562
34800.0	0.80176	4.9722	4.1112	55.195	54.803	41.38	74.66199999999998
35400.0	0.7856	4.8508	4.0034	54.235	53.9	44.21	74.084
36000.0	0.79296	4.7476	3.8956	53.987	53.21100000000001	45.3	72.192
36600.0	0.81104	4.8488	3.9734	57.973	55.51300000000001	41.24	72.875
37200.0	0.80688	5.0102	4.146	59.82899999999999	57.55	40.93	73.905
37800.0	0.792	5.0680000000000005	4.2164	58.718	57.606	42.81	74.222
38400.0	0.784	4.9468	4.1042	56.164	55.637	46.44	72.207
39000.0	0.79504	4.8388	3.985	55.231	54.962	45.64	71.684
39600.0	0.7968	4.7242	3.8688	54.68899999999999	54.424	45.47	71.485
40200.0	0.79696	4.7668	3.9112	54.147	53.881	47.31	70.305
40800.0	0.8056	4.7754	3.9084	53.981	53.312	45.82	70.957
41400.0	0.80128	4.9684	4.106	58.035	55.474	45.49	71.639
42000.0	0.7952	5.1582	4.3028	59.942	57.59	46.66	70.9
42600.0	0.8083199999999999	5.1842	4.3166	58.575	57.636	44.42	71.072
43200.0	0.8011199999999999	5.0518	4.1924	56.449	55.979	44.37	72.433
43800.0	0.7912	4.9102	4.0604	55.507	55.15600000000001	46.28	72.021
44400.0	0.81072	4.7864	3.9166	54.705	54.39100000000001	44.08	71.38
45000.0	0.8112	4.7396	3.87	54.012	53.7	41.13	73.39399999999998
45600.0	0.80288	4.8418	3.9782	54.848	53.515	41.84	74.033
46200.0	0.7924800000000001	5.039	4.187	58.898	56.494	42.87	73.828
46800.0	0.79728	5.1848	4.328	60.022	57.861	43.38	72.656
47400.0	0.80576	5.1946	4.3294	58.56	57.58600000000001	42.09	73.165
48000.0	0.78928	5.055	4.2066	55.839	55.163	45.19	73.003
48600.0	0.79328	4.8234	3.9714	54.35	53.922	46.12	71.607
49200.0	0.79392	4.8002	3.9476	54.09	53.18600000000001	46.1	71.319
49800.0	0.79056	5.0188	4.1676	58.137	55.396	48.38	70.225
50400.0	0.79776	5.2848	4.4266	59.799	57.222	48.65	69.233
51000.0	0.80704	5.3222	4.459	59.371	57.807	46.54	70.236
51600.0	0.79552	5.0648	4.2098	56.695	56.175	48.44	70.206
52200.0	0.79872	4.8456	3.9882	55.17100000000001	54.683	48.96	68.952
52800.0	0.81296	4.7814	3.9078	53.988	53.577	44.91	70.65
53400.0	0.80416	4.7744	3.9124	55.646	53.76600000000001	45.13	71.564
54000.0	0.8076800000000001	5.0934	4.2258	59.312	56.74	43.68	72.17399999999998
54600.0	0.80592	5.3386	4.4706	60.581	57.886	42.33	73.183
55200.0	0.8072	5.2694	4.4032	58.24100000000001	57.275	41.57	73.801
55800.0	0.80608	5.0562	4.1898	55.627	55.038	40.14	74.877
56400.0	0.80688	4.8768	4.011	54.396	54.045	39.23	75.60000000000002
57000.0	0.7959999999999999	4.7502	3.8958	53.742	53.431	41.35	75.59800000000001
57600.0	0.78752	4.974	4.1264	56.532	54.512	43.12	74.542
58200.0	0.80272	5.238	4.3758	59.351000000000006	57.162	40.98	73.842
58800.0	0.8032	5.2788	4.4182	58.838	57.269	40.76	74.73
59400.0	0.78832	5.0562	4.2102	55.503	54.774	43.91	74.138
60000.0	0.79168	4.8848	4.035	53.862	53.32100000000001	45.04	72.68
60600.0	0.8016	5.0596	4.1974	57.29600000000001	55.207	44.33	71.876
61200.0	0.79552	5.2968	4.4432	59.834	57.663	45.29	71.779
61800.0	0.79056	5.2114	4.3606	58.29	57.257	47.86	70.578
62400.0	0.7936	4.9322	4.0806	55.61600000000001	54.929	48.32	69.921
63000.0	0.79808	4.7468	3.889	54.036	53.584	47.74	69.921
63600.0	0.81008	4.9702	4.1014	55.525	53.967	45.43	70.237
64200.0	0.8064	5.2594	4.3926	59.43	57.339	44.79	71.544
64800.0	0.77952	5.1836	4.347	58.653	57.592	50.56	70.083
65400.0	0.80432	4.9116	4.0468	56.188	55.537	47.92	69.003
66000.0	0.81152	4.7668	3.8966	54.771	54.33600000000001	45.09	70.507
66600.0	0.81248	4.8024	3.9306	53.802	53.435	43.14	72.085
67200.0	0.81392	4.8982	4.0272	56.244	54.232	40.0	74.064
67800.0	0.79824	5.199	4.3376	59.445	57.28	41.11	74.971
68400.0	0.79904	5.2594	4.402	59.427	57.959	41.61	73.941
69000.0	0.812	5.0586	4.1874	56.899	56.431	38.97	75.041
69600.0	0.80352	4.8842	4.0238	55.646	55.234	39.29	76.028
70200.0	0.77232	4.7192	3.887	54.547	54.091	46.61	73.858
70800.0	0.79232	4.7928	3.942	53.957	53.166	45.73	72.05700000000002
71400.0	0.7848	4.982	4.1382	57.78	55.14100000000001	48.37	70.625
72000.0	0.78464	5.2058	4.3604	59.705	57.06100000000001	51.52	68.61
72600.0	0.77952	5.3014	4.4634	59.823	57.585	55.6	66.422
73200.0	0.8036800000000001	5.0842	4.2232	56.64	55.57	54.85	64.767
73800.0	0.80656	4.8402	3.9744	54.5	54.008	52.38	66.53
74400.0	0.81472	4.7756	3.9028	53.761	53.668	49.91	66.921
75000.0	0.81328	4.7882	3.9152	54.024	54.055	46.99	69.39
75600.0	0.79632	4.7608	3.9056	54.26600000000001	54.122	49.77	69.057
76200.0	0.82976	4.7744	3.8866	53.827	53.533	41.61	71.153
76800.0	0.82032	4.995	4.1142	55.56800000000001	53.869	38.12	74.547
77400.0	0.8036800000000001	5.297999999999999	4.434	59.216	56.914	39.84	75.352
78000.0	0.80848	5.3354	4.4666	59.527	57.908	37.23	76.595
78600.0	0.7992	5.077	4.2192	56.652	56.039	38.85	76.781
79200.0	0.78688	4.8498	4.004	54.95	54.459	41.24	76.32600000000002
79800.0	0.78256	4.7528	3.9118	53.808	53.316	44.23	74.411
80400.0	0.7848	5.0068	4.1608	56.54	54.252	46.24	72.543
81000.0	0.77248	5.2756	4.444	59.274	56.445	52.26	69.471
81600.0	0.7782399999999999	5.372999999999998	4.535	59.82899999999999	56.98	55.94	66.223
82200.0	0.80176	5.4129999999999985	4.5522	60.554	58.058	54.52	64.71300000000001
82800.0	0.8079999999999999	5.1222	4.2538	57.105	56.08600000000001	52.4	66.116
83400.0	0.79952	4.8404	3.9812	54.871	54.285	53.48	66.322
84000.0	0.8176	4.7906	3.9144	53.778	53.335	48.96	67.587
84600.0	0.8304	4.9718	4.0812	57.042	55.18	41.51	71.056
85200.0	0.8193600000000001	5.2168	4.339	59.893	58.26	39.27	73.779
85800.0	0.82352	5.1388	4.2576	58.346	57.778	34.78	76.73100000000002
86400.0	0.8086399999999999	4.985	4.1172	56.852	56.402	35.07	78.36
87000.0	0.80192	4.8224	3.962	55.625	55.152	36.14	78.563
87600.0	0.80432	4.7632	3.9018	54.39	53.929	35.42	78.562
88200.0	0.79072	4.7874	3.9362	53.989	53.06	36.58	78.934
88800.0	0.7774399999999999	5.0314	4.1924	57.945	55.3	41.64	76.568
89400.0	0.7976	5.2926	4.4346	60.006	57.39	40.71	75.259
90000.0	0.7752	5.398	4.5638	61.04	57.98	46.7	73.28900000000002
90600.0	0.7782399999999999	5.4422	4.605	61.019	57.733	50.55	70.189
91200.0	0.79488	5.4512	4.5956	60.966	58.102	49.88	68.704
91800.0	0.7996800000000001	5.1314	4.2732	57.495	56.648	50.07	67.96600000000001
92400.0	0.8123199999999999	4.8094	3.937	55.244	54.703	47.46	69.069
93000.0	0.81312	4.7984	3.9286	54.034	53.675	45.45	70.64399999999998
93600.0	0.81648	4.8618	3.9844	54.688	53.646	41.9	72.65899999999998
94200.0	0.81616	5.212999999999999	4.3368	58.902	57.07899999999999	38.77	74.48899999999998
94800.0	0.8185600000000001	5.251	4.3728	59.354	58.455	34.81	77.045
95400.0	0.80176	5.0572	4.1944	57.492	57.00100000000001	36.52	78.092
96000.0	0.7984	4.879	4.0212	56.282	55.88800000000001	36.72	78.37100000000002
96600.0	0.79824	4.7224	3.8624	55.278	54.855	36.54	78.168
97200.0	0.80928	4.7814	3.9112	54.237	53.885	34.91	78.16199999999998
97800.0	0.81376	4.8498	3.9768	54.102	53.302	31.64	79.89399999999998
98400.0	0.8251200000000001	5.2028	4.3174	58.322	56.33	25.54	82.594
99000.0	0.8185600000000001	5.2926	4.4162	59.788	58.681	21.68	85.84100000000002
99600.0	0.7884800000000001	5.0474	4.1998	57.827	57.169	26.5	85.803
100200.0	0.77328	4.7672	3.9334	55.737	55.124	33.49	82.921
100800.0	0.7776	4.7476	3.9114	54.254	53.871	36.86	80.25399999999998
101400.0	0.7896	4.7688	3.9196	54.161	53.43899999999999	37.23	78.449
102000.0	0.79872	4.9448	4.086	58.328	56.236	36.22	78.03
102600.0	0.79184	5.1334	4.2810000000000015	59.982	58.106	38.9	76.89399999999998
103200.0	0.8088	5.0208	4.1548	57.639	56.886	36.88	76.925
103800.0	0.8048	4.819	3.955	55.77	55.304	35.86	78.11
104400.0	0.8166399999999999	4.7722	3.8952	54.784	54.522	31.74	79.455
105000.0	0.8134399999999999	4.7992	3.9284	54.43899999999999	54.312	29.77	81.355
105600.0	0.80304	4.7364	3.8736	54.459	54.418	30.78	81.94
106200.0	0.77968	4.7780000000000005	3.9396	54.728	54.758	35.87	81.069
106800.0	0.7816	4.7118	3.872	55.20399999999999	55.255	38.9	78.345
107400.0	0.79696	4.7856	3.9298	55.593	55.525	38.05	77.12
108000.0	0.79296	4.7684	3.917	55.302	54.882	38.72	76.929
108600.0	0.78192	4.7378	3.897	53.843	53.25899999999999	43.77	74.749
109200.0	0.7888	4.915	4.0678	55.07899999999999	53.153	44.2	73.543
109800.0	0.76176	5.2654	4.4444	58.9	55.768	54.23	69.455
110400.0	0.76144	5.357	4.5364	59.428	55.885	61.62	64.211
111000.0	0.79376	5.4110000000000005	4.5568	59.865	56.72	58.54	62.594
111600.0	0.784	5.4234	4.5804	60.824	57.669	63.21	60.85
112200.0	0.82896	5.2948	4.4074	59.309	57.542	54.91	61.88800000000001
112800.0	0.8363200000000001	4.9528	4.0596	56.192	55.541	46.29	67.135
113400.0	0.7984	4.7718	3.9142	54.581	54.107	50.48	68.444
114000.0	0.8184	4.795	3.9186	53.742	53.544	45.89	69.574
114600.0	0.7873600000000001	4.7346	3.8882	53.86	53.317	50.38	69.71
115200.0	0.81184	5.0652	4.1924	57.551	54.972	46.6	69.33
115800.0	0.80608	5.2606	4.394	59.455	56.685	45.2	71.215
116400.0	0.79872	5.3732	4.5136	60.125	57.149	46.64	70.498
117000.0	0.8033600000000001	5.447	4.584	60.932	57.982	45.28	71.26899999999998
117600.0	0.80352	5.332999999999998	4.472	59.24	57.401	45.12	71.485
118200.0	0.8144	5.0218	4.1506	55.252	54.447	41.27	73.024
118800.0	0.80992	4.8154	3.9468	53.652	52.752	40.22	74.48899999999998
119400.0	0.79632	5.047	4.1922	57.31399999999999	54.654	42.16	74.582
120000.0	0.78368	5.3668	4.521	59.706	56.887	45.24	73.407
120600.0	0.78832	5.4682	4.618	60.61	57.547	46.63	71.61399999999998
121200.0	0.7934399999999999	5.4688	4.6134	61.055	57.865	47.56	70.2
121800.0	0.80704	5.3494	4.4832	59.437	57.429	45.96	70.58
122400.0	0.7992	4.9572	4.0992	55.38	54.713	47.32	70.625
123000.0	0.80224	4.7892	3.9278	53.933	53.622	45.79	71.437
123600.0	0.79632	4.7646	3.9078	53.504	53.352	46.86	71.428
124200.0	0.8032	4.7702	3.9078	53.508	53.435	45.83	70.685
124800.0	0.81376	4.783	3.9088	53.699	53.677	42.53	72.253
125400.0	0.79952	4.7402	3.8814	53.926	53.882	43.44	73.468
126000.0	0.7904	4.7638	3.9152	53.914	53.713	45.87	72.385
126600.0	0.81392	4.7162	3.8442	54.424	53.44	42.09	72.39
127200.0	0.81552	4.982	4.1062	58.537	56.236	38.59	74.734
127800.0	0.7976	5.2188	4.3608	60.39100000000001	57.82	40.45	75.527
128400.0	0.80288	5.1416	4.2802	58.018	57.069	40.02	74.734
129000.0	0.8123199999999999	4.9042	4.0318	55.431	54.847	37.22	76.297
129600.0	0.79984	4.7372	3.8772	54.162	53.816	37.83	77.47399999999998
130200.0	0.7913600000000001	4.8236	3.9716	54.149	53.537	39.69	76.991
130800.0	0.78272	5.0504	4.2068	58.208	56.152	43.31	74.709
131400.0	0.78432	5.2206	4.3772	59.682	58.083	45.92	72.554
132000.0	0.7896	5.0278	4.18	57.345	56.538	47.69	70.874
132600.0	0.79888	4.7984	3.9402	55.464	54.883	46.77	70.472
133200.0	0.80384	4.7834	3.9202	54.108	53.684	45.76	70.47
133800.0	0.8094399999999999	4.7834	3.9148	54.938	53.772	43.96	71.638
134400.0	0.80688	5.0374	4.169	59.049	57.157	43.09	72.645
135000.0	0.80432	5.0768	4.2122	59.42	58.319	42.49	73.358
135600.0	0.80304	4.8482	3.9844	57.223	56.754	43.06	73.361
136200.0	0.8064	4.7606	3.8944	56.007	55.602	41.31	74.21
136800.0	0.80256	4.7702	3.907	54.969	54.569	41.24	74.608
137400.0	0.81392	4.7792	3.9062	54.029	53.687	37.23	75.931
138000.0	0.80912	4.8412	3.9744	54.958	53.56	36.16	77.358
138600.0	0.78832	5.1386	4.289	59.011	56.593	38.74	77.47399999999998
139200.0	0.78864	5.3146	4.4654	60.118	57.56399999999999	40.83	75.806
139800.0	0.7864	5.209	4.3610000000000015	57.526	56.594	43.62	74.096
140400.0	0.7884800000000001	4.9842	4.1368	54.825	54.218	44.95	72.934
141000.0	0.77536	4.8372	4.0044	54.174	53.119	51.16	70.243
141600.0	0.7953600000000001	5.0872	4.2336	58.18899999999999	55.643	49.95	68.54
142200.0	0.80192	5.3024	4.4398	60.547	57.93600000000001	48.41	68.54
142800.0	0.80656	5.1818	4.3148	58.155	57.225	47.88	69.17699999999999
143400.0	0.80128	4.9188	4.06	55.526	54.857	48.97	69.45
144000.0	0.7976	4.72	3.8638	53.984	53.554	49.64	69.45
144600.0	0.8096	4.953	4.0824	55.525	54.07100000000001	46.6	69.959
145200.0	0.80992	5.1722	4.3034	59.40600000000001	57.44600000000001	44.4	71.46300000000002
145800.0	0.8048	5.1436	4.279	59.067	57.896	44.04	72.372
146400.0	0.8024	4.9218	4.062	56.277	55.548	44.35	72.473
147000.0	0.8156800000000001	4.78	3.9048	54.413	53.88800000000001	40.47	73.803
147600.0	0.80608	4.7512	3.886	54.535	53.199	39.57	75.403
148200.0	0.79792	5.1226	4.2654	58.664	56.24	40.69	75.402
148800.0	0.79664	5.3444	4.4892	60.21100000000001	57.99	40.26	75.668
149400.0	0.7862399999999999	5.1596	4.317	57.548	56.786	44.43	73.583
150000.0	0.80176	4.9376	4.0766	55.347	54.82100000000001	42.1	73.278
150600.0	0.80128	4.7616	3.902	53.999	53.58600000000001	42.61	73.279
151200.0	0.7894399999999999	4.783	3.9326	55.633	53.754	45.2	72.645
151800.0	0.78	5.1526	4.313	59.058	56.40600000000001	49.36	70.721
152400.0	0.77184	5.3146	4.4834	59.746	57.112	55.31	67.446
153000.0	0.7984	5.3896	4.53	60.41	58.003	54.41	65.36
153600.0	0.81984	5.1536	4.2738	57.43	56.554	48.24	67.57
154200.0	0.8086399999999999	4.912	4.0454	55.4	54.828	48.52	68.896
154800.0	0.7992	4.7724	3.9134	54.094	53.77	48.93	69.743
155400.0	0.79808	4.7664	3.9096	53.743	53.712	49.27	69.012
156000.0	0.80304	4.7738	3.9102	54.119	54.139	48.29	68.947
156600.0	0.82224	4.7178	3.8352	54.313	54.183	41.89	71.295
157200.0	0.8156800000000001	4.8052	3.9304	53.955	53.752	39.61	74.358
157800.0	0.80704	4.6948	3.8294	54.214	53.293	39.98	75.095
158400.0	0.80288	4.9714	4.109	58.287	55.858	39.16	75.95100000000002
159000.0	0.79792	5.2228	4.3646	59.848	57.54600000000001	40.04	75.95
159600.0	0.78896	5.1718	4.323	58.239	57.28100000000001	42.47	74.649
160200.0	0.7976	4.9316	4.0742	55.735	55.147	42.18	73.936
160800.0	0.79632	4.744	3.888	54.355	53.919	42.81	73.733
161400.0	0.78176	4.8024	3.9618	54.087	53.092	48.14	71.714
162000.0	0.7759999999999999	5.069	4.2322	58.056	55.247	52.77	68.80199999999999
162600.0	0.7801600000000001	5.3256	4.4868	59.942	56.976000000000006	55.7	66.137
163200.0	0.78752	5.4126	4.5662	60.68899999999999	57.381	57.77	64.017
163800.0	0.82304	5.4442	4.5636	60.518	58.017	50.88	64.964
164400.0	0.8024	5.1486	4.2888	56.723	55.659	52.15	66.986
165000.0	0.80176	4.8568	3.9958	54.63800000000001	54.289	52.57	66.301
165600.0	0.82704	4.8002	3.915	54.361	54.288	45.57	68.705
166200.0	0.8328	4.7466	3.8572	54.48	54.375	38.86	72.77600000000002
166800.0	0.81824	4.8432	3.966	54.441	54.29600000000001	37.12	75.845
167400.0	0.80752	4.7324	3.8688	54.23	54.032	37.66	76.82
168000.0	0.8008	4.8032	3.9432	53.774	53.482	37.9	77.31
168600.0	0.8011199999999999	4.876	4.0152	55.64100000000001	53.94	37.75	77.313
169200.0	0.80064	5.1924	4.3332	59.213	56.922	37.81	77.31
169800.0	0.7924800000000001	5.3384	4.4858	60.539	57.944	39.43	77.115
170400.0	0.78304	5.2084	4.3676	58.40600000000001	57.21100000000001	43.0	75.084
171000.0	0.7761600000000001	4.8852	4.05	55.056	54.247	48.56	72.131
171600.0	0.78064	4.7664	3.9278	53.992	52.842	52.03	69.127
172200.0	0.7993600000000001	5.1312	4.2712	57.965	55.307	49.66	68.31
172800.0	0.80576	5.2994	4.435	60.091	57.682	48.54	68.515
173400.0	0.81408	5.1532	4.2794	58.18	57.539	45.64	70.141
174000.0	0.81584	4.909	4.0362	56.24	55.701	42.96	71.967
174600.0	0.81184	4.7410000000000005	3.871	54.899	54.452	41.28	73.586
175200.0	0.81952	4.8224	3.9444	54.021	53.809	36.57	75.574
175800.0	0.8163199999999999	4.7382	3.8646	53.878	53.83600000000001	34.23	77.975
176400.0	0.80128	4.7954	3.9352	54.06100000000001	54.04	35.29	79.318
177000.0	0.7996800000000001	4.7618	3.9012	54.213	54.121	35.49	78.544
177600.0	0.80912	4.7194	3.852	54.049	53.837	33.11	79.712
178200.0	0.80096	4.8536	3.9948	53.825	53.364	33.62	80.368
178800.0	0.79776	5.0964	4.2378	57.478	55.365	33.81	80.365
179400.0	0.7971199999999999	5.3342	4.4792	59.99	57.819	34.03	80.363
180000.0	0.79488	5.2182	4.364	58.04	57.232	34.54	79.617
180600.0	0.7881600000000001	4.9892	4.1442	55.535	54.824	37.42	78.304
181200.0	0.76064	4.7354	3.9164	53.687	53.119	48.24	74.182
181800.0	0.76512	4.728	3.9028	55.593	53.37600000000001	54.8	68.818
182400.0	0.77328	5.0968	4.2634	58.807	55.735	57.97	65.532
183000.0	0.8083199999999999	5.3556	4.488	60.14100000000001	57.364	52.94	64.917
183600.0	0.81872	5.2966	4.4198	59.521	58.409	49.71	66.869
184200.0	0.8072	4.9962	4.1296	57.431	56.932	49.95	68.009
184800.0	0.80784	4.791	3.9254	56.08	55.56100000000001	47.97	69.11399999999999
185400.0	0.8126399999999999	4.7852	3.9128	54.74100000000001	54.313	45.43	70.488
186000.0	0.81408	4.7962	3.9228	53.969	53.828	43.05	72.226
186600.0	0.81968	4.762	3.8836	53.935	53.842	39.24	74.215
187200.0	0.81152	4.7866	3.9172	53.777	53.538	37.3	76.42699999999998
187800.0	0.80816	4.9408	4.0738	55.57100000000001	53.985	37.13	77.02
188400.0	0.7992	5.2696	4.409	59.242	56.968	37.07	77.991
189000.0	0.79456	5.3870000000000005	4.5310000000000015	60.601000000000006	58.188	37.93	77.709
189600.0	0.7864	5.1602	4.315	57.54	56.523	40.96	76.062
190200.0	0.77056	4.8602	4.0322	54.566	53.812	48.46	72.858
190800.0	0.76544	4.7042	3.8808	54.599	52.88	55.82	68.282
191400.0	0.7851199999999999	5.0458	4.2018	58.598	55.385	56.29	65.313
192000.0	0.79856	5.32	4.4604	59.77	56.723	54.52	64.885
192600.0	0.8104	5.4362	4.5662	60.768	57.924	52.63	65.282
193200.0	0.81216	5.224	4.3528	58.273	57.399	50.85	67.015
193800.0	0.81552	4.9526	4.0782	55.926	55.276	47.98	68.732
194400.0	0.81424	4.8052	3.9314	54.412	54.005	44.94	70.508
195000.0	0.81104	4.7754	3.905	53.747	53.56399999999999	43.67	72.145
195600.0	0.81584	4.7672	3.8912	53.716	53.407	40.35	73.811
196200.0	0.8104	4.907	4.0366	57.128	55.145	38.16	75.877
196800.0	0.79584	5.2032	4.3454	59.673	57.556	40.4	76.07300000000002
197400.0	0.78784	5.2636	4.4156	59.112	57.55	42.91	74.738
198000.0	0.7931199999999999	5.0338	4.184	55.957	55.349	44.04	73.315
198600.0	0.80992	4.8234	3.953	54.379	53.958	41.28	73.382
199200.0	0.792	4.806	3.955	54.005	53.132	42.72	74.445
199800.0	0.7784	5.1182	4.28	57.817	55.097	48.96	71.35
200400.0	0.77984	5.3018	4.463	59.617	56.649	51.58	69.233
201000.0	0.7776	5.3946	4.5568	60.03100000000001	56.762	55.7	66.491
201600.0	0.7974399999999999	5.4504	4.5934	60.297	57.135	54.93	64.857
202200.0	0.8086399999999999	5.3934	4.5286	60.13	58.18899999999999	52.05	66.078
202800.0	0.80048	4.9956	4.1362	57.117	56.303	52.67	66.899
203400.0	0.80592	4.7882	3.922	55.175	54.56	51.82	66.89399999999999
204000.0	0.8113600000000001	4.7816	3.912	53.863	53.493	48.97	68.217
204600.0	0.80624	4.8736	4.0082	55.952	54.309	47.78	69.665
205200.0	0.79728	5.1258	4.2698	59.466	57.41	48.5	70.164
205800.0	0.8076800000000001	5.1366	4.2686	58.849	57.657	46.59	70.168
206400.0	0.81216	4.859	3.9858	56.08	55.361	44.28	71.483
207000.0	0.8073600000000001	4.769	3.9032	54.353	53.832	43.6	72.53399999999998
207600.0	0.81152	4.7612	3.8884	54.639	53.258	41.22	73.727
208200.0	0.80928	5.0824	4.2126	58.81	56.232	39.9	74.65100000000002
208800.0	0.8128	5.2914	4.4192	60.147	57.633	36.92	76.41
209400.0	0.80032	5.167000000000002	4.3074	57.659	56.76300000000001	38.08	77.029
210000.0	0.79424	4.9178	4.0664	55.17	54.628	39.63	76.729
210600.0	0.7888	4.7374	3.8896	54.023	53.69300000000001	42.18	75.28699999999998
211200.0	1.2264	5.4468	4.1604	54.699	53.477	47.96	65.43
211800.0	0.94144	5.4846	4.4818	58.578	55.76300000000001	46.87	58.494
212400.0	0.85104	5.4572	4.5472	60.247	57.118	48.23	66.81
213000.0	0.8166399999999999	5.443	4.5652	60.844	57.687	51.61	69.086
213600.0	0.81296	5.2728	4.4004	58.519	57.252	49.52	70.798
214200.0	0.81504	4.9896	4.1162	55.911	55.499	46.25	72.824
214800.0	0.79776	4.7648	3.9094	55.272	55.04600000000001	49.28	72.699
215400.0	0.8126399999999999	4.8026	3.9304	54.985	54.802	44.55	74.188
216000.0	0.7862399999999999	4.7626	3.918	54.63800000000001	54.38	48.74	74.069
216600.0	0.81072	4.732	3.8612	54.06	53.78100000000001	44.97	73.525
217200.0	0.80608	4.784	3.9174	53.679	53.12	44.39	74.75800000000002
217800.0	0.81616	5.0352	4.1588	57.547	55.301	40.14	76.476
218400.0	0.7968	5.3039999999999985	4.4474	60.076	57.603	41.59	77.532
219000.0	0.79552	5.2068	4.3534	58.75	57.663	42.18	76.82200000000002
219600.0	0.79296	4.9014	4.052	56.118	55.526	44.15	75.705
220200.0	0.8016	4.7678	3.9044	54.843	54.472	43.41	74.777
220800.0	0.80816	4.7424	3.8776	54.099	53.785	41.93	75.77
221400.0	0.7959999999999999	4.8452	3.9896	54.197	53.287	44.17	75.76899999999998
222000.0	0.78464	5.1164	4.2724	58.323	55.887	46.31	74.815
222600.0	0.79088	5.3136	4.4636	59.938	57.752	46.67	73.184
223200.0	0.79456	5.2466	4.3908	58.691	57.465	46.88	72.501
223800.0	0.79472	4.9778	4.1246	55.679	54.92100000000001	48.83	71.237
224400.0	0.80752	4.7674	3.9014	54.028	53.596	45.76	72.009
225000.0	0.8083199999999999	4.9202	4.0512	55.345	53.802	45.24	72.66
225600.0	0.80064	5.1704	4.3108	59.273	56.996	45.12	73.59
226200.0	0.80656	5.2978	4.4328	60.191	58.507	43.97	73.592
226800.0	0.80064	5.09	4.2316	57.315	56.761	44.21	74.517
227400.0	0.8036800000000001	4.917	4.0539999999999985	55.83600000000001	55.37	43.59	74.622
228000.0	0.80592	4.7672	3.9012	54.683	54.278	42.62	75.046
228600.0	0.81024	4.798	3.9286	53.773	53.45	40.12	76.155
229200.0	0.8008	4.9084	4.0474	56.271	54.381	41.31	76.623
229800.0	0.79168	5.1846	4.3336	59.365	57.058	42.97	76.314
230400.0	0.7934399999999999	5.346	4.4946	60.24100000000001	58.083	43.33	75.211
231000.0	0.8016	5.1494	4.2904	56.702	55.721	43.08	74.62
231600.0	0.79184	4.9430000000000005	4.093	54.31800000000001	53.76	44.92	74.428
232200.0	0.7936	4.7752	3.9226	53.856	53.212	45.57	73.661
232800.0	0.7928	4.9372	4.0838	58.115	55.986	46.92	72.485
233400.0	0.78832	5.1358	4.2868	60.225	57.677	49.15	71.13600000000002
234000.0	0.7961600000000001	5.2008	4.3474	58.872	57.383	49.5	70.08800000000001
234600.0	0.8073600000000001	4.9732	4.1066	55.467	54.688	47.33	70.627
235200.0	0.80176	4.7826	3.92	53.911	53.378	47.75	71.47
235800.0	0.79696	4.9164	4.0588	57.13800000000001	55.062	48.15	71.68
236400.0	0.79456	5.18	4.3242	60.06	57.664	48.77	70.80400000000002
237000.0	0.816	5.0862	4.2126	57.881	57.127	44.81	71.533
237600.0	0.80656	4.8448	3.9792	55.648	55.06800000000001	44.41	73.426
238200.0	0.78672	4.7456	3.8992	54.072	53.569	48.5	72.336
238800.0	0.8112	4.831	3.9588	54.283	53.185	44.36	72.422
239400.0	0.8144	5.1516	4.277	58.694	56.485	41.1	74.736
240000.0	0.80032	5.3152	4.4564	60.404	58.437	43.43	75.05199999999998
240600.0	0.80448	5.0982	4.2336	57.609	56.754	42.26	75.44800000000002
241200.0	0.79472	4.8718	4.0174	55.511	54.933	43.5	75.639
241800.0	0.7824	4.7326	3.891	54.085	53.624	47.72	73.61
242400.0	0.78592	4.8994	4.0546	55.11600000000001	53.506	48.88	72.05400000000002
243000.0	0.78096	5.189	4.349	58.897	56.17	52.61	69.532
243600.0	0.78928	5.3254	4.4768	60.42100000000001	57.476000000000006	53.85	67.5
244200.0	0.80496	5.2404	4.3766	58.732	57.411	51.74	67.681
244800.0	0.80992	4.949	4.0814	55.699	54.947	49.98	68.69800000000001
245400.0	0.7952	4.7568	3.9024	54.008	53.524	51.23	69.559
246000.0	0.81376	4.865	3.991	55.49	53.962	47.95	69.712
246600.0	0.82176	5.099	4.2176	59.17100000000001	57.247	43.36	72.449
247200.0	0.8144	5.1548	4.2816	59.29600000000001	58.185	41.73	74.594
247800.0	0.80816	4.9594	4.0936	56.928	56.317	41.75	75.683
248400.0	0.81424	4.8144	3.9408	55.411	54.915	38.3	77.243
249000.0	0.80512	4.7658	3.9024	54.17100000000001	53.714	38.54	78.416
249600.0	0.79632	4.8228	3.9682	54.666	53.409	39.78	78.628
250200.0	0.78864	5.1096	4.2618	58.81399999999999	56.512	41.51	77.422
250800.0	0.78576	5.2776	4.431	60.383	57.879	44.62	75.262
251400.0	0.78432	5.1642	4.3214	58.252	57.015	46.96	73.872
252000.0	0.76832	4.8358	4.0098	54.84	53.924	54.6	69.993
252600.0	0.7729600000000001	4.7876	3.955	53.88800000000001	52.645	57.98	66.322
253200.0	0.81072	5.0588	4.188	58.292	55.718	52.99	65.814
253800.0	0.8136	5.183	4.3102	60.17	57.669	50.45	67.471
254400.0	0.8083199999999999	5.0236	4.1566	57.371	56.50100000000001	50.51	68.72800000000001
255000.0	0.8145600000000001	4.7888	3.9158	55.052	54.504	47.44	70.26899999999999
255600.0	0.81312	4.796	3.9228	53.855	53.572	45.16	72.155
256200.0	0.8176	4.7994	3.9242	55.662	54.355	41.99	74.2
256800.0	0.82624	5.0686	4.1834	59.465	57.602	35.97	77.311
257400.0	0.81616	5.0936	4.2184	59.006	58.149	34.56	79.889
258000.0	0.81024	4.9138	4.045	56.833	56.172	33.88	81.09100000000002
258600.0	0.8024	4.7778	3.9156	55.184	54.63399999999999	34.08	82.08200000000002
259200.0	0.80064	4.7166	3.8562	53.867	53.407	34.17	82.285
259800.0	0.79168	5.0368	4.1838	55.979	53.995	35.62	81.876
260400.0	0.7872	5.3326	4.4862	59.351000000000006	56.897	38.01	80.155
261000.0	0.7784	5.4144	4.5760000000000005	60.931	58.167	42.41	77.811
261600.0	0.77072	5.1234	4.294	57.721	56.677	48.6	74.045
262200.0	0.77984	4.7824	3.9444	54.965	54.322	50.68	71.10300000000002
262800.0	0.78128	4.7668	3.9264	53.524	52.862	52.35	69.292
263400.0	0.79552	4.85	3.996	56.3	53.984	51.83	67.921
264000.0	0.8163199999999999	5.099	4.223	59.695	57.467	48.13	68.298
264600.0	0.8278399999999999	5.0672	4.1776	58.992	58.19	43.53	71.218
265200.0	0.8227200000000001	4.8702	3.9894	57.04600000000001	56.479	40.43	74.453
265800.0	0.8219200000000001	4.7208	3.8408	55.595	55.091	37.35	76.999
266400.0	0.81584	4.8472	3.9718	54.44300000000001	54.04600000000001	34.25	79.798
267000.0	0.8088	4.7686	3.8998	53.743	53.43899999999999	34.41	80.973
267600.0	0.80128	5.0276	4.1676	56.775	55.088	34.34	81.811
268200.0	0.79872	5.2410000000000005	4.3824	59.83600000000001	57.918	34.92	81.81
268800.0	0.79328	5.1382	4.2876	57.883	57.152	35.9	81.39
269400.0	0.80512	4.9956	4.1328	55.76	55.181	34.16	80.766
270000.0	0.7944	4.878	4.0244	54.32	53.852	35.61	80.77
270600.0	0.77776	4.8208	3.9844	54.256	53.096	41.33	78.881
271200.0	0.76656	5.1448	4.3202	58.15600000000001	55.399	48.16	74.79
271800.0	0.76672	5.3292	4.5032	59.687	56.863	53.71	70.244
272400.0	0.7841600000000001	5.3889999999999985	4.5462	60.839	57.87300000000001	53.51	67.945
273000.0	0.78752	5.425	4.5768	61.246	57.931	55.23	66.31
273600.0	0.8112	5.3284	4.4574	59.37300000000001	57.56399999999999	52.04	66.238
274200.0	0.82144	4.9952	4.115	56.32899999999999	55.894	47.71	68.898
274800.0	0.8219200000000001	4.7764	3.8942	55.692	55.555	44.42	71.646
275400.0	0.81248	4.7752	3.9018	55.54	55.345	43.22	73.609
276000.0	0.81968	4.8172	3.9382	55.094	54.808	39.76	75.601
276600.0	0.8216	4.776	3.8954	54.451	54.131	35.32	78.607
277200.0	0.8073600000000001	4.8052	3.9402	53.705	53.265	36.34	79.947
277800.0	0.79888	4.9536	4.0944	56.526	54.447	37.59	79.946
278400.0	0.79392	5.2788	4.4264	59.553	57.208	38.56	79.946
279000.0	0.7912	5.346	4.4972	60.277	58.37600000000001	38.8	79.164
279600.0	0.8	5.103	4.2436	57.081	56.253	38.72	77.92
280200.0	0.7921600000000001	4.8622	4.0106	55.042	54.445	40.18	77.922
280800.0	0.78608	4.7524	3.9078	53.597	53.105	42.86	76.675
281400.0	0.78208	4.803	3.9628	55.82	53.749	46.79	74.127
282000.0	0.7881600000000001	5.0994	4.251	59.33600000000001	56.835	47.83	72.279
282600.0	0.79808	5.239	4.3808	60.378	58.356	47.04	71.475
283200.0	0.80288	4.9916	4.1284	57.428	56.576	46.98	70.98
283800.0	0.80352	4.755	3.8942	55.506	54.955	46.82	71.67
284400.0	0.80576	4.7856	3.9212	54.32899999999999	54.004	45.3	72.774
285000.0	0.80448	4.7762	3.9144	53.898	53.825	44.85	73.279
285600.0	0.81872	4.785	3.9068	54.101000000000006	54.117	39.36	75.456
286200.0	0.8113600000000001	4.7628	3.8904	54.483	54.496	38.2	77.47800000000002
286800.0	0.80656	4.7624	3.896	54.756	54.69	37.8	78.498
287400.0	0.79824	4.7662	3.907	54.643	54.396	38.68	79.08
288000.0	0.79776	4.7332	3.8768	53.975	53.599	38.99	78.63
288600.0	0.7952	4.7334	3.8792	54.968	53.505	39.39	78.188
289200.0	0.79504	5.0972	4.243	58.95	56.526	40.01	77.438
289800.0	0.7888	5.3372	4.4898	60.70399999999999	57.956	42.37	76.615
290400.0	0.77552	5.1712	4.3364	57.795	56.56800000000001	48.08	74.077
291000.0	0.76848	4.8386	4.0112	54.422	53.644	54.16	70.219
291600.0	0.77456	4.6742	3.8398	54.226000000000006	52.73	57.34	66.7
292200.0	0.79056	4.987	4.1368	58.465	55.494	57.66	64.34800000000001
292800.0	0.8105600000000001	5.252000000000002	4.382	60.538	57.976000000000006	54.05	64.762
293400.0	0.80064	5.0984	4.2414	57.898	56.983	55.49	65.796
294000.0	0.81472	4.8654	3.9918	55.53100000000001	54.861	51.7	67.087
294600.0	0.8185600000000001	4.7814	3.9042	54.019	53.603	48.49	69.075
295200.0	0.8134399999999999	4.8538	3.9806	55.3	54.111	47.31	70.89500000000002
295800.0	0.8145600000000001	5.089	4.2152	59.225	57.237	44.75	72.483
296400.0	0.8206399999999999	5.1934	4.314	59.49	57.878	40.23	74.97800000000002
297000.0	0.81504	5.0376	4.1648	56.42100000000001	55.66	38.74	77.047
297600.0	0.7881600000000001	4.8612	4.0152	54.322	53.71100000000001	43.88	76.857
298200.0	0.79888	4.782	3.9236	54.078	52.855	41.66	76.27
298800.0	0.8073600000000001	5.1434	4.2774	58.453	55.847	39.81	76.472
299400.0	0.7862399999999999	5.38	4.5338	60.287	57.38800000000001	44.06	76.23100000000002
300000.0	0.77888	5.4212	4.584	60.87300000000001	57.742	48.24	73.518
300600.0	0.76432	5.4092	4.5862	60.732	57.294	55.32	69.715
301200.0	0.7728	5.4278	4.5948	60.333	56.779	58.47	66.042
301800.0	0.78672	5.4270000000000005	4.581	60.18	56.68899999999999	59.42	63.68600000000001
302400.0	0.8113600000000001	5.3782	4.5072	60.734	57.792	55.51	64.055
303000.0	0.81088	5.0582	4.1894	57.909	57.164	53.88	65.803
303600.0	0.8166399999999999	4.7962	3.9214	55.889	55.23	50.92	67.592
304200.0	0.82144	4.82	3.94	54.19300000000001	53.698	47.6	69.59899999999999
304800.0	0.8216	4.8228	3.94	54.931	53.713	43.53	72.658
305400.0	0.81808	5.065	4.1864	58.979	56.847	41.22	74.818
306000.0	0.80896	5.1616	4.2928	59.526	57.899	39.86	76.76
306600.0	0.80576	4.9534	4.0904	56.553	55.775	40.6	77.03699999999998
307200.0	0.81488	4.7506	3.8774	54.665	54.155	36.16	78.887
307800.0	0.80896	4.8166	3.9478	53.9	53.227	35.74	79.868
308400.0	0.82144	5.0522	4.1706	57.819	55.705	29.93	82.302
309000.0	0.82016	5.237	4.3578	59.765	58.299	26.35	84.95700000000002
309600.0	0.80656	5.0444	4.1792	57.533	56.769	27.01	86.42200000000003
310200.0	0.78064	4.8052	3.9664	55.636	55.04	31.77	85.76100000000002
310800.0	0.77376	4.7226	3.8898	54.2	53.789	38.24	81.852
311400.0	0.79184	4.8039999999999985	3.9542	54.447	53.479	36.78	80.432
312000.0	0.7881600000000001	4.953	4.106	58.566	56.381	38.59	79.318
312600.0	0.7888	5.0966	4.2472	60.228	57.802	39.4	78.132
313200.0	0.7888	5.0734	4.226	58.79	57.558	41.37	76.885
313800.0	0.79392	4.8114	3.9582	55.662	55.062	42.7	75.202
314400.0	0.8116800000000001	4.767	3.8976	54.53	54.275	38.91	75.814
315000.0	0.8246399999999999	4.7942	3.91	54.244	54.127	33.09	78.958
315600.0	0.80448	4.7418	3.879	54.289	54.25899999999999	35.54	80.244
316200.0	0.79168	4.7878	3.9362	54.56	54.563	38.28	79.436
316800.0	0.79584	4.7452	3.8892	54.841	54.819	37.41	79.23100000000002
317400.0	0.7944	4.7394	3.8864	54.992	54.918	38.49	78.548
318000.0	0.79552	4.7966	3.942	54.879	54.65600000000001	38.78	78.258
318600.0	0.80016	4.7506	3.8914	54.242	53.837	38.59	77.851
319200.0	0.8033600000000001	4.8644	4.0012	54.408	53.164	38.22	77.648
319800.0	0.79568	5.2036	4.3478	58.57100000000001	55.987	39.42	78.157
320400.0	0.78176	5.3456	4.5032	60.578	57.687	44.08	75.92
321000.0	0.77072	5.3806	4.5498	61.191	57.881	50.19	72.416
321600.0	0.7721600000000001	5.4254	4.5938	61.03100000000001	57.598	54.37	68.895
322200.0	0.78576	5.435	4.5906	60.969	57.985	55.52	66.414
322800.0	0.8011199999999999	5.1178	4.259	57.543	56.614	53.51	66.133
323400.0	0.82576	4.8302	3.9456	55.361	54.8	48.09	67.77
324000.0	0.8233600000000001	4.8214	3.937	54.2	53.934	44.51	71.125
324600.0	0.8105600000000001	4.7558	3.8844	53.927	53.816	44.78	73.044
325200.0	0.81792	4.7638	3.887	53.81800000000001	53.608	40.88	74.97
325800.0	0.81088	4.7314	3.8612	55.214	53.894	39.28	77.11200000000002
326400.0	0.8032	5.0164	4.1544	58.99800000000001	56.865	39.68	77.513
327000.0	0.7984	5.181	4.323	60.295	58.215	39.73	78.221
327600.0	0.79984	5.003	4.1454	57.424	56.474	39.79	77.471
328200.0	0.81184	4.767	3.896	55.128	54.529	37.2	78.366
328800.0	0.7872	4.8012	3.9564	53.894	53.28100000000001	41.52	78.087
329400.0	0.80496	4.9486	4.0832	57.034	54.822	38.72	77.517
330000.0	0.8024	5.2034	4.341	59.823	57.268	38.9	78.102
330600.0	0.77776	5.239	4.4022	59.529	57.62	44.06	77.003
331200.0	0.7568	4.905	4.0912	55.276	54.35	54.61	71.23899999999998
331800.0	0.77632	4.68	3.8436	53.691	52.854	55.35	67.881
332400.0	0.78752	4.8376	3.9888	57.432	54.628	55.6	65.987
333000.0	0.80848	5.109	4.2396	59.69	56.725	52.62	66.279
333600.0	0.80784	5.265	4.3956	60.762	57.862	52.2	67.109
334200.0	0.80208	5.1036	4.2418	57.861	57.015	52.51	67.431
334800.0	0.812	4.8678	3.9964	56.041	55.74	50.06	68.352
335400.0	0.8211200000000001	4.775	3.8942	55.619	55.426	44.85	71.362
336000.0	0.8185600000000001	4.8032	3.927	55.172	54.874	43.03	73.467
336600.0	0.8212799999999999	4.7956	3.916	54.42	54.025	39.1	76.34
337200.0	0.80224	4.7882	3.9258	54.121	53.17100000000001	41.23	77.057
337800.0	0.80976	5.127000000000002	4.258	58.24	55.772	38.5	78.03399999999998
338400.0	0.792	5.3608	4.5106	60.005	57.432	40.75	78.242
339000.0	0.77776	5.4238	4.587	60.996	57.916	46.22	75.523
339600.0	0.78384	5.4166	4.5734	60.995	57.69600000000001	48.04	73.061
340200.0	0.7688	5.381	4.5538	60.756	57.326	54.67	69.949
340800.0	0.78528	5.3648	4.5198	60.453	57.081	57.48	65.702
341400.0	0.792	5.4174	4.5672	60.841	57.46100000000001	56.17	65.702
342000.0	0.81488	5.4622	4.5862	60.935	57.663	52.48	66.036
342600.0	0.82704	5.3944	4.5088	60.136	58.223	47.12	69.028
343200.0	0.83344	5.0932	4.2028	57.264	56.774	40.55	73.348
343800.0	0.82704	4.883	3.9982	56.085	55.685	37.11	76.85
344400.0	0.81872	4.7796	3.902	55.195	54.819	34.58	79.67699999999998
345000.0	0.80608	4.7752	3.9118	54.328	53.92	35.53	80.798
345600.0	0.79728	4.8322	3.974	54.029	53.232	36.9	80.8
346200.0	0.812	5.091	4.2182	58.07100000000001	55.935	32.93	81.508
346800.0	0.8105600000000001	5.2516	4.3818	59.904	58.234	30.94	83.134
347400.0	0.80032	5.0644	4.205	57.758	56.94600000000001	31.79	83.846
348000.0	0.80896	4.8084	3.9402	55.865	55.361	29.94	83.84200000000001
348600.0	0.7913600000000001	4.7602	3.9088	54.809	54.452	31.57	84.552
349200.0	0.79184	4.7566	3.9058	54.036	53.718	33.18	82.927
349800.0	0.80416	4.827	3.9638	54.278	53.377	30.66	82.929
350400.0	0.8206399999999999	5.05	4.1702	58.552	56.627	25.33	85.055
351000.0	0.8204799999999999	5.1082	4.2294	59.764	58.57	21.17	87.899
351600.0	0.81504	4.8822	4.0074	57.782	57.303	18.92	89.831
352200.0	0.80272	4.763	3.9006	56.379	55.951	18.91	90.964
352800.0	0.8113600000000001	4.7542	3.8808	55.362	55.047	17.33	91.601
353400.0	0.80592	4.7944	3.9298	54.707	54.435	16.85	93.008
354000.0	0.7924800000000001	4.7314	3.8804	54.137	53.87	18.28	92.799
354600.0	0.7881600000000001	4.7912	3.9428	53.919	53.378	20.21	91.132
355200.0	0.78896	5.127000000000002	4.2786	57.932	56.169	22.2	89.823
355800.0	0.7822399999999999	5.2482	4.4074	59.769	58.545	27.21	87.821
356400.0	0.7662399999999999	5.0398	4.2148	57.646	57.075	35.34	83.902
357000.0	0.7582399999999999	4.8122	3.9938	56.157	55.82100000000001	43.01	79.041
357600.0	0.7664	4.715	3.8908	55.678	55.525	47.93	73.959
358200.0	0.7808	4.7242	3.8838	55.379	55.084	49.06	71.2
358800.0	0.7896	4.7568	3.908	54.495	54.01600000000001	49.27	69.767
359400.0	0.80272	4.8252	3.9618	53.972	52.879	47.66	69.458
360000.0	0.8185600000000001	5.1326	4.256	57.93600000000001	55.12300000000001	45.25	70.578
360600.0	0.81728	5.358	4.4804	59.789	57.055	43.0	72.684
361200.0	0.8227200000000001	5.433	4.5504	60.337	58.286	38.37	75.404
361800.0	0.8166399999999999	5.204	4.3298	57.609	56.847	36.68	77.937
362400.0	0.80928	4.998	4.1314	55.993	55.539	36.61	79.393
363000.0	0.80528	4.8162	3.9514	55.014	54.609	36.57	79.78699999999998
363600.0	0.80176	4.7639999999999985	3.904	54.107	53.734	36.29	80.509
364200.0	0.7976	4.8428	3.9874	54.284	53.277	36.69	80.691
364800.0	0.79584	5.1542	4.298	58.38	56.102	37.08	80.032
365400.0	0.7936	5.3498	4.498	60.153	57.93600000000001	38.02	79.419
366000.0	0.78688	5.2094	4.3636	58.005	57.181	41.23	77.742
366600.0	0.768	4.9324	4.1064	55.469	54.779	49.23	74.243
367200.0	0.76784	4.7414	3.9154	53.812	53.205	54.34	69.976
367800.0	0.7752	4.9122	4.0774	56.435	54.277	57.08	66.37100000000001
368400.0	0.7841600000000001	5.1006	4.2556	59.332	56.701	58.57	64.156
369000.0	0.80976	5.2764	4.407	60.412	57.301	56.42	63.175
369600.0	0.8284799999999999	5.3032	4.4176	59.706	58.105	49.86	66.35600000000001
370200.0	0.82944	5.0378	4.1492	56.95	56.42	44.94	70.185
370800.0	0.81712	4.8084	3.932	55.62	55.223	43.67	73.078
371400.0	0.79904	4.7624	3.9054	54.715	54.375	46.17	73.679
372000.0	0.8252799999999999	4.8232	3.9378	53.953	53.605	39.22	75.247
372600.0	0.82176	4.852	3.9696	54.937	53.521	35.25	78.56000000000002
373200.0	0.79776	5.1958	4.3368	58.903	56.354	37.71	79.785
373800.0	0.79568	5.3696	4.5134	60.024	57.46	38.47	78.811
374400.0	0.7921600000000001	5.3526	4.5026	59.757	57.96	39.12	78.717
375000.0	0.78784	5.039	4.1922	56.279	55.54	41.84	77.234
375600.0	0.78656	4.766	3.921	54.343	53.824	44.55	75.514
376200.0	0.77632	4.8004	3.963	54.34	53.154	48.91	72.843
376800.0	0.7792	5.0282	4.1862	58.41	55.593	52.04	70.053
377400.0	0.78992	5.229	4.3776	59.549	56.632	52.99	67.995
378000.0	0.79824	5.3466	4.4894	59.928	57.122	52.03	67.51
378600.0	0.81488	5.3916	4.516	60.229	58.273	48.81	68.227
379200.0	0.8166399999999999	5.1082	4.2326	57.425	56.691	46.54	70.61
379800.0	0.8096	4.8352	3.9676	55.6	55.028	46.42	71.743
380400.0	0.8211200000000001	4.8042	3.924	54.275	53.856	41.34	74.307
381000.0	0.8176	4.7378	3.8616	54.106	53.338	38.46	76.83800000000002
381600.0	0.81024	4.9922	4.121	58.206	56.13	38.11	78.23899999999998
382200.0	0.7976	5.2058	4.3474	59.773	58.129	39.51	78.808
382800.0	0.79168	5.0832	4.2336	57.445	56.622	40.45	78.258
383400.0	0.79072	4.8906	4.0406	55.543	55.038	42.0	77.14399999999998
384000.0	0.79104	4.7528	3.9034	54.425	54.058	43.81	75.831
384600.0	0.78672	4.7612	3.9166	53.74	53.271	45.64	74.74600000000002
385200.0	0.77584	4.9752	4.1412	56.856	54.486	51.37	71.766
385800.0	0.7792	5.1718	4.3336	59.422	56.444	54.09	69.132
386400.0	0.7768	5.2844	4.4472	60.002	56.668	58.49	65.999
387000.0	0.80512	5.3978	4.5316	60.652	57.684	54.71	65.479
387600.0	0.81696	5.233	4.3566	58.772	57.83600000000001	51.86	66.80199999999999
388200.0	0.82496	4.9216	4.0382	56.684	56.111	46.88	69.89399999999999
388800.0	0.81008	4.7694	3.8996	55.188	54.647	47.52	71.467
389400.0	0.8211200000000001	4.7776	3.8964	53.933	53.563	42.37	73.971
390000.0	0.8144	4.9182	4.0424	55.313	53.89100000000001	41.39	75.715
390600.0	0.81472	5.2242	4.3508	59.18899999999999	57.144	38.66	77.459
391200.0	0.79808	5.2976	4.4408	59.658	58.082	39.68	78.743
391800.0	0.7959999999999999	5.0798	4.2256	56.877	56.17100000000001	40.44	77.833
392400.0	0.8088	4.8682	4.0002	55.115	54.62600000000001	38.1	78.234
393000.0	0.79168	4.7612	3.908	54.003	53.604	40.72	78.73899999999998
393600.0	0.78096	4.7646	3.9252	55.045	53.565	45.08	76.41
394200.0	0.78464	5.0208	4.176	58.91	56.364	46.47	74.32300000000002
394800.0	0.7761600000000001	5.2042	4.3686	60.306	57.273	50.67	71.915
395400.0	0.78192	5.3506	4.5088	60.596	57.476000000000006	53.67	68.936
396000.0	0.79952	5.3898	4.53	60.37	58.14	51.84	68.095
396600.0	0.8083199999999999	5.0286	4.1628	56.969	56.128	51.01	68.604
397200.0	0.8193600000000001	4.7892	3.909	55.108	54.621	46.24	70.852
397800.0	0.8176	4.7712	3.8936	54.02	53.655	43.77	73.156
398400.0	0.8134399999999999	4.8166	3.9428	54.703	53.57100000000001	42.42	74.88600000000002
399000.0	0.80752	5.1236	4.2574	58.851000000000006	56.82899999999999	41.42	76.271
399600.0	0.81392	5.2606	4.3886	59.681	58.225	38.52	77.632
400200.0	0.81024	5.1082	4.2388	57.379	56.82899999999999	36.36	79.725
400800.0	0.7888	4.909	4.0614	55.88800000000001	55.444	40.46	79.48100000000002
401400.0	0.79856	4.7532	3.8956	54.834	54.489	39.78	77.916
402000.0	0.8113600000000001	4.771	3.9008	54.095	53.788	36.36	79.491
402600.0	0.7873600000000001	4.8138	3.9674	54.063	53.32899999999999	40.68	79.354
403200.0	0.78288	5.0482	4.2054	58.19	55.852	43.4	76.805
403800.0	0.79184	5.247000000000001	4.3962	60.094	57.625	43.39	75.494
404400.0	0.77664	5.2632	4.4264	59.68899999999999	57.706	48.57	73.711
405000.0	0.77568	4.9689999999999985	4.1348	55.76600000000001	55.053	53.21	70.14399999999999
405600.0	0.7936	4.763	3.91	54.34	54.075	52.77	68.204
406200.0	0.80784	4.7866	3.92	54.003	53.797	50.52	68.446
406800.0	0.8123199999999999	4.7576	3.8862	53.828	53.393	48.28	70.199
407400.0	0.8126399999999999	5.0936	4.2208	57.385	55.245	45.99	71.873
408000.0	0.81072	5.312	4.442	59.971	57.831	44.54	73.37
408600.0	0.8123199999999999	5.2044	4.3322	58.335	57.769	42.47	74.67
409200.0	0.8116800000000001	5.009	4.138	56.849	56.51	40.01	76.656
409800.0	0.80128	4.8132	3.9526	55.99800000000001	55.662	41.53	76.94800000000002
410400.0	0.8033600000000001	4.7786	3.9154	55.214	54.859	40.61	77.453
411000.0	0.78976	4.7608	3.9116	54.283	53.857	42.85	76.955
411600.0	0.80128	4.7732	3.9116	54.359	53.28100000000001	41.65	76.10600000000002
412200.0	0.81504	5.0946	4.2194	58.449	56.179	37.42	77.664
412800.0	0.79168	5.3326	4.4816	60.542	57.965	40.48	78.094
413400.0	0.76672	5.1342	4.3072	57.274	56.307	49.52	74.518
414000.0	0.77856	4.8682	4.0314	54.831	54.382	51.7	71.38600000000002
414600.0	0.78288	4.7372	3.8956	54.00100000000001	53.729	53.92	68.749
415200.0	0.7881600000000001	4.7748	3.9272	54.161	53.35	54.21	67.792
415800.0	0.78976	5.005	4.1546	58.2	55.471	56.6	65.792
416400.0	0.8086399999999999	5.2552	4.3864	59.804	56.94300000000001	53.53	65.779
417000.0	0.8248	5.3466	4.4636	59.92100000000001	58.105	48.27	68.407
417600.0	0.81968	5.1004	4.2208	57.286	56.856	45.45	71.49
418200.0	0.81904	4.8818	4.005	56.24	55.868	43.07	73.633
418800.0	0.82016	4.7688	3.8898	55.306	54.85	38.8	76.642
419400.0	0.79056	4.729	3.8784	54.11	53.63399999999999	43.43	76.672
420000.0	0.80512	4.9602	4.0944	54.82100000000001	53.317	41.03	76.681
420600.0	0.7854399999999999	5.2724	4.4272	58.745	56.003	45.4	75.767
421200.0	0.7976	5.42	4.5634	60.132	57.435	43.95	74.773
421800.0	0.79648	5.3556	4.4976	59.582	57.922	44.2	74.77600000000002
422400.0	0.78784	5.043	4.1978	56.139	55.408	46.97	73.749
423000.0	0.7864	4.7776	3.9318	54.187	53.637	49.5	72.024
423600.0	0.78784	4.8836	4.0364	55.03100000000001	53.385	50.88	70.48400000000002
424200.0	0.77328	5.1124	4.2806	58.841	55.804	57.29	67.472
424800.0	0.77936	5.2756	4.4374	59.627	56.445	59.81	64.751
425400.0	0.7959999999999999	5.3889999999999985	4.5312	60.33600000000001	57.3	59.51	62.917
426000.0	0.81712	5.3068	4.4298	59.489	57.967	54.73	64.604
426600.0	0.82544	4.9788	4.0946	56.66	56.003	50.07	67.39
427200.0	0.82896	4.8076	3.9218	55.075	54.598	44.99	71.062
427800.0	0.81296	4.7612	3.8898	53.986	53.58	43.59	74.157
428400.0	0.80816	4.9216	4.0532	55.049	53.502	44.09	73.973
429000.0	0.81584	5.2774	4.4012	59.039	56.658	40.78	75.98
429600.0	0.81376	5.3714	4.4998	59.882	58.065	38.73	77.703
430200.0	0.80848	5.1794	4.3138	57.339	56.449	37.36	79.24600000000002
430800.0	0.79424	4.9364	4.0834	55.352	54.816	39.46	79.582
431400.0	0.78656	4.7292	3.8856	54.157	53.783	41.76	78.293
432000.0	0.77968	4.783	3.9452	54.279	53.273	46.14	75.85600000000002
432600.0	0.78288	5.0076	4.1648	58.343	55.681	48.62	72.958
433200.0	0.79504	5.2324	4.3774	59.857	57.063	47.78	71.76
433800.0	0.80848	5.3844	4.5184	60.844	58.055	45.05	72.468
434400.0	0.80784	5.1946	4.329	57.942	57.19600000000001	44.08	73.686
435000.0	0.8123199999999999	4.9512	4.081	56.219	55.967	41.7	74.96
435600.0	0.80656	4.7496	3.8848	55.8	55.554	41.07	76.437
436200.0	0.812	4.8014	3.9316	55.165	54.804	39.14	77.265
436800.0	0.8176	4.8106	3.9344	54.37300000000001	54.038	35.08	79.51
437400.0	0.80928	4.7794	3.9116	53.742	53.426	34.61	80.935
438000.0	0.80288	4.9058	4.045	56.569	54.91	34.63	81.81
438600.0	0.8011199999999999	5.2222	4.3632	59.905	57.976000000000006	34.66	81.81
439200.0	0.7944	5.1866	4.3342	58.519	57.75	36.1	81.711
439800.0	0.784	4.9798	4.137	56.348	55.788	38.67	80.345
440400.0	0.7822399999999999	4.742	3.9018	55.003	54.598	41.96	78.09100000000002
441000.0	0.7784	4.7414	3.906	54.04	53.68600000000001	45.81	75.538
441600.0	0.7774399999999999	4.8274	3.989	54.573	53.349	49.15	72.737
442200.0	0.79152	5.0916	4.2404	58.675	55.958	49.45	70.631
442800.0	0.7888	5.2916	4.4444	60.047	57.166	51.07	69.617
443400.0	0.8174399999999999	5.3388	4.4628	59.96	58.278	45.67	70.22
444000.0	0.8256	5.0854	4.2006	57.462	57.078	41.36	73.266
444600.0	0.81152	4.888	4.0186	56.43	56.055	41.0	75.699
445200.0	0.8083199999999999	4.7516	3.8856	55.45	55.054	40.63	76.393
445800.0	0.8126399999999999	4.7808	3.9076	54.52	54.14100000000001	38.34	77.747
446400.0	0.81184	4.8136	3.9432	53.752	53.411	35.73	79.62100000000002
447000.0	0.80224	5.003	4.1398	56.448	54.754	35.75	80.09899999999998
447600.0	0.79728	5.2716	4.4126	59.624	57.715	36.43	80.094
448200.0	0.7921600000000001	5.2298	4.3778	58.682	57.772	38.21	79.69
448800.0	0.7873600000000001	5.0196	4.1738	56.365	55.76600000000001	41.36	78.029
449400.0	0.7864	4.8018	3.958	54.953	54.515	43.49	76.499
450000.0	0.77952	4.7564	3.9166	53.953	53.598	47.11	74.235
450600.0	0.77136	4.8248	3.9952	54.856	53.518	52.53	71.006
451200.0	0.77408	5.0774	4.243	58.674	55.917	56.03	67.937
451800.0	0.79232	5.2674	4.4156	59.803	56.847	55.53	65.759
452400.0	0.82144	5.3766	4.4942	60.42	58.39	49.7	67.142
453000.0	0.82688	5.1476	4.2636	58.018	57.363	44.77	70.712
453600.0	0.8174399999999999	4.9136	4.0362	56.51	56.026	43.44	73.292
454200.0	0.81472	4.771	3.898	55.351000000000006	54.918	42.32	74.765
454800.0	0.80992	4.7674	3.8978	54.365	53.989	40.97	76.36399999999998
455400.0	0.79472	4.808	3.955	53.86	53.243	43.22	76.669
456000.0	0.8056	5.1168	4.2518	57.657	55.479	41.2	76.67399999999998
456600.0	0.79824	5.2004	4.3424	60.053	57.684	42.43	76.391
457200.0	0.80048	5.0428	4.1832	59.542	58.179	41.91	76.54899999999998
457800.0	0.79088	4.856	4.0076	56.522	55.869	43.76	76.209
458400.0	0.7841600000000001	4.7488	3.9054	54.803	54.291	47.22	74.058
459000.0	0.7752	4.7464	3.9122	53.753	53.17	52.02	71.21300000000002
459600.0	0.78192	4.9278	4.0866	57.043	54.517	54.28	68.535
460200.0	0.80032	5.2176	4.3572	59.362	56.565	52.19	67.74
460800.0	0.79072	5.3610000000000015	4.5094	60.465	57.539	53.79	67.555
461400.0	0.80752	5.3018	4.4348	59.505	57.977	52.19	67.11399999999999
462000.0	0.81472	5.0076	4.1332	56.663	56.017	48.03	69.87
462600.0	0.80432	4.7986	3.9344	54.976000000000006	54.44300000000001	48.97	70.165
463200.0	0.81904	4.7848	3.9088	53.799	53.347	44.9	72.156
463800.0	0.81424	4.9812	4.106	56.238	54.261	42.54	74.248
464400.0	0.8073600000000001	5.2634	4.396	59.476000000000006	57.277	42.36	75.495
465000.0	0.7931199999999999	5.2974	4.4454	59.471	57.789	44.78	75.35
465600.0	0.79552	5.0538	4.2004	56.293	55.691	44.51	74.78
466200.0	0.80608	4.8418	3.976	54.812	54.435	42.78	74.78
466800.0	0.80704	4.775	3.9082	54.019	53.723	42.32	75.374
467400.0	0.80048	4.762	3.9026	54.378	53.383	43.2	75.768
468000.0	0.79472	5.013	4.1594	58.44300000000001	56.032	44.13	75.669
468600.0	0.7952	5.259	4.4048	60.224	57.468	44.27	74.561
469200.0	0.8136	5.2832	4.412	58.861	57.519	40.62	75.457
469800.0	0.7971199999999999	5.0274	4.1728	55.699	55.06800000000001	42.57	76.355
470400.0	0.7801600000000001	4.8032	3.9636	54.44600000000001	54.17100000000001	48.38	73.706
471000.0	0.79392	4.7686	3.9176	54.063	53.862	47.05	72.85000000000002
471600.0	0.79728	4.7786	3.9214	53.797	53.325	46.97	72.141
472200.0	0.79568	4.9518	4.098	57.191	54.844	47.68	71.83800000000002
472800.0	0.80384	5.23	4.3668	59.51600000000001	57.087	46.13	71.839
473400.0	0.79504	5.3346	4.4808	59.96	58.036	47.74	71.845
474000.0	0.80416	5.1144	4.2538	57.223	56.48	47.26	71.232
474600.0	0.80992	4.8812	4.0148	55.74	55.38800000000001	45.57	72.572
475200.0	0.8083199999999999	4.7634	3.8984	55.115	54.83	44.12	73.725
475800.0	0.7971199999999999	4.7476	3.893	54.456	54.131	45.99	73.91199999999998
476400.0	0.80576	4.7676	3.9026	53.755	53.41	44.54	73.915
477000.0	0.8033600000000001	4.8794	4.0162	56.611	54.51600000000001	43.5	74.9
477600.0	0.80704	5.2254	4.3598	59.455	57.119	42.04	75.4
478200.0	0.80432	5.3432	4.479	59.651	57.896	42.11	75.735
478800.0	0.80608	5.1406	4.2766	56.98	56.364	40.74	76.71300000000002
479400.0	0.7992	4.922	4.0654	55.527	55.095	41.2	77.197
480000.0	0.7913600000000001	4.7352	3.8852	54.49100000000001	54.094	42.53	76.582
480600.0	0.79392	4.7818	3.9286	53.809	53.226000000000006	43.4	75.652
481200.0	0.79696	4.9572	4.0974	57.29	54.99800000000001	42.64	75.55199999999998
481800.0	0.7931199999999999	5.2504	4.398	59.639	57.255	45.31	74.10600000000002
482400.0	0.7924800000000001	5.3252	4.4742	59.662	57.863	46.7	73.01700000000002
483000.0	0.7934399999999999	5.0758	4.2256	56.81100000000001	56.215	47.53	72.307
483600.0	0.79648	4.8428	3.991	55.278	54.797	48.58	71.333
484200.0	0.80016	4.7788	3.9196	54.131	53.738	47.81	71.335
484800.0	0.8048	4.729	3.8654	54.639	53.438	46.34	72.17399999999998
485400.0	0.80496	4.9882	4.1236	58.692	56.195	46.05	72.625
486000.0	0.8036800000000001	5.2268	4.3642	60.067	57.608	45.18	73.403
486600.0	0.8064	5.1674	4.3024	57.788	57.072	44.71	73.402
487200.0	0.80656	4.9714	4.1054	55.913	55.529	43.77	74.431
487800.0	0.80304	4.7826	3.921	55.028	54.703	44.44	74.431
488400.0	0.79408	4.7762	3.9226	54.261	53.908	44.81	75.235
489000.0	0.80448	4.7966	3.9338	54.045	53.298	42.45	75.32200000000002
489600.0	0.8128	5.167000000000002	4.2936	58.17	55.845	39.9	76.17399999999998
490200.0	0.8032	5.3562	4.4944	59.968	57.556	40.3	77.043
490800.0	0.7928	5.2808	4.4289999999999985	58.271	57.096	42.14	77.232
491400.0	0.79152	5.0360000000000005	4.1856	55.358	54.76300000000001	42.95	76.082
492000.0	0.7971199999999999	4.8474	3.992	54.244	53.986	43.1	75.374
492600.0	0.79488	4.752	3.8984	53.843	53.636	43.4	75.377
493200.0	0.79328	4.7982	3.9452	55.097	53.864	44.73	74.31
493800.0	0.79088	5.0804	4.231	58.981	56.526	46.69	73.046
494400.0	0.78528	5.3268	4.4834	60.647	57.56100000000001	50.17	71.21
495000.0	0.804	5.2974	4.4334	58.793	57.382	47.01	70.905
495600.0	0.80048	5.0148	4.1566	55.859	55.32899999999999	47.87	71.377
496200.0	0.79504	4.7860000000000005	3.9336	55.021	54.82	48.96	70.861
496800.0	0.8048	4.7648	3.9026	54.705	54.447	47.39	70.862
497400.0	0.80928	4.7972	3.9284	54.118	53.792	46.38	71.25
498000.0	0.80784	4.7148	3.8472	54.348	53.337	45.27	73.096
498600.0	0.80208	5.0258	4.1616	58.445	55.999	45.27	73.585
499200.0	0.81488	5.2986	4.4232	60.053	58.015	41.3	74.907
499800.0	0.80512	5.1774	4.3114	57.691	56.989	41.27	76.47600000000001
500400.0	0.80608	4.9646	4.1006	55.86600000000001	55.427	40.9	76.581
501000.0	0.80528	4.7672	3.9036	54.843	54.476000000000006	39.62	77.565
501600.0	0.7984	4.785	3.9264	53.978	53.628	41.29	77.562
502200.0	0.78384	4.7524	3.9088	54.907	53.521	44.25	76.831
502800.0	0.7824	5.0822	4.2410000000000005	58.886	56.256	47.5	73.82600000000002
503400.0	0.76432	5.3112	4.487	60.328	57.14100000000001	54.89	70.249
504000.0	0.79088	5.42	4.5704	60.745	58.005	52.81	68.084
504600.0	0.79632	5.1488	4.2946	57.347	56.412	52.72	67.625
505200.0	0.79664	4.8352	3.9802	54.992	54.354	53.56	67.164
505800.0	0.7974399999999999	4.7588	3.9026	53.777	53.176	54.68	66.343
506400.0	0.81184	4.9088	4.0382	57.026	54.648	51.74	67.41
507000.0	0.81952	5.2034	4.3248	59.57100000000001	57.353	47.04	69.79899999999999
507600.0	0.8104	5.2382	4.3692	59.132	58.054	47.15	71.457
508200.0	0.8116800000000001	5.007	4.1374	56.94600000000001	56.413	45.82	72.369
508800.0	0.81472	4.805	3.9326	55.64	55.153	42.33	74.54
509400.0	0.8128	4.7896	3.9186	54.374	53.918	40.84	76.051
510000.0	0.8105600000000001	4.7276	3.8588	54.214	53.215	38.79	77.753
510600.0	0.80432	4.9732	4.1104	58.26600000000001	55.83	39.62	77.953
511200.0	0.79664	5.215	4.3596	59.94	57.42100000000001	40.92	77.95
511800.0	0.78384	5.3372	4.4942	60.271	58.122	43.41	77.141
512400.0	0.7696	5.0266	4.1982	56.345	55.348	50.12	73.503
513000.0	0.77072	4.7552	3.9266	54.169	53.668	55.34	69.306
513600.0	0.78752	4.7860000000000005	3.9406	55.025	53.578	54.87	67.35
514200.0	0.8008	5.0032	4.1424	58.798	55.965	53.81	66.419
514800.0	0.80064	5.1992	4.3386	59.75	56.64	53.52	66.419
515400.0	0.81792	5.409	4.5314	60.615	57.758	49.25	68.351
516000.0	0.82368	5.2756	4.3932	58.569	57.798	44.25	71.506
516600.0	0.8227200000000001	4.988	4.1068	56.707	56.305	41.05	74.208
517200.0	0.828	4.7718	3.8848	55.905	55.65600000000001	35.9	77.587
517800.0	0.81408	4.8004	3.9276	55.359	55.038	35.23	80.047
518400.0	0.8076800000000001	4.7756	3.9088	54.535	54.145	35.49	80.656
519000.0	0.8076800000000001	4.7814	3.9154	53.719	53.228	33.48	81.97200000000002
519600.0	0.79456	4.9704	4.117	56.727	54.58	35.36	82.19200000000002
520200.0	0.79088	5.305	4.455	59.502	57.132	36.83	80.807
520800.0	0.78	5.4084	4.5666	60.856	58.072	41.88	78.398
521400.0	0.77968	5.1512	4.3114	57.924	56.924	45.17	75.796
522000.0	0.77808	4.7956	3.9584	55.223	54.587	48.34	73.443
522600.0	0.78304	4.7582	3.9164	53.783	53.159	51.07	70.596
523200.0	0.7976	4.8658	4.0078	56.875	54.415	50.05	69.314
523800.0	0.8216	5.189	4.3072	59.532	57.049	44.17	71.107
524400.0	0.8251200000000001	5.3262	4.4426	60.238	58.596	39.59	74.28
525000.0	0.8184	5.1204	4.2412	57.885	57.422	37.91	76.7
525600.0	0.8184	4.9636	4.0852	56.922	56.617	34.46	79.516
526200.0	0.8094399999999999	4.8376	3.9674	56.215	55.851000000000006	34.29	80.85600000000002
526800.0	0.8014399999999999	4.7368	3.8758	55.341	54.937	34.02	81.872
527400.0	0.80128	4.776	3.9132	54.352	53.93600000000001	34.3	81.97399999999998
528000.0	0.78928	4.785	3.9376	54.00899999999999	53.17100000000001	36.72	81.1
528600.0	0.80416	5.1922	4.3276	58.124	55.948	34.91	80.417
529200.0	0.79472	5.3284	4.4746	60.06800000000001	57.99100000000001	36.4	80.758
529800.0	0.77936	5.151	4.3128	57.691	56.964	40.78	78.887
530400.0	0.7776	4.8864	4.05	55.607	55.121	44.82	76.085
531000.0	0.77712	4.7494	3.911	54.478	54.1	48.19	73.343
531600.0	0.7784	4.7476	3.9098	53.769	53.303	51.83	70.171
532200.0	0.78768	4.8942	4.046	57.08	54.849	52.95	68.12899999999999
532800.0	0.8112	5.1654	4.2942	59.578	57.163	48.92	68.335
533400.0	0.82688	5.3260000000000005	4.4382	60.007	58.163	43.68	71.086
534000.0	0.82624	5.1388	4.2538	57.111	56.557	39.73	74.462
534600.0	0.82176	4.9816	4.102	56.094	55.894	36.57	77.563
535200.0	0.81024	4.837	3.9688	55.956	55.801	36.64	79.15899999999998
535800.0	0.80496	4.7328	3.8694	55.677	55.396	36.56	79.777
536400.0	0.79872	4.7778	3.9182	54.972	54.607	36.53	80.691
537000.0	0.79904	4.7464	3.889	54.1	53.726000000000006	36.6	80.694
537600.0	0.7891199999999999	4.857	4.008	54.344	53.238	38.38	79.97399999999998
538200.0	0.77712	5.1784	4.341	58.428	55.969	43.91	77.068
538800.0	0.76768	5.3318	4.5064	60.02	57.448	50.43	73.119
539400.0	0.7774399999999999	5.3416	4.5052	60.352	58.2	52.69	69.78399999999999
540000.0	0.79152	4.9874	4.1386	56.889	55.916	52.42	68.322
540600.0	0.79392	4.771	3.9194	54.764	54.215	53.42	67.28
541200.0	0.7891199999999999	4.755	3.9062	53.757	53.433	55.93	66.167
541800.0	0.81104	4.8866	4.0146	56.205	54.351000000000006	52.77	66.07300000000001
542400.0	0.8304	5.1702	4.2774	59.464	57.489	45.92	69.242
543000.0	0.8326399999999999	5.2074	4.3174	59.49	58.489	39.87	73.632
543600.0	0.8145600000000001	5.0058	4.1312	57.449	56.904	40.15	76.248
544200.0	0.80496	4.8154	3.9522	55.975	55.426	40.45	77.142
544800.0	0.79888	4.773	3.9136	54.53	54.00899999999999	40.91	77.53
545400.0	0.7976	4.6856	3.8282	54.062	53.019	41.44	77.528
546000.0	0.7924800000000001	4.961	4.1076	58.151	55.576	42.27	76.512
546600.0	0.81152	5.2848	4.4134	60.278	57.79600000000001	38.59	76.808
547200.0	0.8079999999999999	5.2568	4.3889999999999985	58.581	57.607	36.61	78.999
547800.0	0.7782399999999999	5.009	4.1706	55.993	55.32899999999999	43.61	77.462
548400.0	0.7689600000000001	4.7636	3.9352	54.24	53.68600000000001	49.75	73.737
549000.0	0.78096	4.8766	4.0352	54.871	53.299	50.64	70.962
549600.0	0.7851199999999999	5.1732	4.3274	58.74100000000001	55.985	52.27	69.236
550200.0	0.79232	5.3258	4.4702	60.06100000000001	57.007	53.51	67.485
550800.0	0.78992	5.4264	4.578	60.555	57.291	54.96	66.75
551400.0	0.81184	5.4934	4.6204	60.854	57.715	51.77	66.653
552000.0	0.82288	5.2968	4.4132	58.573	57.577	47.16	69.408
552600.0	0.80432	4.954	4.0912	56.521	56.187	48.48	71.131
553200.0	0.8227200000000001	4.7746	3.8926	56.007	55.735	43.15	72.756
553800.0	0.81296	4.7998	3.9264	55.287	54.863	42.13	74.97800000000002
554400.0	0.80848	4.7764	3.9078	54.158	53.71100000000001	41.7	75.806
555000.0	0.81312	4.9026	4.0294	54.749	53.401	38.33	77.536
555600.0	0.80224	5.2328	4.371	58.831	56.427	38.66	78.699
556200.0	0.7873600000000001	5.3762	4.5286	60.624	58.082	41.94	77.664
556800.0	0.7931199999999999	5.1878	4.3358	57.999	57.175	42.79	76.192
557400.0	0.78656	4.9284	4.0822	55.682	55.108	45.07	75.149
558000.0	0.8128	4.7594	3.8868	54.197	53.75899999999999	40.59	75.105
558600.0	0.80848	4.8944	4.0256	54.633	53.39	39.58	76.91199999999998
559200.0	0.81072	5.1616	4.2912	58.817	56.434	37.77	77.773
559800.0	0.81904	5.2624	4.3852	59.744	58.157	33.89	79.692
560400.0	0.80416	5.0188	4.1556	57.335	56.717	34.43	81.283
561000.0	0.78192	4.75	3.91	55.885	55.512	39.35	80.134
561600.0	0.79552	4.7692	3.914	55.19300000000001	54.933	38.75	78.414
562200.0	0.7854399999999999	4.7614	3.9184	54.665	54.37300000000001	42.01	77.436
562800.0	0.78768	4.7368	3.8908	54.01600000000001	53.719	43.86	75.704
563400.0	0.79328	4.7568	3.904	54.569	53.572	44.17	74.458
564000.0	0.80272	4.9910000000000005	4.1278	58.77	56.774	42.65	74.274
564600.0	0.8145600000000001	5.1426	4.2696	59.74	58.42100000000001	39.25	75.797
565200.0	0.8112	5.0082	4.1384	57.636	57.12600000000001	37.9	77.47399999999998
565800.0	0.79856	4.8654	4.0062	56.402	56.062	39.55	78.227
566400.0	0.79648	4.7316	3.8782	55.659	55.341	39.99	77.516
567000.0	0.80384	4.8112	3.9484	54.922	54.574	38.84	77.30900000000003
567600.0	0.80304	4.7214	3.8582	54.15	53.813	38.77	78.183
568200.0	0.79504	4.8326	3.9792	54.198	53.349	40.32	78.182
568800.0	0.7896	5.1144	4.2648	58.356	56.024	42.3	76.618
569400.0	0.79152	5.3462	4.4952	60.488	57.86	43.13	75.67
570000.0	0.7896	5.2082	4.3576	57.885	56.824	45.38	74.069
570600.0	0.78656	4.9484	4.1038	54.915	54.294	47.59	72.733
571200.0	0.79632	4.7572	3.9034	53.703	53.51300000000001	47.55	71.594
571800.0	0.80016	4.7548	3.8966	53.827	53.875	47.42	71.593
572400.0	0.7924800000000001	4.7718	3.9186	54.197	54.107	48.93	70.89
573000.0	0.8136	4.7922	3.9192	53.994	53.74800000000001	45.79	71.413
573600.0	0.81408	4.7358	3.863	54.362	53.591	43.34	73.303
574200.0	0.7961600000000001	5.0022	4.1462	58.691	56.76600000000001	45.47	73.98
574800.0	0.79856	5.1578	4.2988	59.495	58.01600000000001	45.12	73.982
575400.0	0.80912	4.9714	4.104	56.65600000000001	56.045	43.33	73.984
576000.0	0.80848	4.7848	3.9182	54.933	54.46	41.92	75.283
576600.0	0.8152	4.7982	3.9244	53.762	53.38800000000001	38.37	76.77600000000002
577200.0	0.79856	5.033	4.1732	56.223	54.145	39.99	77.8
577800.0	0.7896	5.3484	4.4978	59.487	57.042	42.68	76.452
578400.0	0.79424	5.3734	4.5214	59.70399999999999	58.017	43.27	75.429
579000.0	0.79904	5.1382	4.2812	57.093	56.386	43.28	74.813
579600.0	0.8	4.9346	4.0762	55.435	54.976000000000006	42.95	74.814
580200.0	0.7912	4.7392	3.8872	54.39	54.028	44.99	74.55199999999998
580800.0	0.7801600000000001	4.7664	3.929	53.765	53.258	48.8	72.791
581400.0	0.74752	4.7882	3.9804	56.95399999999999	54.135	62.14	66.627
582000.0	0.77312	5.0908	4.2568	59.287	56.066	62.67	62.68600000000001
582600.0	0.7864	5.3338	4.4866	60.424	57.887	63.15	60.736
583200.0	0.79056	5.1364	4.2888	57.269	55.99	65.01	59.346
583800.0	0.78864	4.8088	3.9618	54.415	53.418	67.38	58.038
584400.0	0.79584	4.8744	4.0182	54.253	52.582	67.88	56.892
585000.0	0.80816	5.2972	4.4294	58.355	54.483	66.35	57.08600000000001
585600.0	0.8116800000000001	5.4836	4.6132	59.192	55.23	65.26	58.444
586200.0	0.8086399999999999	5.4712	4.6014	59.826	56.43899999999999	63.91	59.849
586800.0	0.80224	5.4312	4.5680000000000005	60.61	57.097	63.36	60.84
587400.0	0.8046399999999999	5.4384	4.574	60.667	56.902	63.53	60.84
588000.0	0.80048	5.479	4.6204	60.466	56.88800000000001	63.92	60.84
588600.0	0.7896	5.4814	4.6306	60.813	57.356	65.87	60.63800000000001
589200.0	0.79632	5.4774	4.6206	61.096	57.448	65.2	59.819
589800.0	0.80752	5.4682	4.603	61.011	57.215	63.23	59.819
590400.0	0.80224	5.4532	4.5916	60.648	56.859	63.61	60.758
591000.0	0.7984	5.4386	4.5802	60.647	57.111	64.56	60.758
591600.0	0.79632	5.4142	4.5582	60.871	57.765	64.96	60.753
592200.0	0.79392	5.0844	4.2328	57.487	56.583	65.99	59.874
592800.0	0.8300799999999999	4.797	3.908	55.807	55.299	57.72	61.726000000000006
593400.0	0.8376	4.8102	3.9118	54.698	54.242	50.22	66.208
594000.0	0.8688	4.8398	3.911	53.776	53.49800000000001	33.99	73.906
594600.0	0.8592	4.7996	3.8806	56.035	54.595	24.38	81.835
595200.0	0.8380799999999999	5.0148	4.1178	59.895	58.40600000000001	20.53	87.23700000000002
595800.0	0.82288	4.8874	4.0052	59.04	58.69	17.6	90.695
596400.0	0.8104	4.7636	3.893	57.949	57.667	17.22	92.345
597000.0	0.80416	4.755	3.892	57.214	56.968	17.15	93.509
597600.0	0.79664	4.7872	3.9306	56.66	56.42	17.47	93.415
598200.0	0.79104	4.7654	3.916	56.163	55.928	19.58	92.087
598800.0	0.79088	4.758	3.9104	55.729	55.536	21.19	91.107
599400.0	0.8014399999999999	4.737	3.8782	55.392	55.212	19.44	90.64
600000.0	0.81024	4.7662	3.8956	55.159	55.00899999999999	17.61	91.529
600600.0	0.78576	4.7834	3.9396	54.966	54.81800000000001	21.96	91.252
601200.0	0.80096	4.7762	3.917	54.76	54.622	21.1	89.62
601800.0	0.8073600000000001	4.7762	3.91	54.613	54.503	18.93	90.675
602400.0	0.8094399999999999	4.7746	3.9068	54.549	54.451	16.64	91.999
603000.0	0.804	4.7344	3.8738	54.537	54.44600000000001	17.06	92.68
603600.0	0.8048	4.7868	3.9226	54.549	54.457	17.26	92.961
604200.0	0.80752	4.8054	3.9384	54.554	54.47	14.74	93.827
