#1
double tab1(1008,9)
# Date
# DEG001_____PDT111_RUP_
# DEG001_____PT111__RUP_
# DEG001_____PT121__RUP_
# DEG001_____TT111__RUP_
# DEG001_____TT121__RUP_
# DEG001_____FT121__RUP_
# THA-RET. POS. VANNE DE BY-PASS DE DISTR. DN250 - CIF DEG001
# THA-RET. POS. VANNE DE BY-PASS DE DISTR. DN150 - CIF DEG001
0.0	1.7648	5.7768	3.9376	6.4345	9.2155	189.28	70.842	-0.37
600.0	1.76032	5.7686	3.9348	6.178	8.9785	176.95	74.506	-0.371
1200.0	1.7302400000000002	5.7484	3.944	6.1245	8.9345	174.14	76.14	-0.37
1800.0	1.7456	5.759	3.9396	5.207000000000002	8.4695	177.04	74.843	-0.37
2400.0	1.76688	5.7664	3.9272	5.5055	8.571	177.56	73.95100000000002	-0.37
3000.0	1.7766400000000002	5.7702	3.9222	6.028	8.684	172.0	75.737	-0.371
3600.0	1.7793599999999998	5.7748	3.923	6.2860000000000005	8.844	174.41	74.7	-0.37
4200.0	1.75872	5.763	3.9296	6.3705	8.995	175.37	74.893	-0.37
4800.0	1.7513599999999998	5.7594	3.9348	6.3915	9.106	176.82	74.928	-0.37
5400.0	1.76144	5.7606	3.9266	6.325	8.9805	170.49	76.67	-0.37
6000.0	1.78288	5.7738	3.9184	5.3665	8.234	158.0	79.947	-0.37
6600.0	1.7590400000000002	5.7584	3.9282	5.222	7.96	153.63	82.134	-0.371
7200.0	1.7713599999999998	5.7622	3.9188	5.4245	8.0965	152.09	82.60799999999998	-0.371
7800.0	1.75216	5.7522	3.9234	6.2965	8.7845	165.24	78.611	-0.371
8400.0	1.732	5.7364	3.9294	6.4245	9.11	176.2	75.169	-0.37
9000.0	1.72928	5.735	3.932	6.2375	8.905	169.48	77.837	-0.37
9600.0	1.7272	5.731	3.929	6.08	8.63	156.64	81.955	-0.371
10200.0	1.74544	5.74	3.9232	6.0315	8.4205	144.71	85.58200000000002	-0.3720000000000001
10800.0	1.7142400000000002	5.7224	3.9344	5.7735	8.2565	147.0	85.501	-0.37
11400.0	1.70416	5.7174	3.9396	5.146	8.1155	162.83	80.52199999999998	-0.371
12000.0	1.72256	5.7238	3.93	5.3679999999999986	8.076	152.83	83.50200000000002	-0.3720000000000001
12600.0	1.70592	5.7128	3.9326	5.7615	8.0355	138.85	88.928	-0.3720000000000001
13200.0	1.72368	5.7216	3.9254	6.1515	8.2815	134.34	90.317	-0.373
13800.0	1.6942400000000002	5.7034	3.9362	6.2445	8.6075	153.77	83.854	-0.371
14400.0	1.67136	5.6922	3.9476	6.504	9.241	182.26	74.932	-0.371
15000.0	1.69472	5.7010000000000005	3.9322	6.1385	8.9325	164.56	80.23899999999998	-0.37
15600.0	1.68864	5.695	3.9336	4.93	7.6155	136.72	90.346	-0.37
16200.0	1.6678400000000002	5.6806	3.939	5.403	7.5925	125.53	95.47	-0.371
16800.0	1.6441599999999998	5.6666	3.9482	6.189	8.0875	124.63	97.903	-0.373
17400.0	1.61696	5.6528	3.9616	6.35	8.6115	153.5	86.178	-0.373
18000.0	1.64176	5.666	3.9502	6.573	9.0635	164.83	81.491	-0.371
18600.0	1.62784	5.6534	3.952	6.3610000000000015	8.6785	145.95	88.98100000000002	-0.371
19200.0	1.6168	5.6426	3.9494	5.7805	8.1515	137.81	92.746	-0.3720000000000001
19800.0	1.6128	5.6372	3.9506	5.6125	7.959	133.94	94.288	-0.371
20400.0	1.56624	5.5502	3.912	5.205	7.8125	144.12	91.634	-0.373
21000.0	1.58624	5.6086	3.949	6.291	8.84	167.64	82.262	-0.373
21600.0	1.6112	5.6184	3.9328	6.182	8.628	146.47	89.42200000000003	-0.3720000000000001
22200.0	1.58048	5.5948	3.94	5.933	8.097000000000001	134.13	95.833	-0.371
22800.0	1.58144	5.5942	3.9392	6.18	8.375	143.11	91.97	-0.37
23400.0	1.58096	5.5928	3.9372	6.0710000000000015	8.5595	158.03	85.794	-0.373
24000.0	1.60912	5.6104	3.9288	5.364	8.5425	182.77	76.641	-0.3720000000000001
24600.0	1.63152	5.621	3.9156	5.35	8.286	159.25	83.912	-0.375
25200.0	1.61904	5.6114	3.9184	5.4165	7.807	138.7	92.789	-0.378
25800.0	1.59696	5.5964	3.9258	6.181	8.263	135.25	94.249	-0.371
26400.0	1.60384	5.5982	3.923	6.19	8.4435	149.23	88.355	-0.3720000000000001
27000.0	1.5992	5.5996	3.9276	6.4325	9.0985	186.41	75.203	-0.373
27600.0	1.6414400000000002	5.6262	3.9114	6.3889999999999985	9.208	179.38	76.506	-0.371
28200.0	1.65776	5.6322	3.8998	5.1115	8.101	159.42	83.33200000000002	-0.3720000000000001
28800.0	1.6574400000000002	5.6326	3.9004	5.2205	8.031	157.94	83.632	-0.371
29400.0	1.64288	5.6258	3.909	5.7685	8.9985	207.31	67.649	-0.3720000000000001
30000.0	1.6742400000000002	5.644	3.8954	6.579	9.538	203.33	68.493	-0.3720000000000001
30600.0	1.6656	5.6384	3.8992	6.3935	9.384	197.92	70.097	-0.374
31200.0	1.65376	5.6328	3.9064	6.4895	9.518	212.58	66.043	-0.371
31800.0	1.6654400000000005	5.6442	3.9036	6.494	9.611	212.65	65.891	-0.3720000000000001
32400.0	1.6811200000000002	5.6496	3.8934	5.6105	9.375	215.53	64.41199999999999	-0.3720000000000001
33000.0	1.65664	5.6354	3.903	5.5920000000000005	9.3285	228.52	61.018	-0.37
33600.0	1.65808	5.6308	3.899	6.375	9.78	238.77	58.18600000000001	-0.371
34200.0	1.6611200000000002	5.6342	3.899	6.7855	10.1485	244.21	56.539	-0.371
34800.0	1.6705599999999998	5.638	3.8914	6.6845	10.098	237.55	58.779	-0.3720000000000001
35400.0	1.64432	5.6184	3.9004	6.437	9.8665	232.81	60.042	-0.371
36000.0	1.6147200000000002	5.601	3.9144	6.459	10.027	249.71	55.983	-0.37
36600.0	1.62624	5.6058	3.905	5.9345	10.1665	276.07	48.04	-0.371
37200.0	1.66976	5.6258	3.8842	6.267	10.4335	289.84	44.021	-0.37
37800.0	1.68192	5.6306	3.8754	7.0760000000000005	11.2245	332.82	29.826	-0.371
38400.0	1.71968	5.6546	3.8606	7.307	10.8965	290.81	43.371	-0.37
39000.0	1.7232	5.6544	3.8572	7.0255	10.5475	269.53	48.901	-0.37
39600.0	1.7192	5.8234	4.0282	6.9575	10.9015	303.36	38.573	-0.37
40200.0	1.70432	6.165	4.3852	7.0265	10.145	252.32	54.032	-0.37
40800.0	1.7060799999999998	6.4788	4.6956	7.164	11.405	348.2	24.286	-0.37
41400.0	1.7473599999999998	6.6092	4.785	6.4529999999999985	11.726	367.04	17.436	-0.37
42000.0	1.76768	6.4882	4.6424	6.7120000000000015	11.273	338.77	27.243	-0.37
42600.0	1.7273599999999998	6.2764	4.4752	7.202000000000001	11.4265	344.43	25.815	-0.37
43200.0	1.67776	6.0054	4.2532	7.1405	11.300999999999998	340.05	27.492	-0.37
43800.0	1.65664	5.8562	4.1264	7.314	11.5	355.85	22.453000000000007	-0.37
44400.0	1.6552	5.7802	4.0502	6.917000000000002	11.38	339.48	27.526	-0.37
45000.0	1.62096	5.7134	4.0174	7.2165	11.845	382.89	14.295	-0.37
45600.0	1.66192	5.7088	3.9732	6.5735	11.328	354.43	22.553	-0.37
46200.0	1.6528	5.6784	3.9514	6.004	11.0395	325.84	32.062	-0.37
46800.0	1.67536	5.6466	3.8958	6.392	11.15	346.6	24.795	-0.37
47400.0	1.67136	5.7478	4.0032	6.7675	10.909	327.84	31.441	-0.37
48000.0	1.72368	5.6824	3.8868	6.858	10.8055	308.83	36.997	-0.37
48600.0	1.71392	5.7414	3.9548	6.6595	10.3115	276.87	46.699	-0.37
49200.0	1.67952	5.718	3.9638	6.688	10.6895	305.28	38.239	-0.37
49800.0	1.74144	5.7438	3.928	5.9485	10.7855	322.21	32.197	-0.37
50400.0	1.7152	5.7198	3.9322	6.2695	11.002	328.72	30.017	-0.37
51000.0	1.75152	5.7360000000000015	3.9128	6.7645	11.333	347.24	24.253	-0.37
51600.0	1.7777599999999998	5.7518	3.9002	6.7860000000000005	10.887	314.64	34.052	-0.37
52200.0	1.80512	5.7654	3.8872	6.7765	10.6365	291.19	41.504	-0.37
52800.0	1.7919999999999998	5.7626	3.898	7.0105	11.253	343.58	24.717	-0.37
53400.0	1.86768	5.7866	3.846	6.478	11.508	363.59	17.701	-0.37
54000.0	1.87632	5.7568	3.8074	6.0595	10.8335	321.78	31.528	-0.37
54600.0	1.87248	5.7428	3.796	5.9025	10.275	297.25	39.042	-0.37
55200.0	1.86064	5.7392	3.8066	6.731	10.5105	310.11	35.086	-0.37
55800.0	1.82752	5.7376	3.839	6.928	11.054	347.48	23.485	-0.37
56400.0	1.88016	5.774	3.82	6.9575	11.1785	349.76	21.954	-0.37
57000.0	1.916	5.7848	3.798	6.8205	10.989	315.96	32.702	-0.371
57600.0	1.88528	5.7816	3.823	6.049	10.3775	296.21	38.515	-0.37
58200.0	1.8872	5.9526	3.9914	6.184	10.731	318.78	31.89	-0.37
58800.0	1.89232	5.8972	3.9316	6.6315	10.902	334.25	26.773000000000003	-0.37
59400.0	1.92208	5.9898	3.9934	6.7745	10.76	311.1	33.832	-0.37
60000.0	1.90448	5.9832	4.004	6.697	10.538	293.58	39.582	-0.37
60600.0	1.87344	5.9624	4.0142	5.916	10.371	298.23	37.874	-0.371
61200.0	1.87744	5.9598	4.0072	6.2825	10.7645	323.96	30.386	-0.37
61800.0	1.9056	5.9786	3.9996	6.819	10.9985	328.79	28.392	-0.37
62400.0	1.95392	6.0066	3.9768	6.7365	10.703	304.92	35.658	-0.37
63000.0	1.98224	6.0188	3.9638	6.77	10.5645	288.26	40.311	-0.37
63600.0	1.97984	6.0108	3.9592	6.261	10.512	290.51	39.346	-0.37
64200.0	1.96864	5.9976	3.9552	6.1425	10.7595	329.6	27.735	-0.371
64800.0	2.05072	6.0442	3.9188	6.91	11.206	346.22	22.889	-0.37
65400.0	2.05168	6.0418	3.919	6.7425	10.861	304.05	34.79	-0.37
66000.0	2.04832	6.0332	3.9116	6.7705	10.563	283.26	40.532	-0.37
66600.0	2.09872	6.058	3.884	6.667999999999998	10.383	280.56	41.32899999999999	-0.37
67200.0	2.17392	6.0914	3.8446	6.0515	10.2575	292.8	37.019	-0.37
67800.0	2.20064	6.0966	3.8218	5.9425	10.0645	276.88	41.153	-0.37
68400.0	2.1272	6.0466	3.8468	6.381	10.1575	274.99	42.415	-0.37
69000.0	2.1256	6.0422	3.8448	6.6865	10.195	269.55	43.804	-0.37
69600.0	2.0784	6.0106	3.8582	6.565	9.977	253.89	49.042	-0.37
70200.0	2.04576	5.9929999999999986	3.8762	6.658	10.173	259.92	46.941	-0.37
70800.0	2.01744	5.976	3.887	6.496	10.033	256.18	48.58	-0.37
71400.0	1.99696	5.9576	3.8884	5.466	9.428	245.02	51.679	-0.37
72000.0	1.952	5.926	3.9024	5.8545	9.4345	237.88	53.456	-0.37
72600.0	1.93712	5.9144	3.9046	6.05	9.67	247.57	51.703	-0.37
73200.0	1.92	5.9006	3.9074	6.57	9.822	240.06	53.335	-0.37
73800.0	1.95456	5.9176	3.8888	6.582999999999998	9.827	235.16	54.628	-0.37
74400.0	1.90672	5.8886	3.9096	6.4435	9.6295	224.37	58.632	-0.37
75000.0	1.8464	5.8564	3.9376	6.28	9.263	201.89	64.89	-0.37
75600.0	1.82832	5.8466	3.9436	6.2985	9.23	198.88	66.429	-0.37
76200.0	1.81376	5.8342	3.9468	6.407	9.2265	195.16	67.65899999999999	-0.37
76800.0	1.81616	5.8292	3.94	5.706	8.9415	195.39	67.71300000000001	-0.37
77400.0	1.82848	5.8262	3.9248	5.3	8.5825	190.58	68.61399999999999	-0.3720000000000001
78000.0	1.84192	5.8262	3.9124	5.895	8.8015	184.98	70.337	-0.37
78600.0	1.80816	5.8058	3.9236	6.417999999999998	9.0455	180.5	72.357	-0.371
79200.0	1.82096	5.81	3.9184	6.2715	9.005	179.39	72.056	-0.37
79800.0	1.80128	5.7964	3.9224	6.271	8.9535	176.84	73.665	-0.371
80400.0	1.79552	5.79	3.9216	5.211	8.2695	166.8	76.594	-0.371
81000.0	1.78512	5.7836	3.9258	5.647	8.222000000000001	160.22	79.025	-0.371
81600.0	1.784	5.7836	3.9268	5.4695	8.129	154.31	81.226	-0.374
82200.0	1.79072	5.785	3.921	5.3145	7.984	154.63	80.539	-0.371
82800.0	1.78112	5.7798	3.9242	6.4225	8.75	160.35	79.032	-0.3720000000000001
83400.0	1.79248	5.7868	3.9202	6.4135	9.017	176.96	73.499	-0.371
84000.0	1.7808	5.7810000000000015	3.9268	6.0705	8.7265	170.52	75.851	-0.371
84600.0	1.78352	5.778	3.9212	5.3615	8.211	159.01	79.469	-0.371
85200.0	1.79024	5.7784	3.9144	5.437	7.8915	143.72	84.24	-0.37
85800.0	1.7553599999999998	5.7594	3.9328	6.12	8.235	133.47	89.01100000000002	-0.3720000000000001
86400.0	1.7473599999999998	5.7570000000000014	3.9364	6.2685	8.631	152.51	82.73299999999998	-0.37
87000.0	1.73184	5.749	3.9428	6.3445	8.9005	167.37	78.033	-0.371
87600.0	1.70176	5.7304	3.9548	6.239	8.8275	166.77	79.036	-0.373
88200.0	1.7072	5.729	3.9494	5.9775	8.671	164.01	79.56	-0.373
88800.0	1.74256	5.7456	3.9294	5.0175	7.9515	156.78	81.63600000000002	-0.3720000000000001
89400.0	1.71088	5.7284	3.9448	5.254	7.9505	152.39	83.49700000000001	-0.37
90000.0	1.6969599999999998	5.7192	3.9484	5.4689999999999985	8.315	161.25	80.926	-0.371
90600.0	1.7136	5.7216	3.9352	5.3660000000000005	8.3305	166.07	78.682	-0.371
91200.0	1.6865599999999998	5.7029999999999985	3.9426	5.4265	8.325	169.05	78.571	-0.374
91800.0	1.6809599999999998	5.6952	3.9416	6.3420000000000005	8.838	163.88	80.71	-0.37
92400.0	1.71648	5.71	3.9206	6.0995	8.487	144.94	85.887	-0.371
93000.0	1.71616	5.705	3.9138	5.948	8.121	130.05	92.278	-0.37
93600.0	1.7182400000000002	5.7064	3.9114	5.6535	7.9265	126.06	93.979	-0.3720000000000001
94200.0	1.68832	5.6898	3.929	5.178	7.81	143.38	87.85799999999998	-0.371
94800.0	1.68272	5.685	3.9288	6.0925	8.363	143.36	88.04700000000003	-0.371
95400.0	1.67936	5.6782	3.9262	6.062	8.254	132.69	92.063	-0.371
96000.0	1.6736	5.6726	3.9268	5.8875	7.8995	120.47	97.57	-0.371
96600.0	1.64032	5.6518	3.939	5.995	7.9965	123.3	97.524	-0.3720000000000001
97200.0	1.62	5.6396	3.9432	6.245	8.4875	146.32	89.48200000000001	-0.37
97800.0	1.63392	5.6474	3.9398	6.0685	8.6075	154.47	85.55	-0.371
98400.0	1.61296	5.629	3.9412	5.06	7.8210000000000015	141.51	91.269	-0.3720000000000001
99000.0	1.6441599999999998	5.6394	3.9214	5.6275	7.765	123.53	98.028	0.774
99600.0	1.62208	5.6252	3.9268	6.136	8.0425	117.27	99.481	9.801
100200.0	1.61376	5.6188	3.9306	6.093	8.0755	121.55	99.485	6.849
100800.0	1.52944	5.5772	3.9762	6.178	8.3855	142.96	93.562	1.712
101400.0	1.5512	5.59	3.9656	6.1835	8.7905	161.07	85.485	-0.373
102000.0	1.5712	5.5938	3.949	5.092	7.8385	143.56	91.635	-0.371
102600.0	1.58656	5.5966	3.938	5.3325	7.5785	126.56	98.324	1.181
103200.0	1.55776	5.5782	3.946	5.9715	7.836	115.28	99.49	12.661
103800.0	1.53568	5.567	3.9578	6.1555	8.0265	117.67	99.49	11.294
104400.0	1.47472	5.5344	3.9872	6.1370000000000005	8.2545	133.06	98.096	6.127999999999999
105000.0	1.5376	5.5672	3.9542	6.309	8.718	151.56	89.928	-0.373
105600.0	1.54432	5.564	3.9456	6.247999999999998	8.615	146.6	92.348	-0.371
106200.0	1.53936	5.5558	3.942	5.9670000000000005	8.161	133.71	96.807	-0.371
106800.0	1.57008	5.5662	3.9218	5.9435	7.9665	122.43	99.488	8.032
107400.0	1.51344	5.5346	3.9488	5.908	7.8505	117.53	99.49	12.037
108000.0	1.48848	5.5218	3.9586	6.0715	8.029	120.99	99.491	11.235
108600.0	1.4808	5.52	3.9646	6.3525	8.79	156.21	89.969	-0.371
109200.0	1.53056	5.5384	3.9342	5.5855	8.4355	155.13	88.78299999999999	-0.371
109800.0	1.54176	5.5372	3.922	5.1115	7.608	137.11	96.224	-0.371
110400.0	1.58192	5.5548	3.8992	5.2595	7.608	126.21	98.091	4.244
111000.0	1.52784	5.5256	3.9242	4.892	7.2025	119.68	99.49	11.863
111600.0	1.49712	5.5086	3.9376	5.197	7.4955	128.54	99.49	8.404
112200.0	1.52576	5.5294	3.929	6.22	8.6	156.79	87.80799999999998	-0.37
112800.0	1.5883200000000002	5.5606	3.899	6.4305	8.949	159.8	84.77799999999998	-0.37
113400.0	1.5728	5.5488	3.9004	5.9505	8.3225	142.82	92.401	-0.3720000000000001
114000.0	1.59296	5.5566	3.8896	5.9375	8.0505	125.45	98.853	-0.3720000000000001
114600.0	1.5624	5.5402	3.905	5.8635	8.0355	129.29	98.594	5.2810000000000015
115200.0	1.59984	5.5588	3.8888	5.4620000000000015	8.5245	170.91	79.973	-0.37
115800.0	1.6372799999999998	5.5718	3.8612	5.2615	8.2205	155.92	85.212	-0.371
116400.0	1.6611200000000002	5.5762	3.8432	5.1735	7.992000000000001	148.26	87.046	-0.3720000000000001
117000.0	1.6528	5.568	3.8422	5.1465	7.8185	145.68	87.803	-0.373
117600.0	1.64592	5.5678	3.8474	6.153	8.888	181.22	75.85300000000002	-0.371
118200.0	1.6638400000000002	5.5870000000000015	3.8516	6.942	10.279000000000002	248.87	54.788	-0.3720000000000001
118800.0	1.7033599999999998	5.5742	3.7986	6.4935	10.0335	243.16	57.279	-0.3720000000000001
119400.0	1.69632	5.7438	3.9736	5.678	9.176	214.1	64.661	-0.37
120000.0	1.6731200000000002	5.731	3.9812	5.3125	8.698	200.73	68.99600000000001	-0.3720000000000001
120600.0	1.67952	5.7322	3.976	5.5665	8.9815	191.96	71.807	-0.371
121200.0	1.68064	5.7248	3.9716	5.566	9.1455	204.02	67.715	-0.371
121800.0	1.676	5.711	3.9608	6.112	9.4165	214.02	64.851	-0.37
122400.0	1.66672	5.7004	3.961	6.405	9.459	203.03	68.43	-0.37
123000.0	1.6968	5.727	3.956	6.54	9.6785	209.48	65.767	-0.371
123600.0	1.6904	5.718	3.9526	6.231	9.212	188.65	72.39399999999998	-0.371
124200.0	1.7038400000000002	5.7236	3.9448	6.2815	9.078	179.95	74.932	-0.37
124800.0	1.7206400000000002	5.7360000000000015	3.9398	6.2745	9.148	188.13	71.925	-0.37
125400.0	1.7355200000000002	5.7429999999999986	3.9346	6.6025	9.7065	218.39	62.566	-0.371
126000.0	1.7473599999999998	5.7452	3.9252	6.5095	9.688	220.88	61.728	-0.371
126600.0	1.7712	5.7536	3.9094	6.28	9.6815	221.26	61.472	-0.37
127200.0	1.79168	5.756	3.891	5.4885	9.177	214.0	62.572	-0.37
127800.0	1.80784	5.7578	3.876	5.7525	9.308	217.73	61.868	-0.37
128400.0	1.79952	5.75	3.8782	6.4895	9.7105	227.33	59.067	-0.37
129000.0	1.82576	5.7602	3.8624	6.691	10.078	241.87	54.703	-0.371
129600.0	1.8488	5.7706	3.8478	6.49	9.8795	238.01	55.258	-0.37
130200.0	1.85392	5.77	3.8418	6.2715	9.601	213.97	61.881	-0.37
130800.0	1.82176	5.7472	3.8532	5.4975	9.191	217.01	61.71100000000001	-0.371
131400.0	1.7976	5.7284	3.8582	6.023	9.484	222.11	60.38800000000001	-0.371
132000.0	1.79792	5.7234	3.8524	6.58	9.7835	227.77	58.515	-0.37
132600.0	1.90208	5.7748	3.7996	6.5775	9.8175	226.51	57.854	-0.37
133200.0	1.96544	5.8846	3.8452	6.462999999999999	9.669	215.49	59.558	-0.37
133800.0	1.92528	6.0208	4.0216	5.956	9.354	211.48	61.50899999999999	-0.37
134400.0	1.97184	6.0404	3.993	5.5765	9.1025	211.94	60.797	-0.37
135000.0	1.90256	6.002000000000002	4.0244	6.3279999999999985	9.5355	222.25	59.1	-0.37
135600.0	1.95104	6.025	4.0	6.5920000000000005	9.8665	235.79	54.708	-0.371
136200.0	1.88592	5.9964	4.0356	6.8725	10.482	279.97	43.794	-0.37
136800.0	1.9136	6.0098	4.021	6.5920000000000005	10.072	250.21	51.351000000000006	-0.37
137400.0	1.91632	6.0184	4.0254	6.574	10.066	261.76	48.575	-0.37
138000.0	1.9312	6.027	4.0202	6.3005	10.1415	264.44	47.737	-0.37
138600.0	1.91216	6.0024	4.0166	5.6720000000000015	9.8295	255.56	50.129	-0.37
139200.0	1.93664	6.0036	3.993	6.0055	9.921	256.16	49.462	-0.37
139800.0	2.01232	6.0379999999999985	3.9494	6.6805	10.333	266.85	46.161	-0.37
140400.0	2.08816	6.0779999999999985	3.9172	6.665	10.233	259.58	46.745	-0.37
141000.0	1.98464	6.0222	3.9632	6.2745	9.7945	238.64	53.573	-0.37
141600.0	1.98032	6.0178	3.9636	5.4445	9.303	231.07	55.587	-0.37
142200.0	1.98528	6.02	3.9604	5.973	9.903	260.71	48.02	-0.37
142800.0	1.98688	6.0194	3.958	6.7360000000000015	10.1745	263.75	47.522	-0.37
143400.0	2.01952	6.0308	3.9368	6.723	10.267	255.73	48.137	-0.37
144000.0	1.992	6.0084	3.9434	6.4115	9.8615	234.22	54.987	-0.37
144600.0	2.00048	6.0120000000000005	3.9382	6.0895	9.7515	234.09	54.367	-0.37
145200.0	2.0424	6.033	3.9172	5.7345	9.532	238.95	53.299	-0.37
145800.0	2.0312	6.0254	3.9214	6.424	9.8725	245.46	51.506	-0.37
146400.0	1.99888	6.0068	3.9358	6.6875	10.0985	258.76	47.913	-0.37
147000.0	2.0358400000000003	6.026	3.9172	6.7429999999999986	10.366	264.51	46.524	-0.37
147600.0	2.0304	6.0178	3.9136	6.1545	9.909	247.38	50.981	-0.37
148200.0	2.04272	6.0178	3.9032	5.5515	9.489	238.37	53.173	-0.37
148800.0	2.07296	6.0310000000000015	3.8834	6.122000000000001	9.828	251.14	49.682	-0.37
149400.0	2.0638400000000003	6.024	3.8874	6.6465	10.0745	256.11	48.277	-0.37
150000.0	2.10512	6.0466	3.8692	6.6785	10.0925	248.32	49.735	-0.37
150600.0	2.17712	6.0832	3.8336	6.564	9.9655	237.17	51.637	-0.37
151200.0	2.20576	6.0982	3.818	5.8045	9.5165	228.68	53.319	-0.37
151800.0	2.4048	6.4338	3.9526	5.6475	9.5045	238.82	49.06399999999999	-0.37
152400.0	2.45888	6.5120000000000005	3.979	5.8055	9.4795	231.87	50.181	-0.37
153000.0	2.46048	6.5054	3.9708	5.9565	9.72	244.9	46.654	-0.37
153600.0	2.45584	6.4968	3.9626	6.6265	9.9725	238.17	49.532	-0.37
154200.0	2.45472	6.4896	3.9608	6.437	9.674	221.14	52.429	-0.37
154800.0	2.43472	6.4788	3.9714	6.32	9.371	200.36	57.889	-0.37
155400.0	2.4390400000000003	6.484	3.9708	6.525	9.5515	208.31	55.621	-0.37
156000.0	2.41408	6.4714	3.982	6.2425	9.1565	193.27	59.94600000000001	-0.37
156600.0	2.38576	6.4588	3.998	6.454	9.474	209.69	55.805	-0.37
157200.0	2.37008	6.452000000000001	4.008	6.6485	9.892	233.93	50.026	-0.37
157800.0	2.34832	6.4336	4.0108	6.3095	9.7945	230.44	52.181	-0.37
158400.0	2.34304	6.4182	4.001	5.4305	9.217	214.91	54.81	-0.37
159000.0	2.3395200000000003	6.4098	3.9956	5.7525	9.172	205.98	57.285	-0.37
159600.0	2.3056	6.3884	4.008	6.3855	9.4895	207.58	57.383	-0.37
160200.0	2.26752	6.3646	4.022	6.419	9.413	200.1	59.926	-0.37
160800.0	2.2454400000000003	6.3524	4.0296	6.38	9.3545	202.69	59.343	-0.37
161400.0	2.25536	6.3598	4.0280000000000005	6.1275	9.143	188.02	63.028	-0.37
162000.0	2.23104	6.3420000000000005	4.0352	5.1505	8.415	177.15	65.905	-0.37
162600.0	2.18256	6.3112	4.0534	5.464	8.331	159.58	71.25399999999998	-0.37
163200.0	2.18048	6.306	4.0524	5.2825	8.1295	156.1	72.472	-0.37
163800.0	2.13056	6.2734	4.0664	5.6135	8.4005	161.73	71.297	-0.37
164400.0	2.12672	6.2674	4.0674	6.4585	9.0635	171.87	69.12100000000001	-0.37
165000.0	2.1048	6.2514	4.0676	6.1370000000000005	8.752	157.72	73.04899999999998	-0.37
165600.0	2.0736	6.2288	4.0804	6.0285	8.4515	146.07	76.906	-0.37
166200.0	2.06256	6.2224	4.085	6.0535	8.3955	139.66	79.42699999999998	-0.37
166800.0	2.01536	6.194	4.104	6.068	8.436	143.51	79.312	-0.37
167400.0	2.01488	6.1944	4.105	6.377000000000002	8.937999999999997	162.75	73.686	-0.37
168000.0	2.00832	6.183	4.0986	6.0695	8.432	141.35	80.279	-0.37
168600.0	1.99808	6.1708	4.0986	5.322	7.705	128.75	84.522	-0.37
169200.0	1.97472	6.1516	4.1026	5.231	7.462999999999999	123.42	86.87799999999999	-0.37
169800.0	1.93024	6.1252	4.1208	5.603	8.1425	146.03	80.271	-0.37
170400.0	1.93232	6.1256	4.119	6.535	9.1085	174.56	71.792	-0.37
171000.0	1.92	6.11	4.113	6.1575	8.7675	153.2	78.12	-0.37
171600.0	1.89136	6.0858	4.1202	5.718	8.0605	131.78	86.211	-0.37
172200.0	1.8608	6.065	4.1282	4.705	7.109	119.41	91.167	-0.37
172800.0	1.8232	6.042999999999998	4.145	6.0655	8.1665	138.53	85.65700000000002	-0.37
173400.0	1.82384	6.0488	4.1496	6.675	9.0055	159.21	79.02199999999998	-0.37
174000.0	1.80464	6.034	4.1536	6.0155	8.527999999999999	149.31	82.45	-0.37
174600.0	1.7977599999999998	6.026	4.1522	6.004	8.1785	131.0	89.506	-0.37
175200.0	1.74784	5.995	4.1708	6.0205	8.099	127.62	91.778	-0.37
175800.0	1.71168	5.9736	4.1858	6.1465	8.2215	131.24	91.793	-0.37
176400.0	1.69904	5.9708	4.1960000000000015	6.3045	8.7105	155.6	83.345	-0.37
177000.0	1.7046400000000002	5.9728	4.1922	6.3015	8.807	153.35	83.712	-0.371
177600.0	1.69168	5.9544	4.188	6.0835	8.3835	137.03	90.883	-0.371
178200.0	1.66016	5.931	4.1942	5.856	7.954	122.88	97.331	-0.371
178800.0	1.63792	5.7734	4.0666	4.988	7.395	124.69	96.465	-0.371
179400.0	1.62608	5.6796	3.978	5.6389999999999985	7.952000000000001	138.98	91.487	-0.373
180000.0	1.64352	5.6904	3.9728	6.5705	8.9315	159.65	83.228	-0.37
180600.0	1.6385599999999998	5.6796	3.968	6.0865	8.5675	146.26	88.509	-0.37
181200.0	1.61808	5.6618	3.9692	5.9185	8.0765	127.34	97.129	-0.371
181800.0	1.61904	5.6588	3.9668	5.159	7.5165	121.51	99.479	-0.371
182400.0	1.61248	5.6522	3.965	5.409	7.508999999999999	122.36	99.481	3.83
183000.0	1.53664	5.6124	4.003	5.8215	8.1605	138.1	95.283	1.778
183600.0	1.57536	5.6326	3.9828	6.1885	8.5205	145.13	91.296	-0.37
184200.0	1.56752	5.6256	3.9822	6.2565	8.4475	133.0	96.258	-0.371
184800.0	1.58896	5.6306	3.9678	5.7085	7.7395	115.22	99.485	9.837
185400.0	1.51936	5.5896	3.9972	5.9025	7.8085	114.78	99.489	12.431
186000.0	1.50816	5.5808	3.999	6.0925	7.9620000000000015	115.68	99.489	13.153
186600.0	1.46224	5.5588	4.0214	6.2355	8.3175	133.31	99.492	5.879
187200.0	1.4915200000000002	5.5758	4.0108	6.318	8.5715	141.37	95.563	-0.371
187800.0	1.55344	5.5998	3.9732	5.5365	7.9225	125.1	98.863	4.8660000000000005
188400.0	1.4992	5.5676	3.9946	5.146	7.1145	104.49	99.492	15.595
189000.0	1.4675200000000002	5.5464	4.0054	5.4110000000000005	7.2905	105.6	99.491	15.32
189600.0	1.47184	5.5468	4.002	6.2165	8.0135	112.68	99.49	13.709
190200.0	1.42352	5.5234	4.025	6.175	8.238999999999999	129.58	99.491	9.991
190800.0	1.43824	5.5322	4.0218	5.9365	8.468	148.42	95.227	-0.37
191400.0	1.50336	5.5572	3.98	5.0185	7.6135	133.03	99.49	2.0980000000000003
192000.0	1.45824	5.5252	3.993	5.2725	7.4585	113.83	99.492	14.96
192600.0	1.43296	5.5070000000000014	4.0008	4.9295	7.068	110.51	99.491	15.981
193200.0	1.42144	5.4986	4.0034	6.0655	7.815	113.1	99.492	14.728
193800.0	1.3976	5.4886	4.0172	6.2215	8.208	123.81	99.491	12.482
194400.0	1.38192	5.4824	4.0264	6.3610000000000015	8.62	143.53	99.491	4.259
195000.0	1.4480000000000002	5.511	3.989	6.257999999999999	8.5395	137.31	99.496	3.991
195600.0	1.41232	5.4848	3.9994	5.8325	7.98	123.8	99.497	13.985
196200.0	1.38368	5.4644	4.0078	5.2145	7.3255	113.4	99.5	15.982
196800.0	1.38496	5.4628	4.0056	5.928	7.755	107.78	99.501	16.239
197400.0	1.3776	5.4598	4.008	5.7755	7.8115	123.14	99.5	13.306
198000.0	1.33824	5.4438	4.0314	6.5065	8.749	149.76	98.656	3.495
198600.0	1.40176	5.4689999999999985	3.994	6.176	8.6715	147.63	96.777	-0.37
199200.0	1.4432	5.4806	3.962	5.7385	7.992000000000001	125.79	99.493	10.36
199800.0	1.39248	5.4506	3.9826	4.747	7.2125	123.57	99.495	13.56
200400.0	1.40688	5.4546	3.9732	5.4910000000000005	7.771	131.99	99.5	11.278
201000.0	1.33728	5.4218	4.0122	5.4025	8.1485	156.42	94.399	4.167
201600.0	1.42416	5.466	3.9676	5.6865	8.646	167.56	87.295	-0.37
202200.0	1.412	5.4516	3.9666	5.643	8.42	159.81	90.805	-0.37
202800.0	1.42336	5.4562	3.9604	6.296	8.7465	158.91	91.107	-0.37
203400.0	1.40944	5.4518	3.969	6.4205	8.916	165.01	88.476	-0.37
204000.0	1.40448	5.4778	3.9992	6.6975	9.584	209.6	72.308	-0.37
204600.0	1.43264	5.5044	3.9972	6.178	10.1475	255.24	57.127	-0.37
205200.0	1.46512	5.5114	3.972	5.7195	9.611	229.26	64.32600000000001	-0.37
205800.0	1.46704	5.5	3.9596	6.3425	9.887	217.29	68.373	-0.37
206400.0	1.46896	5.4854	3.9428	6.705	10.091	222.1	66.569	-0.3720000000000001
207000.0	1.48416	5.4856	3.9278	6.3155	9.6605	211.75	69.653	-0.37
207600.0	1.46896	5.4738	3.9314	6.3415	10.0605	244.57	59.412	-0.37
208200.0	1.51312	5.4866	3.9012	5.6335	9.783	248.54	57.31399999999999	-0.37
208800.0	1.48928	5.4678	3.9046	5.7895	9.613	240.8	60.027	-0.371
209400.0	1.52944	5.4858	3.8822	6.5185	9.789	225.94	64.16199999999999	-0.371
210000.0	1.54288	5.4884	3.8738	6.443	9.702	214.08	67.25399999999999	-0.37
210600.0	1.52752	5.4792	3.8784	6.582999999999998	9.965	238.99	60.076	-0.371
211200.0	1.55536	5.4952	3.8658	6.5205	10.313	269.29	50.555	-0.37
211800.0	1.60368	5.5120000000000005	3.8372	5.432	9.292	222.68	63.612	-0.37
212400.0	1.57696	5.4908	3.8426	5.545	9.1225	214.67	66.594	-0.37
213000.0	1.62208	5.5132	3.8178	5.8475	9.728	240.51	58.00100000000001	-0.37
213600.0	1.62144	5.5076	3.8116	6.4965	10.0345	251.31	55.227	-0.37
214200.0	1.67648	5.5372	3.7894	6.6155	10.0445	249.14	55.174	-0.37
214800.0	1.6728	5.5334	3.7874	6.5865	10.047	248.54	54.953	-0.37
215400.0	1.70128	5.5464	3.7712	6.372000000000001	9.5835	211.4	65.158	-0.37
216000.0	1.7296	5.7868	3.9826	6.3875	9.523	210.57	64.493	-0.37
216600.0	1.72016	5.8058	4.0112	6.752000000000002	10.138	250.8	53.78100000000001	-0.37
217200.0	1.79552	5.8412	3.9726	6.5125	9.9845	247.11	53.428	-0.37
217800.0	1.8008	5.8332	3.959	5.4689999999999985	9.2745	222.4	60.05	-0.37
218400.0	1.81744	5.832000000000002	3.9426	5.5745	9.066	207.47	64.567	-0.37
219000.0	1.80736	5.8236	3.9418	6.296	9.5335	215.14	62.219	-0.37
219600.0	1.87936	5.8622	3.9084	6.7185	10.111	247.39	52.665	-0.37
220200.0	1.92448	5.8862	3.8866	6.5710000000000015	9.9135	240.84	53.692	-0.37
220800.0	1.94864	5.897	3.8742	6.3020000000000005	9.409	208.99	61.664	-0.37
221400.0	1.97392	5.9158	3.8692	6.1629999999999985	9.281	200.79	63.339	-0.37
222000.0	1.95568	5.9068	3.8748	5.5445	9.368	230.64	55.981	-0.37
222600.0	2.00416	5.9292	3.8524	6.125	10.0365	265.27	46.7	-0.37
223200.0	1.98208	5.9092	3.8536	6.377999999999999	9.85	242.26	52.53	-0.37
223800.0	1.98432	5.9048	3.847	6.599	9.9165	229.25	55.63	-0.37
224400.0	2.00592	5.9126	3.8326	6.6255	10.1125	241.32	52.106	-0.37
225000.0	2.04448	5.9292	3.8104	6.0070000000000014	9.7685	237.01	53.16	-0.37
225600.0	2.096	5.9536	3.7838	5.6895	9.5355	241.45	51.449	-0.37
226200.0	2.1379200000000003	6.0612	3.8492	6.2120000000000015	9.7445	244.03	50.592	-0.37
226800.0	2.1326400000000003	6.2054	3.9974	6.505	9.7905	227.97	54.306	-0.37
227400.0	2.1379200000000003	6.2056	3.9958	6.4620000000000015	9.8	232.64	52.854	-0.37
228000.0	2.1784	6.2268	3.973	6.597	9.9455	236.74	51.911	-0.37
228600.0	2.20512	6.2394	3.9578	6.5125	9.813	227.78	54.098	-0.37
229200.0	2.20848	6.237	3.9556	5.731	9.4325	225.85	53.83	-0.37
229800.0	2.25232	6.2516	3.9266	5.6389999999999985	9.1955	216.23	55.645	-0.37
230400.0	2.20704	6.228	3.9464	6.1905	10.055	266.84	43.987	-0.37
231000.0	2.23904	6.2438	3.928	6.8245	10.3915	268.43	43.534	-0.37
231600.0	2.2376	6.238	3.9268	6.472	9.9535	243.2	49.167	-0.37
232200.0	2.25008	6.2396	3.9152	6.142	9.335	201.74	59.307	-0.37
232800.0	2.27408	6.2474	3.8982	5.5135	9.066	202.39	58.601000000000006	-0.37
233400.0	2.25248	6.233	3.9068	5.8725	9.526	233.52	51.54600000000001	-0.37
234000.0	2.28096	6.2448	3.8908	6.5375	10.0945	263.36	44.54	-0.37
234600.0	2.3	6.2516	3.8776	6.6045	10.0355	249.58	47.887	-0.37
235200.0	2.2934400000000004	6.2452	3.8758	6.4145	9.797	231.82	51.982	-0.37
235800.0	2.30256	6.2436	3.8666	5.6305	9.388	220.82	54.475	-0.37
236400.0	2.31248	6.2452	3.8586	5.737	9.3485	221.55	54.272	-0.37
237000.0	2.3128	6.2464	3.8596	6.6295	9.898	245.55	48.181	-0.37
237600.0	2.26576	6.2170000000000005	3.8778	6.6789999999999985	10.032	254.08	47.032	-0.37
238200.0	2.21072	6.1846	3.9002	6.4925	9.7575	225.98	53.894	-0.37
238800.0	2.16496	6.1344	3.8958	6.068	9.449	208.88	58.682	-0.37
239400.0	2.19712	6.2284	3.9576	5.4075	8.9685	207.28	58.713	-0.37
240000.0	2.15472	6.1992	3.969	5.9485	9.313	217.6	56.705	-0.37
240600.0	2.1366400000000003	6.1856	3.9746	6.6160000000000005	9.8195	231.04	53.543	-0.37
241200.0	2.13936	6.1862	3.973	6.515	9.7345	230.04	53.369	-0.37
241800.0	2.15568	6.1914	3.9634	6.4315	9.637	218.39	56.54	-0.37
242400.0	2.15808	6.1898	3.9576	5.8265	9.175	200.64	60.932	-0.37
243000.0	2.15056	6.1814	3.9578	5.1635	8.533	185.43	64.949	-0.37
243600.0	2.12784	6.1644	3.9622	5.4765	8.8215	194.82	62.761	-0.37
244200.0	2.1472	6.1738	3.9538	6.4555	9.5155	217.16	56.717	-0.37
244800.0	2.14672	6.174	3.9514	6.545	9.7465	229.78	54.273	-0.37
245400.0	2.11872	6.1548	3.9636	6.4670000000000005	9.6685	221.94	56.184	-0.37
246000.0	2.12112	6.1494	3.9542	5.6610000000000005	8.7855	179.08	67.28699999999999	-0.37
246600.0	2.0608	6.1126	3.9758	5.4765	8.399	168.79	70.595	-0.37
247200.0	2.02576	6.0952	3.9924	6.2335	9.1105	186.4	66.382	-0.37
247800.0	2.01472	6.0878	3.9992	6.694	9.7555	219.33	57.949	-0.37
248400.0	2.01616	6.082999999999998	3.9894	6.327000000000001	9.353	202.81	62.658	-0.37
249000.0	1.98192	6.0584	4.0018	6.184	9.0365	188.08	67.236	-0.37
249600.0	1.98064	6.0554	3.999	5.7860000000000005	8.652999999999999	167.66	72.796	-0.37
250200.0	1.91616	6.0168	4.0248	5.7465	8.627	176.81	70.946	-0.37
250800.0	1.9104	6.0098	4.023	5.778	9.0185	190.56	67.208	-0.37
251400.0	1.9136	6.001	4.0126	6.1285	8.8465	177.84	70.938	-0.37
252000.0	1.89648	5.9866	4.0154	6.205	8.724	161.04	76.168	-0.37
252600.0	1.8744	5.97	4.0204	5.791	8.352	153.43	79.32300000000002	-0.37
253200.0	1.81728	5.9372	4.046	5.2395	8.4845	183.27	70.844	-0.37
253800.0	1.86352	5.9548	4.0154	5.672999999999999	8.683	175.78	72.885	-0.37
254400.0	1.84224	5.9342	4.0168	6.164	8.588	155.12	79.7	-0.37
255000.0	1.82544	5.9232	4.0212	5.994	8.172	138.43	85.38600000000002	-0.37
255600.0	1.7726400000000002	5.8952	4.0482	6.127999999999999	8.324	143.92	85.131	-0.37
256200.0	1.7697599999999998	5.897	4.0538	5.9445	8.869	183.04	72.128	-0.37
256800.0	1.7824	5.8958	4.0378	5.3985	8.3275	163.2	78.456	-0.37
257400.0	1.7622400000000005	5.8768	4.0398	5.853	7.9685	131.72	89.985	-0.37
258000.0	1.73472	5.8606	4.053	6.0885	8.017000000000001	122.74	93.977	-0.37
258600.0	1.74032	5.865	4.052	6.129	8.152999999999999	131.18	90.665	-0.37
259200.0	1.7280000000000002	5.8624	4.0582	6.2735	8.671	160.75	80.327	-0.37
259800.0	1.7537599999999998	5.874	4.046	5.607	8.5355	166.56	77.903	-0.37
260400.0	1.7624	5.867000000000001	4.0312	5.1165	7.847	148.12	83.883	-0.37
261000.0	1.75392	5.8552	4.0268	5.0425	7.465	130.08	90.804	-0.37
261600.0	1.71888	5.834	4.0414	6.2605	8.014	123.72	94.351	-0.37
262200.0	1.676	5.815	4.0646	6.206	8.2865	136.63	90.669	-0.37
262800.0	1.6913599999999998	5.8282	4.0602	6.4575	8.9055	167.04	79.03699999999998	-0.37
263400.0	1.7064	5.8304	4.051	5.332000000000002	8.5025	169.66	78.077	-0.37
264000.0	1.72304	5.8322	4.033	5.184	7.859	148.43	84.926	-0.37
264600.0	1.71072	5.8194	4.0344	5.7010000000000005	7.6355	118.69	97.068	-0.37
265200.0	1.71104	5.8188	4.0328	5.9925	7.7945	113.34	99.075	-0.37
265800.0	1.6905599999999998	5.811	4.0464	6.2105	8.2595	136.78	90.629	-0.37
266400.0	1.70416	5.8206	4.0424	6.3275	8.7955	163.43	80.42699999999998	-0.37
267000.0	1.69392	5.8034	4.0362	6.167000000000002	8.628	148.59	85.45	-0.37
267600.0	1.6931200000000002	5.7914	4.0234	5.178	7.691	131.23	92.402	-0.37
268200.0	1.68464	5.7796	4.021	5.3039999999999985	7.356	116.7	98.835	0.165
268800.0	1.6505599999999998	5.7586	4.0324	6.2825	8.0975	117.38	99.484	7.127000000000002
269400.0	1.58464	5.7292	4.0706	6.2855	8.472000000000001	148.49	89.198	-0.37
270000.0	1.6528	5.766	4.0404	6.4445	8.833	158.57	83.133	-0.37
270600.0	1.6665599999999998	5.7616	4.0214	5.885	8.373	140.96	89.59	-0.37
271200.0	1.64512	5.7394	4.0196	5.1555	7.3725	124.18	98.138	-0.37
271800.0	1.63504	5.7296	4.0208	5.2065	7.397	124.34	97.435	-0.37
272400.0	1.59488	5.7028	4.0334	5.1160000000000005	7.3805	128.06	97.615	-0.37
273000.0	1.58	5.6958	4.041	5.4205	7.9129999999999985	148.27	88.95299999999997	-0.37
273600.0	1.5923200000000002	5.7016	4.0360000000000005	6.1615	8.648	163.37	83.234	-0.37
274200.0	1.60688	5.7012	4.0204	6.1610000000000005	8.439	139.51	92.263	-0.37
274800.0	1.6176	5.6976	4.0064	5.8335	7.7565	120.37	99.486	4.279
275400.0	1.55184	5.6610000000000005	4.0344	6.0275	7.8625	119.04	99.49	11.634
276000.0	1.53824	5.6526	4.0404	6.0675	7.9455	124.13	99.49	9.229
276600.0	1.50816	5.6414	4.0592	6.1885	8.3125	145.3	93.56	0.153
277200.0	1.56256	5.6702	4.0336	6.186	8.4145	146.69	90.787	-0.37
277800.0	1.61008	5.687	4.0026	5.12	7.465	120.89	98.714	2.821
278400.0	1.53888	5.6418	4.0292	5.526	7.2485	105.9	99.49	14.427
279000.0	1.5179200000000002	5.6268	4.0338	5.73	7.5185	109.58	99.492	13.628
279600.0	1.49872	5.6154	4.0412	6.2155	8.027000000000001	121.45	99.495	10.571
280200.0	1.46064	5.597	4.063	6.3420000000000005	8.525	152.29	92.452	0.229
280800.0	1.51072	5.6228	4.0372	6.301	8.617	153.54	89.727	-0.37
281400.0	1.49632	5.6056	4.0352	5.301	7.849	140.13	96.169	-0.37
282000.0	1.5344	5.6178	4.0108	5.3645	7.525	125.22	99.493	6.125
282600.0	1.47728	5.5846	4.0314	5.2115	7.206	114.55	99.498	13.852
283200.0	1.46928	5.5792	4.0354	6.2189999999999985	8.0745	127.41	99.499	10.076
283800.0	1.44064	5.5686	4.052	6.355	8.541	153.65	92.462	0.278
284400.0	1.50752	5.6026	4.0208	6.3035	8.62	158.19	88.193	-0.37
285000.0	1.508	5.5954	4.0124	6.0885	8.3245	142.62	94.521	-0.371
285600.0	1.49184	5.5794	4.013	5.7465	7.85	131.75	99.496	6.916
286200.0	1.53712	5.5972	3.984	5.917999999999998	7.8085	120.02	99.497	8.897
286800.0	1.43472	5.5446	4.0342	5.957999999999998	8.0015	136.39	98.913	7.022
287400.0	1.47616	5.5718	4.0206	6.4875	8.856	173.76	82.615	-0.37
288000.0	1.5216	5.5902	3.9944	6.2835	8.908999999999997	177.84	80.336	-0.37
288600.0	1.49712	5.5644	3.9918	5.609	8.4525	171.13	83.665	-0.37
289200.0	1.48272	5.5412	3.9842	5.0965	7.9165	160.28	88.134	-0.37
289800.0	1.43328	5.5070000000000014	4.0002	5.1725	7.904	165.82	88.85	-0.37
290400.0	1.45664	5.5182	3.9872	6.5195	9.125	202.42	73.218	-0.37
291000.0	1.47984	5.5272	3.9724	6.204	8.937999999999997	189.56	77.30199999999998	-0.37
291600.0	1.49344	5.5298	3.9628	5.59	8.158999999999999	161.63	87.115	-0.37
292200.0	1.48912	5.5258	3.9624	4.8305	7.602	165.1	85.943	-0.37
292800.0	1.59872	5.5760000000000005	3.902	5.4045	7.8295	149.29	88.229	-0.37
293400.0	1.53056	5.547999999999999	3.9434	6.29	8.588	171.25	82.583	-0.37
294000.0	1.5224	5.5488	3.953	6.4035	9.0295	188.2	76.71	-0.37
294600.0	1.5179200000000002	5.5402	3.948	6.1865	8.717	174.76	81.815	-0.37
295200.0	1.49216	5.5198	3.9536	5.6375	8.251	160.5	87.846	-0.37
295800.0	1.43664	5.4852	3.9756	5.2879999999999985	8.0065	163.51	88.70200000000001	-0.37
296400.0	1.46688	5.506	3.965	5.9875	8.5875	187.47	77.923	-0.37
297000.0	1.5384	5.5508	3.9382	6.521	9.2015	203.13	71.633	-0.37
297600.0	1.50288	5.526	3.9498	6.435	9.199	206.55	70.891	-0.37
298200.0	1.508	5.5204	3.9404	5.7055	8.4255	170.73	83.294	-0.37
298800.0	1.52176	5.494	3.8976	5.0445	7.9595	171.06	82.74799999999998	-0.37
299400.0	1.5312	5.5696	3.9654	5.604	8.7265	206.56	70.03	-0.37
300000.0	1.58224	5.5920000000000005	3.9352	5.711	9.0615	218.3	65.421	-0.37
300600.0	1.59456	5.5892	3.9218	5.3205	8.6085	203.86	69.77600000000001	-0.37
301200.0	1.54112	5.5524	3.938	5.182	8.181000000000001	180.93	78.627	-0.37
301800.0	1.55632	5.5588	3.9278	5.497999999999998	8.6135	198.23	72.72	-0.37
302400.0	1.56272	5.566	3.9292	5.6945	8.967	210.62	68.369	-0.37
303000.0	1.6056	5.587999999999999	3.908	6.3115	9.0065	194.65	72.46600000000002	-0.37
303600.0	1.60256	5.5862	3.9098	6.0055	8.537	170.86	80.704	-0.37
304200.0	1.57392	5.5662	3.9188	6.19	8.623	165.76	82.954	-0.37
304800.0	1.55328	5.5576	3.93	6.0525	8.9295	193.14	74.509	-0.37
305400.0	1.57152	5.5644	3.9182	5.6695	9.022	213.55	67.403	-0.37
306000.0	1.59728	5.568	3.8972	5.7945	8.743	193.22	73.065	-0.37
306600.0	1.6328	5.5776	3.8704	6.23	8.828	180.59	76.756	-0.37
307200.0	1.6072	5.5588	3.8756	6.2855	8.9105	183.94	76.058	-0.37
307800.0	1.59488	5.5576	3.8894	6.4895	9.503	226.9	62.871	-0.37
308400.0	1.62592	5.5684	3.8694	5.431	8.894	211.58	66.779	-0.37
309000.0	1.61744	5.5616	3.8714	6.1320000000000014	8.774	196.97	71.282	-0.37
309600.0	1.6576	5.5832	3.8536	6.278	8.8965	189.92	72.39699999999998	-0.37
310200.0	1.66336	5.586	3.8508	6.2895	9.1195	210.58	66.084	-0.37
310800.0	1.7302400000000002	5.6212	3.818	6.749	9.729	234.44	57.871	-0.37
311400.0	1.81712	5.7204	3.831	5.8325	8.8765	199.47	66.344	-0.37
312000.0	1.83392	5.9084	4.0012	5.773	8.6115	188.32	69.166	-0.37
312600.0	1.81232	5.8908	4.004	5.5905	8.759	201.41	66.439	-0.37
313200.0	1.79088	5.876	4.0088	6.456	9.428	227.31	59.235	-0.37
313800.0	1.82272	5.8886	3.9914	6.5005	9.57	238.08	56.098	-0.37
314400.0	1.82752	5.8844	3.9824	6.2115	9.053	207.3	64.501	-0.37
315000.0	1.84672	5.8938	3.9734	6.204	8.9395	196.07	66.921	-0.37
315600.0	1.83136	5.8866	3.982	6.319	9.1055	202.37	65.72399999999999	-0.37
316200.0	1.75072	5.8442	4.0206	6.4965	9.452	228.04	59.547	-0.37
316800.0	1.7304	5.831	4.0246	6.5675	9.622	242.73	55.628	-0.37
317400.0	1.7473599999999998	5.8336	4.0112	6.3420000000000005	9.432	236.97	57.309	-0.37
318000.0	1.7953599999999998	5.8548	3.9842	6.4145	9.476	226.73	59.362	-0.37
318600.0	1.7619200000000002	5.8306	3.995	6.412000000000001	9.4405	227.66	59.774	-0.37
319200.0	1.7564799999999998	5.8236	3.9916	6.08	9.2825	228.73	59.537	-0.37
319800.0	1.73232	5.8036	3.9974	5.357	8.932	236.66	57.608	-0.37
320400.0	1.7336	5.799	3.9918	5.6965	9.188	241.92	55.742	-0.37
321000.0	1.7673599999999998	5.8078	3.9678	5.516	9.1045	232.92	57.785	-0.37
321600.0	1.73216	5.7858	3.9792	5.506	9.0555	234.51	58.344	-0.37
322200.0	1.7568	5.7958	3.9652	5.428	8.607999999999999	200.9	67.307	-0.37
322800.0	1.77632	5.8122	3.9614	6.3610000000000015	9.055	197.1	68.312	-0.37
323400.0	1.73168	5.794	3.9886	6.3125	9.2025	214.89	63.683	-0.37
324000.0	1.77968	5.8210000000000015	3.9676	6.3905	9.259	208.57	64.555	-0.37
324600.0	1.768	5.8146	3.9728	6.2405	9.1015	206.2	65.74	-0.37
325200.0	1.73792	5.7998	3.9878	6.265	9.03	196.38	69.045	-0.37
325800.0	1.77408	5.813	3.9654	5.9910000000000005	9.171	211.01	63.813	-0.37
326400.0	1.7262400000000002	5.7762	3.9762	5.627999999999999	9.1745	223.6	61.434	-0.37
327000.0	1.73344	5.768	3.9594	5.7595	9.156	224.33	61.096	-0.37
327600.0	1.80672	5.8018	3.9218	6.3465	9.268	215.83	62.06800000000001	-0.37
328200.0	1.85984	5.8288	3.8946	6.3405	9.228	212.21	62.195	-0.37
328800.0	1.85504	5.8272	3.898	6.422999999999999	9.345	220.38	60.674	-0.37
329400.0	1.78208	5.7874	3.931	5.3835	8.759	209.83	64.61399999999999	-0.37
330000.0	1.7342400000000002	5.7588	3.951	5.4155	8.536	199.03	68.546	-0.37
330600.0	1.7233599999999998	5.7512	3.9542	6.061	9.0615	214.3	64.46600000000001	-0.37
331200.0	1.72176	5.7468	3.953	6.3085	9.1445	204.09	66.985	-0.37
331800.0	1.6825599999999998	5.7216	3.9638	6.2595	9.1225	204.64	67.861	-0.37
332400.0	1.63888	5.694	3.9816	5.233	8.5445	198.96	70.007	-0.37
333000.0	1.61904	5.6786	3.9852	5.2565	8.3425	186.08	75.092	-0.37
333600.0	1.58896	5.6598	3.997	5.428	8.468	188.81	74.95100000000002	-0.37
334200.0	1.55712	5.641	4.0092	6.3415	8.892000000000003	188.36	75.947	-0.37
334800.0	1.51232	5.6134	4.0286	6.25	8.883	184.4	78.67699999999998	-0.37
335400.0	1.4660799999999998	5.5872	4.0472	6.2705	8.914	189.42	78.19	-0.37
336000.0	1.4755200000000002	5.5912	4.0396	6.244	8.8505	187.9	78.26	-0.37
336600.0	1.46944	5.587999999999999	4.0454	6.087999999999999	8.5885	172.51	84.147	-0.37
337200.0	1.4312	5.5682	4.0622	5.915	8.4415	166.85	87.29899999999998	-0.37
337800.0	1.4088	5.5526	4.067	4.988	7.8925	168.49	88.02600000000002	-0.37
338400.0	1.41392	5.5496	4.0608	5.6160000000000005	8.291	171.17	86.65700000000002	-0.371
339000.0	1.39968	5.5354	4.0604	5.4535	8.4555	186.76	80.837	-0.37
339600.0	1.4088	5.5348	4.0522	5.3665	8.4055	189.36	80.036	-0.37
340200.0	1.47088	5.5604	4.0154	5.273	8.2025	176.56	82.63600000000002	-0.37
340800.0	1.47872	5.5602	4.0072	5.1145	7.7605	154.2	91.325	-0.37
341400.0	1.45296	5.5468	4.0208	5.1435	7.6225	148.43	95.27	-0.371
342000.0	1.4704	5.5568	4.0116	5.3285	8.0295	163.21	87.441	-0.37
342600.0	1.5219200000000002	5.5832	3.9868	5.75	8.2315	162.76	85.883	-0.37
343200.0	1.54464	5.5926	3.9738	6.0905	8.1965	139.37	94.945	-0.37
343800.0	1.61136	5.6268	3.9392	5.831	7.7045	120.38	99.489	6.242000000000001
344400.0	1.58976	5.6132	3.9496	5.872000000000001	7.6845	119.59	99.49	10.494000000000002
345000.0	1.56816	5.6052	3.9642	6.15	8.2055	141.43	92.883	0.519
345600.0	1.61568	5.6320000000000014	3.9442	6.0779999999999985	8.4365	151.83	87.325	-0.37
346200.0	1.58176	5.61	3.954	4.932	7.398	132.22	96.222	-0.37
346800.0	1.61968	5.6232	3.9302	5.1445	7.0875	111.8	99.49	9.329
347400.0	1.57216	5.5956	3.9488	6.3679999999999986	7.9345	111.84	99.49	12.512
348000.0	1.56096	5.5886	3.9532	6.053	7.92	120.54	99.49	8.556000000000001
348600.0	1.58128	5.603	3.9464	6.346	8.558	157.04	86.215	-0.37
349200.0	1.62	5.6242	3.9304	6.1165	8.466000000000001	155.55	85.568	-0.37
349800.0	1.63568	5.6276	3.9194	5.725	8.072000000000001	139.89	90.926	-0.37
350400.0	1.6542400000000002	5.632999999999999	3.9046	4.83	7.1105	122.51	97.853	-0.37
351000.0	1.64432	5.625	3.9076	5.9685	7.7055	118.62	99.49	-0.37
351600.0	1.61344	5.6118	3.9242	6.2805	8.183	130.74	96.041	-0.37
352200.0	1.6136	5.6168	3.9306	6.3370000000000015	8.555	157.54	85.506	-0.37
352800.0	1.5788799999999998	5.5954	3.9426	6.3255	8.655	154.27	87.26100000000002	-0.37
353400.0	1.60176	5.5984	3.9238	6.1415	8.35	140.69	92.228	-0.371
354000.0	1.58144	5.582000000000002	3.927	6.211	8.0355	125.05	99.491	2.745
354600.0	1.57248	5.5758	3.9308	6.2410000000000005	8.246	127.56	98.764	-0.37
355200.0	1.5512	5.564	3.9394	5.1295	7.694	147.2	90.964	-0.37
355800.0	1.55984	5.5684	3.9366	5.956	8.497	167.25	82.788	-0.37
356400.0	1.58704	5.5744	3.9138	6.211	8.567	149.78	89.214	-0.37
357000.0	1.54848	5.545	3.9224	5.872999999999998	7.9635	132.18	97.566	-0.37
357600.0	1.5592	5.5452	3.9122	5.9725	7.942	126.72	99.493	4.908
358200.0	1.49472	5.506	3.9394	6.0755	8.0525	129.39	99.493	9.18
358800.0	1.48336	5.4624	3.9066	6.2315	8.427	150.74	92.148	-0.37
359400.0	1.49776	5.539	3.9688	5.9935	8.4355	155.78	90.099	-0.37
360000.0	1.4968	5.5324	3.9598	4.8785	7.5545	141.99	95.949	-0.37
360600.0	1.53504	5.5470000000000015	3.9386	4.772	6.996	120.09	99.49	9.241
361200.0	1.48768	5.517	3.9568	5.9555	7.651	119.99	99.496	12.326
361800.0	1.48144	5.511	3.9578	6.695	8.4145	121.2	99.499	11.99
362400.0	1.4456	5.4912	3.9726	5.836	7.925	133.54	99.5	7.779
363000.0	1.45184	5.4988	3.9734	6.205	8.3975	152.93	92.443	-0.37
363600.0	1.45712	5.4992	3.968	6.246	8.427999999999999	144.28	95.711	-0.37
364200.0	1.5084799999999998	5.52	3.9372	5.55	7.6555	122.44	99.499	8.816
364800.0	1.43584	5.477	3.9684	5.6385	7.38	110.27	99.5	15.636
365400.0	1.43552	5.4742	3.9624	5.475	7.322	106.4	99.501	15.544
366000.0	1.4072	5.4586	3.978	5.881	7.6005	116.07	99.502	14.218
366600.0	1.372	5.4428	3.9982	6.42	8.4815	144.37	98.765	3.878
367200.0	1.4680000000000002	5.4862	3.9452	5.9925	8.1975	134.89	99.498	3.847
367800.0	1.40496	5.4454	3.9676	5.035	7.275	118.89	99.5	14.967
368400.0	1.3768	5.4248	3.9734	4.9575	6.9625	117.28	99.501	14.248
369000.0	1.4352	5.4486	3.9396	5.3645	7.3915	115.18	99.501	14.823
369600.0	1.3832	5.4166	3.9588	5.5465	7.5165	125.55	99.505	13.156
370200.0	1.36656	5.41	3.9694	6.4110000000000005	8.427999999999999	142.87	99.507	8.561
370800.0	1.40464	5.4308	3.9534	5.8925	7.994	135.39	99.503	11.24
371400.0	1.4008	5.4262	3.9504	6.044	8.035	131.98	99.509	11.717
372000.0	1.4192	5.4322	3.9394	5.832000000000002	7.6525	117.93	99.506	14.675999999999998
372600.0	1.42176	5.4314	3.9336	5.454	7.45	115.71	99.505	14.777
373200.0	1.42688	5.4326	3.9328	4.868	7.0855	124.62	99.508	11.796
373800.0	1.4156799999999998	5.4318	3.9422	5.4785	7.892	151.11	95.034	0.927
374400.0	1.4576	5.4522	3.9222	5.7	8.033	149.28	94.121	-0.37
375000.0	1.50912	5.474	3.8916	6.125	8.201	133.97	98.718	2.311
375600.0	1.43504	5.4294	3.9196	5.8445	7.7915	121.98	99.501	13.557
376200.0	1.38624	5.4008	3.941	5.7410000000000005	7.851	128.28	99.5	12.746
376800.0	1.28976	5.3526	3.99	5.063	7.8095	157.9	96.449	2.63
377400.0	1.36176	5.3916	3.9578	5.437	8.2065	167.96	90.01299999999998	-0.371
378000.0	1.3896	5.4028	3.9376	5.3435	8.033999999999999	154.16	94.599	-0.37
378600.0	1.42096	5.415	3.9206	5.283	7.542999999999998	133.68	99.495	9.616
379200.0	1.38656	5.3954	3.9348	6.1955	8.2095	134.84	99.5	11.306
379800.0	1.32304	5.362	3.9652	6.2245	8.507	156.91	95.553	5.555
380400.0	1.39808	5.4062	3.9338	6.405	8.976	183.62	82.08	-0.37
381000.0	1.42848	5.416	3.913	6.1035	8.7415	166.29	87.848	-0.37
381600.0	1.42608	5.4096	3.91	5.0185	7.7705	150.6	95.086	-0.371
382200.0	1.4152	5.399	3.9106	5.53	7.8685	142.31	99.015	2.133
382800.0	1.34576	5.3656	3.9472	6.2785	8.587	162.13	93.101	1.267
383400.0	1.46032	5.4312	3.8954	6.5305	9.2925	198.26	74.943	-0.37
384000.0	1.50192	5.4460000000000015	3.8702	6.3435	9.113	189.76	76.619	-0.37
384600.0	1.53312	5.454	3.8496	5.912000000000001	8.4685	162.15	86.024	-0.37
385200.0	1.55856	5.4642	3.832	5.188	7.9555	155.48	87.6	-0.37
385800.0	1.53728	5.4558	3.8438	5.3765	8.384	185.21	77.172	-0.37
386400.0	1.55088	5.4608	3.8406	5.667999999999998	9.0	205.89	70.16	-0.37
387000.0	1.5139200000000002	5.431	3.8436	5.3245	8.5115	185.92	77.702	-0.37
387600.0	1.50576	5.4224	3.8418	6.066	8.559	170.95	83.7	-0.37
388200.0	1.47456	5.4060000000000015	3.8588	6.336	8.9475	182.27	80.2	-0.37
388800.0	1.48944	5.419	3.8568	6.5015	9.32	197.95	74.24600000000002	-0.37
389400.0	1.5339200000000002	5.439	3.8312	6.3679999999999986	9.1175	182.62	78.14399999999998	-0.37
390000.0	1.56128	5.4496	3.813	5.426	8.1785	159.45	86.05	-0.37
390600.0	1.53968	5.4352	3.823	5.2429999999999986	7.9035	155.54	87.98299999999998	-0.37
391200.0	1.57648	5.457999999999998	3.8078	6.0365	8.798	189.65	74.925	-0.37
391800.0	1.62208	5.4824	3.7874	6.6045	9.392	200.25	70.215	-0.37
392400.0	1.624	5.4772	3.779	6.27	9.103	191.34	73.12100000000002	-0.37
393000.0	1.6224	5.5424	3.8472	6.127999999999999	8.8395	180.9	76.52600000000002	-0.37
393600.0	1.62496	5.6946	3.996	5.64	8.561	175.23	77.782	-0.37
394200.0	1.63216	5.6972	3.9908	5.2635	8.4595	183.59	75.38600000000002	-0.37
394800.0	1.6544	5.7029999999999985	3.9746	5.6015	8.756	189.1	72.883	-0.37
395400.0	1.68416	5.7106	3.9512	5.3445	8.5905	190.29	72.148	-0.37
396000.0	1.71856	5.7226	3.9302	5.6115	8.665	190.23	71.249	-0.37
396600.0	1.7576	5.7432	3.914	6.568	9.3215	201.56	66.686	-0.37
397200.0	1.7993599999999998	5.7646	3.8918	6.3715	9.2445	196.28	67.781	-0.37
397800.0	1.81296	5.7664	3.881	6.143	8.8885	180.52	72.123	-0.37
398400.0	1.80624	5.7608	3.8792	5.7675	8.576	169.82	75.70100000000002	-0.37
399000.0	1.84752	5.7782	3.8572	5.1345	8.042	162.6	77.109	-0.37
399600.0	1.83264	5.7668	3.8618	5.956	8.6345	174.84	73.22	-0.37
400200.0	1.87264	5.7926	3.848	6.58	9.33	200.0	65.475	-0.37
400800.0	1.91488	5.812	3.8226	6.425	9.299	205.04	63.479	-0.37
401400.0	1.92896	5.8152	3.8124	6.261	9.0875	194.89	65.694	-0.37
402000.0	1.90064	5.7972	3.823	6.153	8.9055	182.62	69.634	-0.37
402600.0	1.84192	5.7652	3.8506	6.1415	9.005	187.25	69.747	-0.37
403200.0	1.80896	5.744	3.8606	5.2860000000000005	8.6835	200.17	66.615	-0.37
403800.0	1.84176	5.756	3.8412	5.8495	9.253	223.49	59.092	-0.37
404400.0	1.884	5.7726	3.8166	6.141	9.3845	225.98	58.249	-0.37
405000.0	1.94544	5.8406	3.8226	6.526	9.5205	221.53	58.383	-0.37
405600.0	2.05488	6.1132	3.9848	6.504	9.4935	214.69	58.275	-0.37
406200.0	2.0632	6.1168	3.9816	6.2105	9.183	201.09	62.379	-0.37
406800.0	2.044	6.1088	3.9908	6.3215	9.313	209.92	59.846	-0.37
407400.0	2.11536	6.1438	3.952	5.5775	9.094	218.57	56.94300000000001	-0.37
408000.0	2.06208	6.1016	3.9672	5.8585	9.2905	230.16	54.125	-0.37
408600.0	2.14256	6.1396	3.9224	6.5975	9.6225	230.3	53.435	-0.37
409200.0	2.164	6.1464	3.9096	6.54	9.63	225.16	54.521	-0.37
409800.0	2.16368	6.143	3.9054	6.4605	9.511	219.19	56.575	-0.37
410400.0	2.05408	6.082999999999998	3.9552	6.266	9.2865	208.25	60.219	-0.37
411000.0	2.004	6.0564	3.9786	6.3285	9.3295	214.36	59.26600000000001	-0.37
411600.0	1.97536	6.0396	3.9896	6.265	9.424	223.34	57.381	-0.37
412200.0	2.00656	6.0524	3.9712	5.507999999999999	9.157	232.8	54.604	-0.37
412800.0	2.03536	6.0604	3.9524	5.7315	9.238	230.74	54.743	-0.37
413400.0	2.05536	6.068	3.937	6.6	9.648	227.58	55.801	-0.37
414000.0	1.9192	5.9934	3.9982	6.4025	9.558	226.01	57.201	-0.37
414600.0	1.93568	5.9974	3.9874	6.3635	9.409	213.2	61.105	-0.37
415200.0	1.9328	5.9948	3.9878	5.9955	9.001	195.42	65.51100000000001	-0.37
415800.0	1.91904	5.9868	3.994	5.1935	8.5975	200.95	64.579	-0.37
416400.0	1.90864	5.9792	3.9976	5.5635	8.8485	207.83	62.631	-0.37
417000.0	1.90032	5.9688	3.9938	6.0485	9.1955	214.56	61.35	-0.37
417600.0	1.87456	5.9508	4.0008	6.5195	9.4655	212.23	61.841	-0.37
418200.0	1.81104	5.9110000000000005	4.025	6.284	9.0725	190.79	69.314	-0.37
418800.0	1.8112	5.8104	3.9286	6.192	8.8565	176.45	72.965	-0.371
419400.0	1.90736	5.9106	3.9304	6.112	8.683	166.8	74.538	-0.37
420000.0	1.84736	5.8802	3.9598	5.599	8.2245	158.68	78.566	-0.37
420600.0	1.81248	5.8608	3.975	5.032	7.9435	165.4	76.709	-0.37
421200.0	1.85584	5.8792	3.9488	5.5395	8.486	179.97	71.206	-0.37
421800.0	2.0328	5.9672	3.861	5.914	8.6105	178.33	68.805	-0.37
422400.0	2.01872	5.9554	3.8632	6.3545	8.869	171.3	71.007	-0.37
423000.0	2.00768	5.9466	3.8652	6.221	8.795	170.83	71.191	-0.37
423600.0	2.0158400000000003	5.9476	3.8568	5.655	8.5195	166.76	71.83800000000002	-0.37
424200.0	2.00272	5.9322	3.8566	5.0005	7.875	157.25	75.51899999999998	-0.37
424800.0	1.9976	5.9246	3.8536	5.3355	7.99	152.13	76.665	-0.37
425400.0	1.99488	5.9206	3.8522	5.2195	7.8605	149.07	77.979	-0.37
426000.0	1.94528	5.893	3.8742	5.789	8.126	150.9	78.602	-0.37
426600.0	1.96768	5.9048	3.864	6.2410000000000005	8.497	151.86	77.60300000000002	-0.37
427200.0	1.9712	5.9062	3.8612	6.131	8.451	151.63	77.73	-0.37
427800.0	1.98112	5.9104	3.856	6.096	8.3995	151.17	77.891	-0.37
428400.0	1.9792	5.9082	3.8552	5.5775	8.0455	142.77	80.285	-0.37
429000.0	1.97088	5.9028	3.8602	4.993	7.5	138.17	81.499	-0.37
429600.0	1.94224	5.8848	3.8708	5.568	7.8105	135.65	83.355	-0.37
430200.0	1.93088	5.8784	3.876	6.16	8.2105	135.38	84.02799999999998	-0.37
430800.0	1.90528	5.8632	3.8844	6.1610000000000005	8.29	139.57	83.095	-0.37
431400.0	1.90288	5.8598	3.8846	6.122000000000001	8.276	140.82	82.569	-0.37
432000.0	1.88384	5.846	3.8888	5.9289999999999985	8.2465	142.04	82.255	-0.37
432600.0	1.88432	5.8446	3.8884	4.9495	7.6085	144.62	81.777	-0.37
433200.0	1.85856	5.8272	3.8964	5.2975	7.8735	150.33	80.771	-0.37
433800.0	1.86464	5.8282	3.89	5.3545	7.957999999999998	150.57	80.57	-0.37
434400.0	1.83392	5.8096	3.902	6.154	8.386000000000001	150.49	81.59899999999998	-0.37
435000.0	1.82208	5.8012	3.9084	6.221	8.521	149.73	81.691	-0.37
435600.0	1.81168	5.792000000000002	3.906	6.0710000000000015	8.3845	147.39	82.95299999999997	-0.37
436200.0	1.81008	5.7848	3.9006	6.0760000000000005	8.4	148.82	82.463	-0.37
436800.0	1.80976	5.78	3.8956	6.055	8.3355	145.06	83.338	-0.37
437400.0	1.80784	5.774	3.8934	6.024	8.339	145.5	83.795	-0.37
438000.0	1.79728	5.7668	3.8948	5.2905	7.8635	144.86	83.77600000000002	-0.37
438600.0	1.79424	5.7548	3.8876	5.4985	8.113	157.22	80.251	-0.37
439200.0	1.80864	5.752999999999999	3.87	6.2475	8.5495	156.4	80.182	-0.37
439800.0	1.78688	5.7334	3.8736	6.1265	8.5045	160.09	79.315	-0.37
440400.0	1.78832	5.7258	3.8644	6.171	8.4465	153.84	81.72399999999998	-0.37
441000.0	1.75408	5.7068	3.8812	5.8955	7.9955	141.99	86.325	-0.37
441600.0	1.73616	5.6964	3.8882	5.825	8.1575	154.39	82.273	-0.37
442200.0	1.74416	5.7	3.8832	4.869	7.4345	143.98	85.912	-0.37
442800.0	1.68704	5.6612	3.8996	5.471	8.3275	181.19	74.778	-0.37
443400.0	1.68304	5.6276	3.8716	6.424	9.635	260.68	51.31800000000001	-0.37
444000.0	1.7337599999999995	5.6598	3.8536	6.5025	9.5905	246.35	55.456	-0.37
444600.0	1.6558400000000002	5.7438	4.0132	6.393	8.5325	216.9	65.043	-0.37
445200.0	1.6808	5.745	3.991	6.1265	8.3415	275.22	47.924	-0.37
445800.0	1.67136	5.7264	3.981	6.2455	8.5175	272.87	48.995	-0.37
446400.0	1.63088	5.7032	3.9992	5.9905	8.0575	267.62	50.652	-0.37
447000.0	1.6208	5.6944	4.001	5.5035	8.0005	262.44	51.784	-0.37
447600.0	1.62032	5.6888	3.9938	5.2970000000000015	7.7225	239.63	58.659	-0.37
448200.0	1.6878400000000002	5.7276	3.9622	5.791	7.4929999999999986	181.1	76.07600000000002	0.165
448800.0	1.63312	5.7174	4.0104	5.624	6.5685	102.56	99.49	13.538
449400.0	1.55936	5.7026	4.0696	6.385	7.2625	100.45	99.49	14.639
450000.0	1.53664	5.7142	4.1014	5.6575	6.848	113.34	99.49	11.532
450600.0	1.51616	5.7254	4.1348	5.5995	7.2615	149.88	91.004	-0.37
451200.0	1.55376	5.7482	4.1196	4.8535	7.055	127.77	99.488	4.839
451800.0	1.51984	5.7208	4.1264	5.2975	7.43	118.93	99.49	12.02
452400.0	1.51888	5.7144	4.1194	5.2665	7.3035	118.88	99.49	12.091
453000.0	1.51456	5.7178	4.1278	6.0175	7.625	125.65	99.49	9.765
453600.0	1.52272	5.7302	4.1322	6.0785	7.762	124.18	99.49	10.842
454200.0	1.50864	5.7286	4.1446	5.8925	7.5925	119.92	99.491	12.384
454800.0	1.5184	5.7356	4.1402	5.9845	7.8235	121.56	99.498	10.951
455400.0	1.49872	5.722	4.149	6.0905	8.077	128.39	99.498	10.184
456000.0	1.49824	5.7192	4.1468	5.0235	7.4865	132.64	99.493	5.034
456600.0	1.49696	5.7120000000000015	4.1392	5.042	7.3175	125.27	99.496	11.322
457200.0	1.50688	5.714	4.134	5.8645	7.7915	124.4	99.497	10.822
457800.0	1.49312	5.7064	4.1382	6.2225	8.187999999999999	128.72	99.498	9.403
458400.0	1.4835200000000002	5.6988	4.1414	5.926	8.0285	132.67	99.498	7.33
459000.0	1.49056	5.6996	4.1352	5.98	8.0995	133.81	99.498	3.696
459600.0	1.53808	5.722	4.109	5.0755	7.627000000000002	139.21	95.147	-0.37
460200.0	1.56384	5.7298	4.0908	5.33	7.997000000000001	156.81	86.74700000000001	-0.37
460800.0	1.57952	5.735	4.0792	5.252999999999999	8.039	155.84	86.611	-0.37
461400.0	1.55616	5.7236	4.0914	5.9045	8.4305	163.78	84.70700000000002	-0.37
462000.0	1.5719999999999998	5.7348	4.0876	6.4835	9.1445	182.25	77.495	-0.37
462600.0	1.56576	5.7308	4.0914	6.3645	9.137	186.86	76.015	-0.37
463200.0	1.55328	5.7242	4.095	6.2715	9.0415	188.08	75.9	-0.37
463800.0	1.53616	5.7170000000000005	4.1044	5.657	9.0365	210.0	68.98	-0.37
464400.0	1.5759999999999998	5.7322	4.0812	5.5555	8.865	193.34	74.04899999999998	-0.37
465000.0	1.56416	5.7192	4.0782	5.796	8.782	181.93	78.054	-0.37
465600.0	1.53776	5.7014	4.0888	6.6035	9.477	197.59	73.25399999999998	-0.37
466200.0	1.5364799999999998	5.697	4.086	6.3735	9.487	209.1	69.548	-0.37
466800.0	1.53472	5.6896	4.0792	6.295	9.2515	194.49	74.131	-0.37
467400.0	1.5288	5.6868	4.0836	6.158	9.2405	202.05	71.70100000000002	-0.37
468000.0	1.55664	5.7008	4.0682	5.3535	8.76	195.54	73.27	-0.37
468600.0	1.53632	5.6952	4.0842	5.8279999999999985	9.508	236.25	60.69300000000001	-0.37
469200.0	1.55232	5.7054	4.0776	6.5665	10.104	266.18	52.213	-0.37
469800.0	1.55904	5.6652	4.0316	6.7639999999999985	10.2645	261.21	53.788	-0.37
470400.0	1.55152	5.6458	4.018	6.454	9.8955	236.69	60.941	-0.37
471000.0	1.5264	5.6282	4.0272	6.527	9.9165	227.89	63.53100000000001	-0.37
471600.0	1.51856	5.6208	4.0280000000000005	6.555	9.966	237.94	60.612	-0.37
472200.0	1.5184	5.5082	3.917	5.742000000000001	9.76	256.15	55.771	-0.37
472800.0	1.53072	5.5814	3.978	5.8975	9.871	261.57	53.816	-0.37
473400.0	1.52224	5.5716	3.9734	6.1845	10.016	268.05	51.897	-0.37
474000.0	1.5248	5.5698	3.9718	6.664	10.149	256.28	55.57	-0.37
474600.0	1.49808	5.5566	3.9862	6.706	10.2205	259.59	54.535	-0.37
475200.0	1.47792	5.545	3.993	6.523	9.9565	245.47	59.595	-0.37
475800.0	1.46832	5.5392	3.9976	6.705	10.1095	251.0	57.846	-0.37
476400.0	1.48	5.5406	3.9872	6.4695	9.94	245.54	58.9	-0.37
477000.0	1.50416	5.5448	3.9674	5.8765	9.8515	252.99	56.39100000000001	-0.37
477600.0	1.54576	5.5536	3.9338	5.896	9.9165	258.01	54.34	-0.37
478200.0	1.54448	5.542999999999998	3.925	6.0875	9.821	252.76	55.718	-0.37
478800.0	1.5928	5.5636	3.8996	6.695	10.0865	250.79	55.65600000000001	-0.37
479400.0	1.6481599999999998	5.5914	3.8714	6.5315	9.951	251.18	55.017	-0.37
480000.0	1.6585599999999998	5.5972	3.8658	6.6915	10.116	252.9	54.087	-0.37
480600.0	1.66464	5.5966	3.8594	6.442	9.9	241.89	57.245	-0.37
481200.0	1.66688	5.597	3.8582	5.6835	9.674	261.92	51.416	-0.37
481800.0	1.7153599999999998	5.6192	3.8294	5.977	9.897	266.22	49.917	-0.37
482400.0	1.7180799999999998	5.6152	3.822	6.1675	9.8805	258.29	51.778	-0.37
483000.0	1.77616	5.6462	3.7976	6.6805	10.0945	257.94	50.938	-0.37
483600.0	1.78272	5.841	3.9828	6.6025	10.0515	245.16	54.216	-0.37
484200.0	1.82352	5.8864	3.988	6.5935	9.9925	248.48	53.476000000000006	-0.37
484800.0	1.84672	5.9	3.9776	6.322	9.9715	257.22	50.537	-0.37
485400.0	1.852	5.8964	3.9714	5.6325	9.7065	263.06	48.57100000000001	-0.37
486000.0	1.89136	5.9096	3.9442	6.0155	9.932	264.67	48.747	-0.37
486600.0	1.85264	5.8836	3.957	6.7495	10.16	259.92	49.792	-0.37
487200.0	1.84112	5.7810000000000015	3.8666	6.816	10.397	275.27	46.15600000000001	-0.37
487800.0	1.86128	5.8908	3.9588	6.5955	10.157	259.49	49.334	-0.37
488400.0	1.8568	5.8912	3.9614	6.4895	9.913	250.19	52.14100000000001	-0.37
489000.0	1.87744	5.9	3.9494	6.5185	10.136	254.11	51.027	-0.37
489600.0	1.92544	5.9162	3.9174	5.8425	10.047	270.63	46.019	-0.37
490200.0	1.95904	5.9216	3.8902	5.962999999999999	9.997	268.33	46.008	-0.37
490800.0	1.9472	5.9102	3.8888	6.444	9.9825	253.87	49.908	-0.37
491400.0	1.9552	5.9148	3.8858	6.6805	10.241	267.09	46.167	-0.37
492000.0	1.99088	5.932	3.8674	6.665	10.209	262.9	47.833	-0.37
492600.0	1.99648	5.9314	3.8612	6.574	10.0535	255.28	49.54600000000001	-0.37
493200.0	2.02416	5.9406	3.8438	6.3005	10.1725	267.88	45.576	-0.37
493800.0	1.96448	5.8942	3.8586	5.8325	9.9985	270.43	45.147	-0.37
494400.0	1.96608	5.8798	3.8408	5.6855	9.7335	259.67	48.486	-0.37
495000.0	1.98432	5.8818	3.8246	6.4385	10.0805	263.16	47.484	-0.37
495600.0	2.03424	5.9108	3.8034	6.5385	10.0085	256.85	48.856	-0.37
496200.0	2.08368	5.9384	3.7796	6.5235	9.8605	249.12	50.14	-0.37
496800.0	2.07872	5.9396	3.7872	6.455	9.708	239.83	52.018	-0.37
497400.0	2.07312	5.9376	3.7926	6.4385	9.68	231.43	54.65600000000001	-0.37
498000.0	2.0344	5.914	3.8056	6.3795	9.828	244.55	51.42100000000001	-0.37
498600.0	2.05776	5.915	3.7848	5.4345	9.3115	234.73	53.547	-0.37
499200.0	2.0491200000000003	5.9028	3.7806	5.999	9.509	229.86	55.091	-0.37
499800.0	1.91472	5.8312	3.843	6.5995	9.8425	240.45	53.931	-0.37
500400.0	1.86624	5.8064	3.8688	6.601	9.9565	250.8	51.913	-0.37
501000.0	1.91024	5.8282	3.8448	6.522	9.7795	234.6	55.798	-0.37
501600.0	1.79808	5.7692	3.8988	6.3025	9.3965	212.55	63.429	-0.37
502200.0	1.8344	5.7882	3.8804	5.9195	9.298	214.71	61.959	-0.37
502800.0	1.87984	5.8064	3.8534	5.5	9.2055	224.49	59.038	-0.37
503400.0	1.87472	5.792999999999998	3.8434	5.5905	9.206	219.95	60.035	-0.37
504000.0	1.8552	5.775	3.8466	5.693	9.1965	217.89	61.01600000000001	-0.37
504600.0	1.7841599999999995	5.7360000000000015	3.8784	6.4965	9.6105	222.84	60.807	-0.37
505200.0	1.7888	5.7368	3.8736	6.4465	9.577	215.03	62.56	-0.37
505800.0	1.764	5.7222	3.8862	6.2620000000000005	9.3165	203.76	66.465	-0.37
506400.0	1.7792	5.728	3.8752	5.4125	8.76	195.94	68.727	-0.37
507000.0	1.77024	5.7174	3.8746	5.5555	8.764	194.11	68.868	-0.37
507600.0	1.7102400000000002	5.6796	3.897	6.1165	8.9875	189.15	71.84100000000002	-0.37
508200.0	1.6862400000000002	5.664	3.905	6.422999999999999	9.227	195.31	70.13600000000001	-0.37
508800.0	1.69344	5.6616	3.8962	6.3325	9.2195	196.59	70.053	-0.37
509400.0	1.7456	5.682	3.863	6.2565	9.0485	186.15	72.03699999999998	-0.37
510000.0	1.80928	5.7072	3.8262	6.0435	8.9255	183.78	71.566	-0.37
510600.0	1.7504	5.6676	3.8442	5.1295	8.096	166.93	78.384	-0.37
511200.0	1.6496	5.6068	3.8846	5.5115	8.331	170.33	79.83	-0.37
511800.0	1.70144	5.627999999999999	3.855	5.6245	8.506	184.56	73.33800000000002	-0.37
512400.0	1.82576	5.6944	3.7966	6.3765	9.0445	193.42	68.056	-0.37
513000.0	1.90928	5.7632	3.782	6.097	8.541	166.3	74.49600000000002	-0.37
513600.0	1.90144	5.996	4.018	5.587999999999999	7.937	143.83	81.94	-0.37
514200.0	1.90976	5.9976	4.0126	4.913	7.5905	149.13	79.86	-0.37
514800.0	1.89456	5.9884	4.0186	5.2860000000000005	7.8045	150.1	80.273	-0.37
515400.0	1.90368	5.9936	4.017	5.645	8.5215	168.77	73.653	-0.37
516000.0	1.84976	5.96	4.0364	6.001	8.3345	156.67	79.19800000000002	-0.37
516600.0	1.8376	5.9524	4.0404	6.1715	8.429	154.48	79.92699999999998	-0.37
517200.0	1.85488	5.9582	4.0294	6.0375	8.1805	141.6	83.62299999999998	-0.37
517800.0	1.85616	5.9574	4.0276	5.9785	8.1245	138.8	84.965	-0.37
518400.0	1.83616	5.9512	4.0422	6.178	8.4395	153.83	79.692	-0.37
519000.0	1.85632	5.9666	4.0352	6.1945	8.492	149.58	81.253	-0.37
519600.0	1.84688	5.961	4.0394	5.145	7.8275	146.98	82.103	-0.37
520200.0	1.83664	5.9494	4.0382	5.18	7.677	142.72	84.036	-0.37
520800.0	1.70576	5.8736	4.0936	5.3035	7.8975	150.64	85.473	-0.37
521400.0	1.64048	5.8368	4.1192	6.1560000000000015	8.432	156.66	84.538	-0.37
522000.0	1.7208	5.8812	4.0864	6.393	8.964	178.97	74.737	-0.37
522600.0	1.8088	5.921	4.0384	6.231	8.7785	165.64	77.04899999999998	-0.37
523200.0	1.8056	5.912000000000001	4.0322	5.0485	7.8245	149.45	82.35	-0.37
523800.0	1.7617599999999998	5.8814	4.0454	5.03	7.4220000000000015	130.51	90.61	-0.37
524400.0	1.76608	5.874	4.0332	5.6385	7.9295	137.2	87.85600000000002	-0.37
525000.0	1.77216	5.872000000000001	4.0256	6.1095	8.173	134.25	88.84700000000002	-0.37
525600.0	1.77312	5.8756	4.0286	6.284	8.6535	158.93	79.865	-0.37
526200.0	1.7846400000000002	5.8802	4.0214	6.357	8.8845	171.5	75.538	-0.37
526800.0	1.7672	5.8628	4.0208	6.1835	8.838	179.73	73.488	-0.37
527400.0	1.8006400000000002	5.8686	3.9926	6.2625	8.6925	165.12	77.718	-0.37
528000.0	1.75712	5.8374	4.0058	6.1955	8.0465	125.19	92.682	-0.37
528600.0	1.7528	5.8342	4.006	5.1395	7.4	125.35	92.481	-0.37
529200.0	1.71968	5.8184	4.025	5.3135	7.425	136.22	89.696	-0.37
529800.0	1.6969599999999998	5.8084	4.0384	6.3935	8.72	161.19	81.34899999999998	-0.37
530400.0	1.70288	5.8006	4.0232	6.3115	8.767000000000001	158.43	82.292	-0.37
531000.0	1.66048	5.7726	4.0386	5.8665	8.077	144.24	88.84700000000002	-0.37
531600.0	1.63408	5.7564	4.05	5.9995	7.9845	129.76	95.092	-0.37
532200.0	1.63344	5.7562	4.0488	4.949	7.153	121.54	98.996	1.041
532800.0	1.57776	5.7292	4.077	4.998	7.109	123.22	98.453	7.223
533400.0	1.6267200000000002	5.7602	4.0596	6.011	8.037	137.6	92.058	-0.37
534000.0	1.6496	5.776	4.0544	6.405	8.587	148.75	87.03200000000002	-0.37
534600.0	1.6336	5.7634	4.0556	5.8755	7.9315	126.46	96.553	-0.37
535200.0	1.63168	5.7584	4.0518	5.886	7.7755	115.73	99.483	9.002
535800.0	1.58368	5.7284	4.0706	5.8955	7.7285	113.4	99.488	12.293
536400.0	1.5352	5.7024	4.0932	5.9220000000000015	7.7955	117.48	99.49	11.62
537000.0	1.45776	5.6654	4.134	6.1995	8.326	141.47	97.346	3.341
537600.0	1.52	5.7004	4.1068	5.8279999999999985	8.1425	136.99	96.628	-0.37
538200.0	1.53904	5.7068	4.0928	4.812	7.178	120.83	99.489	8.448
538800.0	1.48272	5.6714	4.1142	5.05	7.0760000000000005	107.43	99.49	15.316
539400.0	1.4824	5.6656	4.1074	5.397	7.3455	112.23	99.491	13.065
540000.0	1.4672	5.6558	4.1134	6.1365	7.977	117.68	99.492	12.838
540600.0	1.42352	5.6342	4.1346	6.141	8.2555	136.46	99.059	6.649
541200.0	1.4715200000000002	5.6602	4.1118	6.2825	8.662	151.27	92.547	-0.37
541800.0	1.44848	5.6408	4.1172	5.489	8.1575	142.76	97.272	-0.37
542400.0	1.43488	5.6228	4.1142	5.1645	7.627999999999999	130.2	99.495	10.409
543000.0	1.40656	5.6014	4.1192	5.882999999999999	7.871	122.03	99.498	14.364
543600.0	1.41376	5.6036	4.1168	6.055	7.961	115.58	99.497	15.175999999999998
544200.0	1.4016	5.5984	4.1214	6.0205	8.022	124.51	99.5	12.45
544800.0	1.40272	5.603	4.1244	6.3175	8.6785	153.69	94.866	1.028
545400.0	1.44464	5.6184	4.0984	5.9910000000000005	8.539	147.13	95.896	-0.37
546000.0	1.46304	5.6202	4.0818	4.8245	7.5205	136.59	99.491	-0.37
546600.0	1.43696	5.6004	4.0878	5.3610000000000015	7.9285	145.65	96.684	1.209
547200.0	1.48464	5.4958	3.9386	6.1885	8.484	148.93	93.322	-0.37
547800.0	1.4795200000000002	5.5256	3.9712	6.4515	9.141	180.37	81.115	-0.37
548400.0	1.51072	5.5428	3.9592	6.689	9.7255	207.2	70.855	-0.37
549000.0	1.54432	5.5492	3.9318	5.8165	9.0895	189.7	75.556	-0.37
549600.0	1.5288	5.5324	3.9302	5.7015	8.4895	164.31	85.61	-0.37
550200.0	1.50032	5.5148	3.9388	5.1605	8.086	157.99	88.92200000000003	-0.37
550800.0	1.48544	5.507999999999999	3.9496	5.5395	8.705	182.47	79.923	-0.37
551400.0	1.5072	5.5124	3.9328	5.894	9.457	216.92	67.569	-0.37
552000.0	1.5016	5.4992	3.9242	6.3795	9.533	213.29	68.86399999999999	-0.37
552600.0	1.47248	5.482	3.9362	6.47	9.512	204.59	72.825	-0.37
553200.0	1.46832	5.4808	3.9392	6.2860000000000005	9.384	204.59	72.596	-0.37
553800.0	1.49984	5.5	3.9274	6.7225	9.93	225.49	64.36	-0.37
554400.0	1.52928	5.5218	3.9204	6.495	9.749	225.25	64.833	-0.37
555000.0	1.544	5.5288	3.9112	6.0075	9.494	216.8	66.803	-0.37
555600.0	1.57072	5.5284	3.8836	5.707999999999998	8.595	165.96	83.60799999999998	-0.37
556200.0	1.5064	5.4852	3.9046	5.283	8.116	153.85	90.131	-0.37
556800.0	1.4624	5.4626	3.9276	6.228	8.682	163.96	87.637	-0.37
557400.0	1.46224	5.4638	3.9282	6.607	9.589	199.0	74.637	-0.37
558000.0	1.48736	5.472	3.9112	6.459	9.5795	206.82	71.26899999999998	-0.37
558600.0	1.50528	5.475	3.8956	5.8715	8.9625	183.25	78.846	-0.37
559200.0	1.52416	5.4804	3.8852	5.244	8.4005	173.38	82.00299999999999	-0.37
559800.0	1.5164799999999998	5.476	3.8868	5.7535	8.451	162.62	85.97	-0.37
560400.0	1.47904	5.4562	3.903	6.4289999999999985	9.1955	180.71	80.919	-0.37
561000.0	1.51888	5.4756	3.8812	6.4755	9.463	200.27	72.48	-0.37
561600.0	1.55744	5.4902	3.8598	6.2620000000000005	9.214	188.61	76.084	-0.371
562200.0	1.5728	5.497000000000001	3.8516	6.2475	9.0645	182.65	77.24	-0.37
562800.0	1.5683200000000002	5.495	3.8528	6.2105	8.891	167.64	82.492	-0.37
563400.0	1.56816	5.4944	3.8534	6.0135	8.874	172.76	81.11399999999998	-0.37
564000.0	1.59664	5.5054	3.8366	5.3885	8.6055	180.61	76.945	-0.37
564600.0	1.65536	5.5306	3.802	6.04	9.005	186.62	73.32	-0.37
565200.0	1.6408	5.5206	3.8066	6.424	9.251	184.78	75.048	-0.37
565800.0	1.64976	5.5242	3.8012	6.3895	9.488	210.87	66.235	-0.37
566400.0	1.73248	5.8016	3.994	6.3055	9.221	185.02	72.934	-0.37
567000.0	1.70848	5.7828	3.9984	6.2695	9.031	174.14	76.602	-0.37
567600.0	1.74688	5.8028	3.9812	6.2545	9.025	171.68	76.414	-0.37
568200.0	1.80512	5.8332	3.9546	6.1295	9.069	182.75	71.714	-0.37
568800.0	1.76128	5.8039999999999985	3.9682	5.2879999999999985	8.684	187.6	70.977	-0.37
569400.0	1.75072	5.7924	3.9666	5.6415	8.9885	195.77	68.632	-0.37
570000.0	1.79248	5.811	3.9456	6.347	9.362	197.88	66.985	-0.37
570600.0	1.952	5.891	3.8666	6.4795	9.609	206.31	62.58600000000001	-0.37
571200.0	2.08688	5.9576	3.7966	6.4345	9.554	204.86	60.437	-0.37
571800.0	2.18432	6.2356	3.9768	6.4110000000000005	9.4455	192.54	63.208	-0.37
572400.0	2.20096	6.2854	4.0092	6.2285	9.023	177.31	66.501	-0.37
573000.0	2.21168	6.29	4.0044	6.4035	9.2435	183.41	64.38600000000001	-0.37
573600.0	2.23008	6.2984	3.995	6.2335	9.4215	202.84	59.098	-0.37
574200.0	2.29088	6.3216	3.9568	5.473	8.9595	203.38	58.725	-0.37
574800.0	2.2672	6.3039999999999985	3.963	6.1915	9.317	208.18	57.644	-0.37
575400.0	2.03808	6.1968	4.0828	6.705	10.021	240.57	52.727	-0.37
576000.0	1.83328	6.0944	4.1866	6.6235	9.9755	236.61	56.236	-0.37
576600.0	1.78544	6.0676	4.2054	6.415	9.7915	229.11	59.06800000000001	-0.37
577200.0	1.816	6.0808	4.1884	5.5645	9.205	210.6	63.378	-0.37
577800.0	1.78208	6.0536	4.1962	5.603	9.2175	214.87	63.028	-0.37
578400.0	1.7739200000000002	6.035	4.1862	6.1629999999999985	9.7655	226.35	59.67	-0.37
579000.0	1.76416	6.0136	4.1748	6.7125	10.1615	233.96	57.819	-0.37
579600.0	1.75984	5.9968	4.1626	6.5545	9.992	229.01	59.203	-0.37
580200.0	1.75584	5.9856	4.1514	6.3935	9.64	206.62	65.567	-0.37
580800.0	1.74304	5.9728	4.1542	6.417999999999998	9.6385	213.46	63.822	-0.37
581400.0	1.7616	5.975	4.1388	5.5845	9.399	222.49	60.959	-0.37
582000.0	1.76416	5.9636	4.1222	5.535	9.2185	221.5	61.325	-0.37
582600.0	1.7296	5.9346	4.1308	5.6985	9.237	222.49	61.831	-0.37
583200.0	1.73456	5.933	4.1228	6.5545	9.749	223.77	61.007	-0.37
583800.0	1.76784	5.9466	4.1022	6.3679999999999986	9.5245	209.97	64.683	-0.37
584400.0	1.7684799999999998	5.9444	4.1002	5.9645	9.1765	197.2	68.134	-0.37
585000.0	1.744	5.9322	4.114	5.1320000000000014	8.602	192.55	69.913	-0.37
585600.0	1.76912	5.9446	4.0996	5.3870000000000005	8.756	192.79	69.473	-0.37
586200.0	1.7552	5.9328	4.1024	5.4745	8.8455	198.01	67.852	-0.37
586800.0	1.7340799999999998	5.917000000000002	4.1080000000000005	5.6095	8.97	201.44	67.90899999999999	-0.37
587400.0	1.71568	5.9002	4.1104	5.5035	8.976	199.36	68.274	-0.37
588000.0	1.6982400000000002	5.8870000000000005	4.1132	5.4695	8.812999999999997	189.35	71.933	-0.37
588600.0	1.66048	5.8624	4.1268	5.4935	8.8015	184.78	74.171	-0.37
589200.0	1.65888	5.8556	4.1212	5.4165	8.602	176.98	77.122	-0.37
589800.0	1.6544	5.851	4.121	5.339	8.416	170.0	79.311	-0.37
590400.0	1.71216	5.8786	4.0926	5.4105	8.502	174.14	76.35	-0.37
591000.0	1.80832	5.9244	4.0414	5.422999999999999	8.536	173.27	74.52	-0.37
591600.0	2.05024	6.0478	3.9226	5.4505	8.4325	166.05	71.362	-0.37
592200.0	2.0912	6.0654	3.8976	6.221	8.7025	152.39	75.225	-0.37
592800.0	2.05952	6.0472	3.912	6.1005	8.617	150.26	76.561	-0.37
593400.0	2.03616	6.0302	3.9202	6.231	8.758	154.91	75.461	-0.37
594000.0	2.03488	6.0274	3.9198	6.1845	8.6915	153.06	76.094	-0.37
594600.0	1.99712	6.0042	3.9326	5.45	8.004	137.77	81.142	-0.37
595200.0	1.96688	5.983	3.9434	5.2185	7.474	123.95	87.15799999999999	-0.37
595800.0	1.9272	5.9594	3.9572	6.058	8.0135	120.37	89.04	-0.37
596400.0	1.91216	5.9532	3.9678	6.2775	8.5765	145.36	80.91	-0.37
597000.0	1.91904	5.9536	3.9608	6.2535	8.767999999999999	154.14	78.105	-0.37
597600.0	1.90592	5.941	3.9616	6.079	8.429	141.17	82.525	-0.37
598200.0	1.88064	5.9192	3.9652	6.002000000000002	8.1195	125.63	88.86	-0.37
598800.0	1.8584	5.903	3.9716	5.997999999999998	8.0315	120.87	90.368	-0.37
599400.0	1.8384	5.8932	3.9806	6.095	8.2495	132.03	87.429	-0.37
600000.0	1.86096	5.9048	3.9704	6.2225	8.66	148.22	81.318	-0.37
600600.0	1.83792	5.884	3.9748	5.9965	8.1765	125.81	89.71700000000001	-0.37
601200.0	1.80976	5.8626	3.978	5.9735	7.8775	111.67	96.127	-0.37
601800.0	1.77168	5.8364	3.991	5.933	7.758999999999999	109.87	97.431	-0.37
602400.0	1.7657599999999998	5.8366	3.9968	6.1725	8.3045	136.61	87.93799999999997	-0.37
603000.0	1.7832	5.8482	3.9904	6.265	8.648	150.57	82.52	-0.37
603600.0	1.7739200000000002	5.8376	3.988	6.0555	8.2995	131.79	89.40899999999998	-0.37
604200.0	1.7684799999999998	5.8282	3.9858	5.931	7.9175	114.32	96.668	-0.37
