#1
double tab1(1008,8)
# Date
# GF0001_____FT121__RUP_
# THA-RET. POS. VANNE 2 VOIES MOT. DE REGUL. DEBIT EVAP. - CIF GF0001
# THA-CAPTEUR DELTA PRESSION ENT.-SORTIE EVAP. - CIF GF0001
# THA-SONDE T° SORTIE EVAP. VERS FROID - CIF GF0001
# THA-CAPTEUR PRESSION ENT. COND. - CIF GF0001
# THA-CAPTEUR PRESSION SORTIE COND. - CIF GF0001
# THA-SONDE T° SORTIE COND. - CIF GF0001
0.0	322.768	88.27799999999998	0.161175	2.6555	4.6238	0.6372599999999999	27.1695
600.0	322.168	87.69200000000002	0.16080999999999998	2.5295	4.6258	0.63948	27.1655
1200.0	323.624	87.545	0.16124000000000002	2.5755	4.589	0.6296999999999999	27.095
1800.0	322.944	89.53	0.16009	2.4845	4.618	0.6377999999999999	27.0345
2400.0	322.664	89.323	0.160925	2.6255	4.6206	0.6376799999999999	26.943
3000.0	322.448	88.056	0.16087	2.6245	4.6328	0.64398	26.9425
3600.0	322.688	87.992	0.160745	2.633	4.6256	0.64056	27.0105
4200.0	322.76	87.986	0.160215	2.6665	4.6292	0.6403800000000001	27.036
4800.0	323.32	87.40899999999998	0.161075	2.654	4.6136	0.6326999999999999	27.092
5400.0	323.16	89.163	0.161025	2.617	4.6228	0.6377999999999999	27.12
6000.0	322.776	89.14200000000002	0.16024000000000002	2.4545	4.6328	0.6410399999999999	27.01
6600.0	322.856	89.62700000000002	0.160615	2.5885	4.6214	0.6393599999999999	26.6245
7200.0	322.968	89.382	0.161235	2.627	4.6202	0.6370799999999999	26.639
7800.0	323.768	88.221	0.16105	2.6945	4.626	0.6341399999999999	26.765
8400.0	322.68	88.16799999999998	0.160645	2.6745	4.5852	0.6324599999999999	26.9585
9000.0	322.64	88.34700000000002	0.160625	2.5660000000000003	4.6272	0.6414599999999999	27.054
9600.0	322.768	87.59200000000001	0.16094	2.5195	4.63	0.6414599999999999	27.025
10200.0	322.8	88.3	0.15997999999999998	2.5315	4.6266	0.6320399999999999	26.874
10800.0	322.856	87.65299999999998	0.16035	2.5305	4.6362	0.64146	26.84
11400.0	323.36	88.958	0.16088	2.537	4.6242	0.6392999999999999	26.797
12000.0	322.744	89.228	0.160725	2.576	4.6068	0.6271799999999998	26.76
12600.0	323.272	87.615	0.16084500000000002	2.5915	4.6282	0.6376799999999999	26.626
13200.0	322.992	88.885	0.161065	2.6405	4.6368	0.645	26.653
13800.0	323.1040000000001	87.436	0.161075	2.6785	4.631	0.6366	26.6895
14400.0	322.992	88.094	0.160945	2.712	4.6318	0.6383399999999999	26.972
15000.0	322.752	88.236	0.16047	2.5395	4.6348	0.6413399999999999	27.132
15600.0	322.856	89.366	0.16032000000000002	2.4075	4.6094	0.6321599999999999	26.736
16200.0	322.52	88.90799999999999	0.16042	2.7225	4.6402	0.6438599999999999	26.2315
16800.0	324.096	87.868	0.16201500000000002	2.7255	4.632	0.6400799999999999	26.471
17400.0	323.344	88.115	0.160735	2.7555	4.6244	0.6322800000000001	26.649
18000.0	322.488	88.34899999999998	0.16053499999999998	2.79	4.626	0.63654	26.897
18600.0	323.344	87.84	0.160565	2.6615	4.6284	0.6411600000000001	26.97
19200.0	323.168	88.76799999999999	0.160605	2.399	4.5916	0.6362999999999999	26.9625
19800.0	322.856	88.79299999999998	0.16047999999999998	2.8485	4.6242	0.63864	26.297
20400.0	322.904	88.756	0.16033499999999998	2.575	4.6296	0.6393599999999999	26.4975
21000.0	322.936	89.34700000000002	0.16055999999999998	2.8395	4.6338	0.6422399999999999	26.5945
21600.0	322.672	87.75399999999998	0.16045	2.5075	4.6348	0.6443999999999999	26.9585
22200.0	322.808	88.006	0.160675	2.5495	4.6316	0.6404399999999999	26.6685
22800.0	322.96	88.199	0.16071	2.6615	4.5744	0.6333599999999999	26.632
23400.0	323.152	88.587	0.160405	2.6525	4.6306	0.6431399999999999	26.7025
24000.0	322.832	89.42	0.16109	2.604	4.6424	0.64284	26.76
24600.0	322.672	89.516	0.16066	2.543	4.6282	0.63918	26.745
25200.0	322.816	88.145	0.16061	2.5255	4.632	0.6389999999999999	26.415
25800.0	322.496	87.682	0.16036	2.672	4.6226	0.6349199999999999	26.266
26400.0	323.432	88.02600000000002	0.16117	2.658	4.5954	0.6318599999999999	26.3155
27000.0	323.216	88.527	0.1614	2.7135	4.6346	0.6388799999999999	26.5085
27600.0	322.736	88.088	0.16005999999999998	2.6095	4.6366	0.6428399999999999	26.752
28200.0	323.192	88.961	0.16089	2.425	4.6318	0.6396	26.5205
28800.0	323.128	88.719	0.16055999999999998	2.602	4.631	0.63942	26.1905
29400.0	322.72	89.194	0.16066	2.7485	4.6306	0.639	26.4055
30000.0	322.96	87.829	0.160795	2.6905	4.5894	0.63474	26.751
30600.0	322.8640000000001	87.324	0.160505	2.5765	4.6234	0.6400199999999999	26.84
31200.0	323.112	87.785	0.16025	2.649	4.6286	0.63894	26.8775
31800.0	323.048	88.315	0.161045	2.6675	4.631	0.64194	26.929
32400.0	323.04	88.38600000000002	0.16083	2.543	4.631	0.6344399999999999	27.0055
33000.0	323.384	88.859	0.16043	2.59	4.6314	0.6423	26.8815
33600.0	322.568	86.695	0.16047999999999998	2.7	4.5838	0.6290399999999999	26.934
34200.0	323.144	87.53399999999998	0.1606	2.696	4.6326	0.6377399999999999	27.175
34800.0	323.64	87.792	0.16113	2.6275	4.6392	0.6401399999999999	27.27
35400.0	322.904	86.986	0.16055999999999998	2.507	4.6232	0.63762	27.32
36000.0	323.344	87.413	0.16113	2.625	4.633	0.64026	27.463
36600.0	323.16	88.943	0.16044	2.6815	4.6474	0.6449399999999998	27.837
37200.0	323.144	88.83200000000002	0.16084500000000002	2.7225	4.5936	0.633	27.715
37800.0	323.168	88.846	0.16066	2.8065	4.6322	0.6405599999999999	27.884
38400.0	323.688	87.12299999999998	0.16037	2.8825	4.63	0.6428399999999999	27.644
39000.0	322.896	86.977	0.16008499999999998	2.7825	4.632	0.6440999999999999	27.479
39600.0	322.776	88.536	0.160155	2.6485	4.626	0.6380399999999999	27.775
40200.0	323.856	86.59100000000002	0.162175	2.927	4.6374	0.64272	27.071
40800.0	322.72	87.75	0.160395	2.7905	4.4314	0.60042	27.8845
41400.0	322.688	88.50299999999999	0.160175	2.6835	4.6344	0.6414599999999999	28.1925
42000.0	323.28	87.287	0.161025	2.9210000000000003	4.627	0.6364799999999999	27.8275
42600.0	322.776	86.448	0.16093	2.792	4.621	0.6368999999999999	28.0145
43200.0	322.56	87.419	0.161005	2.6910000000000003	4.637	0.6424799999999999	27.986
43800.0	323.128	87.385	0.16097	2.7355	4.6336	0.6428999999999999	27.988000000000003
44400.0	322.536	85.516	0.16037	2.5625	4.6052	0.6343199999999999	28.1805
45000.0	323.472	86.978	0.16005	2.7015	4.635	0.6429	28.1845
45600.0	323.088	87.338	0.160735	2.5215	4.627	0.63522	28.287
46200.0	323.216	87.273	0.160865	2.5335	4.6228	0.6362999999999999	27.9885
46800.0	323.2	87.501	0.16092	2.62	4.6464	0.6472799999999999	27.882
47400.0	323.4240000000001	86.902	0.16124000000000002	2.5935	4.6404	0.64896	27.8075
48000.0	323.344	87.478	0.161865	2.5815	4.5874	0.6342	27.834
48600.0	322.432	87.805	0.160565	2.5660000000000003	4.6378	0.6420599999999999	27.6275
49200.0	322.952	87.26299999999998	0.16108	2.6805	4.6452	0.6473399999999999	27.662
49800.0	322.608	87.956	0.160105	2.5885	4.627	0.6339	27.892
50400.0	323.072	88.546	0.160825	2.6685	4.623	0.6333599999999999	27.94
51000.0	322.816	86.20100000000002	0.16105	2.627	4.6278	0.63474	28.274
51600.0	322.52	86.721	0.160905	2.536	4.6016	0.6382800000000001	28.175
52200.0	323.032	87.355	0.16077	2.573	4.6246	0.6349799999999999	27.9915
52800.0	323.128	87.485	0.16086	2.7105	4.638	0.6388799999999999	27.9405
53400.0	322.632	87.535	0.16063	2.6075	4.6328	0.6410399999999999	28.3405
54000.0	323.9120000000001	87.96600000000002	0.161275	2.5245	4.6292	0.6320399999999999	28.159
54600.0	323.3040000000001	87.624	0.16083499999999998	2.544	4.6202	0.6363599999999999	27.7485
55200.0	323.096	86.583	0.16062	2.6405	4.6212	0.6350399999999999	27.6825
55800.0	323.256	87.31700000000002	0.160805	2.657	4.626	0.6358199999999999	27.815
56400.0	322.92	86.473	0.16109500000000002	2.595	4.6368	0.6438599999999999	28.107
57000.0	322.528	85.936	0.160575	2.5435	4.6224	0.6359999999999999	28.1775
57600.0	323.24	87.48100000000002	0.16088	2.5675	4.6286	0.6336599999999999	27.814
58200.0	322.72	87.414	0.16045	2.631	4.6282	0.6427799999999999	27.7635
58800.0	322.432	86.765	0.160455	2.6065	4.6026	0.6289799999999999	27.9305
59400.0	323.224	86.464	0.16094	2.548	4.6394	0.6398999999999999	27.9505
60000.0	323.3040000000001	86.45299999999997	0.16109500000000002	2.5855	4.6286	0.6417599999999999	27.84
60600.0	322.488	87.198	0.160355	2.5605	4.6204	0.6318599999999999	27.814
61200.0	322.928	87.318	0.160465	2.654	4.6354	0.6434999999999998	27.878
61800.0	323.016	87.228	0.160775	2.6005	4.636	0.6422399999999999	28.0415
62400.0	323.232	86.626	0.160755	2.56	4.5928	0.6271800000000001	27.9765
63000.0	323.08	86.522	0.160565	2.6045	4.6284	0.6435599999999999	27.9055
63600.0	322.464	86.82600000000002	0.16026	2.5805	4.6186	0.63672	27.908
64200.0	322.664	86.559	0.1602	2.634	4.631	0.6396	27.9015
64800.0	323.768	87.022	0.16194	2.641	4.636	0.6415199999999999	28.256
65400.0	322.1040000000001	85.977	0.160725	2.5225	4.6212	0.63402	28.247
66000.0	323.224	87.262	0.161125	2.585	4.6104	0.6371999999999999	28.0665
66600.0	323.032	86.488	0.160715	2.567	4.625	0.6325199999999999	27.9815
67200.0	322.9840000000001	88.234	0.160695	2.5805	4.6384	0.6448799999999999	27.92
67800.0	322.704	86.699	0.16109	2.576	4.6208	0.6415799999999999	27.7475
68400.0	322.552	86.54299999999998	0.160395	2.602	4.6336	0.6413999999999999	27.7675
69000.0	323.096	87.23899999999998	0.161185	2.5945	4.6234	0.63768	27.84
69600.0	323.568	86.304	0.16129000000000002	2.564	4.6044	0.63072	27.651
70200.0	322.64	85.80799999999998	0.16045	2.6075	4.6162	0.6346199999999999	27.5565
70800.0	323.12	86.86	0.160915	2.6025	4.6278	0.6378599999999999	27.43
71400.0	322.64	87.84200000000001	0.16086	2.451	4.6252	0.6376799999999999	27.319000000000006
72000.0	323.208	86.67399999999998	0.161195	2.708	4.6208	0.6356999999999999	26.9515
72600.0	322.784	87.35799999999998	0.161145	2.63	4.6384	0.6433199999999999	27.121
73200.0	322.192	86.42399999999998	0.159805	2.6295	4.5878	0.6303599999999999	27.2865
73800.0	322.856	86.325	0.16075	2.594	4.6356	0.6371399999999999	27.358
74400.0	323.448	86.584	0.161175	2.569	4.6266	0.6392999999999999	27.3095
75000.0	322.72	86.427	0.16104000000000002	2.535	4.6226	0.63372	27.1875
75600.0	322.4240000000001	87.17299999999999	0.1607	2.5755	4.6268	0.6364199999999999	27.08
76200.0	323.04	85.86399999999998	0.160895	2.609	4.632	0.6421199999999999	27.05
76800.0	323.176	88.89299999999999	0.16102	2.5355	4.6212	0.6363599999999999	27.0675
77400.0	322.7920000000001	87.598	0.160435	2.496	4.6354	0.63642	26.864
78000.0	323.464	87.646	0.160925	2.6115	4.6278	0.6390600000000001	26.77
78600.0	323.144	87.10799999999998	0.161135	2.69	4.625	0.6386399999999999	26.796
79200.0	322.92	86.649	0.16054000000000002	2.569	4.6216	0.6351	26.8985
79800.0	323.384	86.954	0.160975	2.591	4.6258	0.6380399999999999	26.842
80400.0	323.264	88.024	0.160925	2.4245	4.6128	0.6299999999999999	26.732
81000.0	322.96	88.09700000000002	0.161025	2.8795	4.6424	0.6401399999999999	26.0765
81600.0	322.88	88.015	0.16076500000000002	2.6165	4.6342	0.64362	26.325
82200.0	322.9840000000001	88.677	0.16079000000000002	2.526	4.6232	0.6339	26.292
82800.0	322.744	86.555	0.16055	2.797	4.6392	0.6381600000000001	26.3115
83400.0	322.848	87.34100000000002	0.161495	2.658	4.6254	0.6340199999999999	26.655
84000.0	323.584	86.897	0.16165	2.509	4.6208	0.63048	26.702
84600.0	323.504	88.319	0.16147	2.5015	4.6308	0.6400199999999999	26.5255
85200.0	322.528	87.99700000000001	0.161025	2.54	4.6316	0.6361199999999999	26.306
85800.0	322.7920000000001	87.59200000000001	0.161275	2.6675	4.6226	0.63426	26.2575
86400.0	323.176	87.566	0.160995	2.682	4.6386	0.6441	26.3985
87000.0	323.008	86.545	0.16105	2.662	4.6318	0.6386999999999999	26.633000000000006
87600.0	322.616	86.61399999999998	0.160965	2.5885	4.6152	0.6320999999999999	26.6525
88200.0	322.736	88.04700000000003	0.161165	2.547	4.6406	0.6416999999999999	26.655
88800.0	322.952	88.694	0.16083	2.47	4.6398	0.6405599999999999	26.489
89400.0	323.136	87.896	0.160955	2.5995	4.6364	0.6436799999999999	26.3075
90000.0	323.04	88.323	0.161325	2.687	4.6328	0.6390599999999999	26.3325
90600.0	323.288	87.61200000000002	0.161425	2.5810000000000004	4.623	0.6311399999999999	26.5
91200.0	323.44	87.8	0.16094	2.5795	4.637	0.6427799999999999	26.501
91800.0	323.128	87.03200000000002	0.16166	2.6965	4.6312	0.6433199999999999	26.561
92400.0	322.472	87.266	0.16042	2.5165	4.6332	0.6385199999999999	26.6745
93000.0	323.088	86.895	0.160455	2.522	4.63	0.63618	26.5135
93600.0	322.856	87.77600000000002	0.161465	2.529	4.6322	0.6392399999999999	26.4915
94200.0	323.224	87.774	0.161325	2.5415	4.6238	0.6368399999999999	26.405
94800.0	322.976	87.786	0.160925	2.714	4.6328	0.6353399999999999	26.4185
95400.0	322.664	87.71700000000001	0.16125	2.549	4.6362	0.6430199999999999	26.631
96000.0	322.368	86.936	0.160795	2.5215	4.6318	0.6390599999999999	26.4715
96600.0	323.24	87.523	0.16125	2.604	4.6308	0.63846	26.425
97200.0	323.36	87.31	0.16172	2.697	4.632	0.6390599999999999	26.471
97800.0	323.216	87.07799999999997	0.16125	2.6125	4.637	0.6438	26.655
98400.0	323.0	88.27600000000002	0.160905	2.4555	4.6258	0.63744	26.5275
99000.0	323.536	88.09700000000002	0.16150499999999998	2.58	4.6344	0.6427199999999998	26.32
99600.0	322.704	86.573	0.16082	2.6830000000000003	4.6298	0.6412800000000001	26.3415
100200.0	323.416	87.71700000000001	0.16094	2.6315	4.6406	0.6410399999999999	26.423
100800.0	322.3520000000001	86.95200000000001	0.16061	2.676	4.634	0.64152	26.4885
101400.0	323.112	86.78	0.16157	2.6675	4.6256	0.6335999999999999	26.7055
102000.0	323.152	88.171	0.160875	2.436	4.618	0.6307799999999999	26.6205
102600.0	322.616	88.65299999999998	0.16051500000000002	2.529	4.6268	0.6388199999999999	26.38
103200.0	323.08	86.94200000000002	0.161425	2.637	4.6452	0.6422399999999999	26.3585
103800.0	322.904	87.79	0.16112	2.69	4.6288	0.6369599999999999	26.359
104400.0	323.016	86.695	0.16079000000000002	2.664	4.6352	0.6422399999999999	26.4705
105000.0	323.344	87.709	0.161725	2.6805	4.6264	0.6396599999999999	26.6785
105600.0	323.9120000000001	87.596	0.16112	2.6025	4.6258	0.6385799999999999	26.755
106200.0	322.76	87.52	0.16058	2.5315	4.6348	0.6410999999999999	26.664
106800.0	323.144	87.039	0.160735	2.535	4.6246	0.63786	26.606
107400.0	322.856	87.274	0.161245	2.5725	4.6378	0.6427799999999999	26.527
108000.0	322.696	86.631	0.16087	2.653	4.6358	0.63864	26.494
108600.0	322.664	87.815	0.16116	2.7105	4.6396	0.64332	26.7135
109200.0	323.16	88.602	0.161655	2.5415	4.6284	0.6370199999999999	26.8545
109800.0	323.12	87.78299999999999	0.16159	2.7095	4.636	0.64146	26.233
110400.0	322.9120000000001	88.68799999999997	0.161185	2.6205	4.632	0.64188	26.2945
111000.0	322.672	87.917	0.16008499999999998	2.4995	4.6348	0.63822	26.2275
111600.0	323.1040000000001	87.751	0.16135	2.6505	4.638	0.6455399999999999	26.138
112200.0	322.9120000000001	88.806	0.161485	2.8605	4.6364	0.6398399999999999	26.3085
112800.0	322.536	87.141	0.16082	2.63	4.6172	0.6346799999999999	26.901
113400.0	322.9840000000001	86.87200000000001	0.160395	2.496	4.6328	0.6385199999999999	26.737
114000.0	322.952	88.10799999999998	0.16087	2.52	4.627	0.64044	26.6175
114600.0	322.648	86.182	0.16054000000000002	2.5625	4.632	0.6371399999999999	26.4875
115200.0	323.016	90.00200000000002	0.161115	2.6385	4.6398	0.64302	26.581
115800.0	322.952	87.803	0.160935	2.5245	4.6278	0.6361199999999999	26.619
116400.0	323.488	88.429	0.16172	2.5255	4.6238	0.63294	26.471
117000.0	322.8	88.279	0.16133499999999998	2.543	4.6254	0.6391799999999999	26.4275
117600.0	322.592	88.098	0.16134	2.8025	4.6378	0.64122	26.4825
118200.0	322.592	87.105	0.16111	2.8115	4.6266	0.6362999999999999	27.209
118800.0	323.232	87.16	0.161295	2.5610000000000004	4.64	0.64674	27.6265
119400.0	322.696	88.443	0.16096	2.69	4.6314	0.6372599999999999	26.945
120000.0	323.344	87.00299999999999	0.16063	2.5115	4.63	0.6391199999999999	26.911
120600.0	323.312	88.54700000000003	0.160865	2.6245	4.6286	0.64308	26.9175
121200.0	323.16	88.12200000000001	0.160855	2.641	4.6254	0.6370799999999999	26.8445
121800.0	322.216	86.634	0.160215	2.603	4.6346	0.6381600000000001	26.9805
122400.0	322.624	86.87700000000002	0.16117	2.5985	4.6458	0.6494399999999999	27.086
123000.0	323.36	87.721	0.16102	2.6255	4.6328	0.6426599999999999	27.275
123600.0	322.808	86.759	0.1611	2.522	4.613	0.6320999999999999	27.099
124200.0	323.712	88.381	0.16155999999999998	2.5780000000000003	4.6308	0.64386	26.92
124800.0	323.336	86.52	0.16084	2.5895	4.6328	0.6359999999999999	26.8785
125400.0	323.264	86.823	0.16132	2.6785	4.6306	0.6399599999999999	27.0055
126000.0	323.512	86.367	0.16116	2.619	4.6272	0.6380399999999999	27.095
126600.0	323.16	86.734	0.16094	2.599	4.6332	0.6400199999999999	27.125
127200.0	322.664	88.20299999999997	0.160235	2.551	4.6276	0.6462600000000001	26.949
127800.0	323.568	88.17399999999998	0.16158499999999998	2.6355	4.6346	0.6404399999999999	26.895
128400.0	323.056	86.919	0.16117	2.6485	4.6378	0.642	27.0325
129000.0	322.68	86.39200000000002	0.160415	2.6395	4.6334	0.6443999999999999	27.2775
129600.0	322.464	87.22399999999998	0.1598	2.5585	4.6146	0.63372	27.32
130200.0	322.68	86.706	0.16114	2.541	4.629	0.6389999999999999	27.26
130800.0	322.608	87.262	0.16078499999999998	2.5205	4.6336	0.6413999999999999	27.072
131400.0	322.904	88.025	0.160685	2.622	4.6392	0.6384	27.039
132000.0	322.656	86.615	0.160625	2.651	4.6266	0.6411600000000001	27.1655
132600.0	323.224	87.896	0.161145	2.623	4.6296	0.64044	27.2205
133200.0	323.0	87.679	0.160905	2.5545	4.617	0.6339599999999999	27.225
133800.0	322.84	87.06	0.16076500000000002	2.5395	4.6348	0.6394199999999999	27.104
134400.0	323.312	87.75299999999999	0.16175499999999998	2.559	4.6206	0.6363599999999999	27.002
135000.0	322.976	86.446	0.16066	2.676	4.6352	0.6410999999999999	27.0385
135600.0	323.536	86.98299999999998	0.16138	2.641	4.6258	0.6409199999999999	27.203000000000007
136200.0	322.632	87.087	0.16064	2.7375	4.6236	0.6366	27.427
136800.0	322.728	86.26299999999998	0.16102	2.498	4.6264	0.63948	27.6695
137400.0	322.872	87.079	0.1602	2.625	4.6368	0.6386999999999999	27.4255
138000.0	322.768	86.77	0.16067	2.584	4.6288	0.6353999999999999	27.6235
138600.0	322.856	87.47200000000002	0.160705	2.5445	4.6234	0.6354599999999999	27.444000000000006
139200.0	323.312	87.83	0.16139	2.611	4.627	0.6353399999999999	27.4445
139800.0	323.744	88.26700000000002	0.16159500000000002	2.6365	4.6318	0.6358799999999999	27.5095
140400.0	322.1040000000001	85.584	0.15983	2.5695	4.628	0.6381600000000001	27.623
141000.0	323.128	87.40299999999998	0.16077	2.532	4.6288	0.6410399999999999	27.52
141600.0	323.208	87.37	0.161105	2.5380000000000003	4.6296	0.6381	27.3195
142200.0	323.328	88.029	0.16145	2.7115	4.6358	0.63744	27.432
142800.0	323.44	86.512	0.16097	2.6535	4.63	0.6393599999999999	27.661
143400.0	322.1040000000001	87.38	0.15987	2.6005	4.634	0.6414	27.735
144000.0	323.0	86.359	0.161205	2.5205	4.6224	0.6374999999999998	27.6145
144600.0	323.056	87.39	0.1607	2.588	4.6402	0.6449399999999998	27.5345
145200.0	323.432	88.057	0.16192	2.5505	4.6242	0.6367799999999999	27.51
145800.0	323.344	86.69200000000002	0.161355	2.6445	4.6316	0.6401399999999999	27.5115
146400.0	322.336	86.735	0.16030999999999998	2.641	4.6362	0.63984	27.6795
147000.0	323.504	86.85	0.16088	2.613	4.6294	0.6410399999999999	27.9045
147600.0	323.344	87.34700000000002	0.160855	2.5295	4.6322	0.6378	27.806
148200.0	323.128	88.37299999999998	0.161475	2.544	4.633	0.6400799999999999	27.5475
148800.0	323.456	87.38799999999998	0.16208499999999998	2.6785	4.6318	0.6396599999999999	27.53
149400.0	322.52	86.802	0.16044	2.643	4.6246	0.6377399999999999	27.6815
150000.0	322.464	86.815	0.16035	2.5980000000000003	4.6276	0.6400199999999999	27.8805
150600.0	323.008	87.551	0.16082	2.5610000000000004	4.6266	0.6413999999999999	27.828000000000007
151200.0	322.056	88.156	0.15953	2.5095	4.6364	0.6372599999999999	27.629
151800.0	323.976	88.891	0.16104000000000002	2.623	4.6336	0.63942	27.6255
152400.0	322.496	88.214	0.160555	2.592	4.6106	0.6272999999999999	27.7395
153000.0	321.288	87.521	0.15997	2.6515	4.6256	0.6400799999999999	27.7795
153600.0	323.8640000000001	86.95700000000002	0.16194	2.5975	4.629	0.6378	27.999
154200.0	323.0	86.365	0.16033499999999998	2.5495	4.629	0.6374999999999998	27.892
154800.0	323.28	86.545	0.161865	2.5505	4.6288	0.6417599999999999	27.767
155400.0	323.416	87.416	0.16089	2.6335	4.6212	0.6341999999999999	27.758000000000006
156000.0	322.56	86.44	0.160895	2.526	4.623	0.6365399999999999	27.691
156600.0	322.672	86.735	0.16083	2.6415	4.6394	0.6433199999999999	27.63
157200.0	322.136	86.811	0.16068	2.6965	4.6314	0.6394199999999999	27.6895
157800.0	324.624	86.848	0.161615	2.549	4.6288	0.6389999999999999	27.777
158400.0	322.9840000000001	88.28	0.16026	2.5045	4.6354	0.63954	27.436
159000.0	322.888	87.8	0.161195	2.627	4.6284	0.64086	27.107
159600.0	323.728	86.708	0.161375	2.649	4.6278	0.6369	27.266
160200.0	322.744	86.419	0.160465	2.564	4.63	0.64194	27.465
160800.0	322.92	87.223	0.161075	2.6105	4.6226	0.6387599999999999	27.3195
161400.0	322.92	87.734	0.160935	2.5535	4.6272	0.6379799999999999	27.293000000000006
162000.0	323.128	88.214	0.161065	2.5475	4.6312	0.6393599999999999	26.941
162600.0	322.536	87.62	0.160295	2.6185	4.6362	0.64404	26.7165
163200.0	322.776	88.838	0.160975	2.5785	4.617	0.6352800000000001	26.709
163800.0	323.088	87.463	0.16078499999999998	2.6415	4.6372	0.6386999999999999	26.71
164400.0	322.9120000000001	86.876	0.160695	2.688	4.6348	0.6402599999999999	27.0415
165000.0	323.28	86.85700000000001	0.1611	2.5175	4.6312	0.64002	27.15
165600.0	322.672	87.88799999999998	0.16076	2.5175	4.6228	0.6331799999999999	27.0265
166200.0	322.824	87.204	0.16088	2.551	4.6282	0.6382199999999999	26.943
166800.0	323.264	87.637	0.161615	2.572	4.622	0.6353999999999999	26.915
167400.0	323.136	86.976	0.16111	2.6755	4.631	0.6389999999999999	27.0615
168000.0	323.184	86.977	0.161455	2.5145	4.6226	0.6424799999999999	27.047
168600.0	323.552	87.52	0.16208	2.448	4.6304	0.6404999999999998	26.817
169200.0	323.256	88.45700000000002	0.161455	2.7115	4.6318	0.6402599999999999	26.286
169800.0	322.408	88.045	0.160885	2.757	4.6324	0.6442199999999999	26.532
170400.0	323.056	86.728	0.161195	2.84	4.6294	0.6414599999999999	26.8465
171000.0	323.064	86.98899999999998	0.16102	2.4785	4.6344	0.6424799999999999	27.297
171600.0	322.936	87.34700000000002	0.160855	2.4835	4.6304	0.6359999999999999	26.9975
172200.0	322.992	88.334	0.16102	2.444	4.6322	0.6382799999999998	26.638
172800.0	323.12	88.69200000000002	0.161045	3.1795	4.6376	0.63972	26.0635
173400.0	323.344	87.001	0.16169	2.7965	4.6252	0.6343199999999999	27.0565
174000.0	323.192	86.911	0.160885	2.475	4.6414	0.645	27.1965
174600.0	323.328	87.42399999999998	0.161305	2.529	4.6338	0.6385799999999999	27.0245
175200.0	323.096	87.44200000000002	0.1611	2.6015	4.6386	0.63984	26.866
175800.0	322.952	87.26899999999998	0.16101500000000002	2.6485	4.6426	0.64368	26.86
176400.0	323.024	88.08	0.160635	2.6885	4.638	0.6405	26.964
177000.0	323.112	87.081	0.160825	2.6515	4.6328	0.6407999999999999	27.0655
177600.0	322.576	86.81700000000002	0.16103499999999998	2.5235	4.6304	0.6390599999999999	27.038
178200.0	322.848	87.338	0.160815	2.5225	4.6368	0.6439799999999999	26.8275
178800.0	321.688	88.234	0.15966	2.4445	4.6314	0.64188	26.6405
179400.0	323.072	87.58	0.161045	2.842	4.6306	0.6347399999999999	26.285
180000.0	322.976	86.944	0.161315	2.8075	4.6268	0.6378599999999999	26.7585
180600.0	323.048	87.355	0.160905	2.4895	4.6356	0.6413399999999999	27.09
181200.0	322.936	87.542	0.16158499999999998	2.5095	4.6284	0.6376199999999999	26.8375
181800.0	323.056	88.833	0.16111	2.4555	4.6384	0.6421199999999999	26.6275
182400.0	322.784	87.88600000000002	0.161	2.9625	4.6278	0.6347999999999999	25.957
183000.0	322.776	88.084	0.160935	2.8855	4.6262	0.6388799999999999	26.3285
183600.0	322.568	86.727	0.161155	2.783	4.6352	0.639	26.585
184200.0	322.824	87.295	0.161275	2.6210000000000004	4.6332	0.63972	26.7795
184800.0	323.088	87.43299999999998	0.161135	2.399	4.6294	0.6331799999999999	26.703000000000007
185400.0	323.168	87.35600000000002	0.16114	2.577	4.6338	0.63894	26.5275
186000.0	322.696	87.399	0.160985	2.6625	4.6264	0.63564	26.5
186600.0	323.232	86.80799999999998	0.16101	2.717	4.6338	0.64182	26.5245
187200.0	323.144	87.663	0.16117	2.7015	4.6366	0.6410999999999999	26.6385
187800.0	323.488	88.15	0.16142	2.5340000000000003	4.6432	0.6431399999999999	26.6815
188400.0	323.016	88.176	0.16072	2.6555	4.6406	0.6431399999999999	26.0635
189000.0	323.232	88.352	0.161625	2.7055	4.6262	0.6401399999999999	26.0565
189600.0	323.384	87.432	0.16149000000000002	2.768	4.6402	0.6424199999999999	26.242
190200.0	322.704	87.036	0.161025	2.6915	4.6298	0.6395399999999999	26.4005
190800.0	322.736	88.272	0.16115	2.699	4.6282	0.6370199999999999	26.5475
191400.0	323.32	90.192	0.1613	2.6345	4.6382	0.6392999999999999	26.2535
192000.0	322.472	88.484	0.161135	2.629	4.6218	0.6336	26.157
192600.0	322.832	88.425	0.16124000000000002	2.5035	4.6322	0.6400199999999999	26.0995
193200.0	322.72	87.866	0.16076	2.734	4.624	0.6392399999999999	26.117
193800.0	322.92	87.161	0.161125	2.714	4.6362	0.64302	26.3325
194400.0	323.24	87.773	0.1612	2.741	4.6446	0.64194	26.5145
195000.0	323.144	88.171	0.161235	2.636	4.6338	0.6381	26.635
195600.0	323.264	86.915	0.16077	2.441	4.6242	0.63312	26.6085
196200.0	322.952	88.805	0.16179000000000002	2.665	4.6454	0.64254	26.0575
196800.0	322.728	87.855	0.16059	2.9535	4.6208	0.6324	25.8415
197400.0	323.232	88.43	0.16169	2.662	4.631	0.63336	26.1475
198000.0	322.872	87.32600000000002	0.16076500000000002	2.8065	4.6378	0.6403800000000001	26.4075
198600.0	322.624	87.889	0.16078	2.5585	4.6428	0.6443399999999999	26.703000000000007
199200.0	323.44	88.041	0.16129000000000002	2.468	4.6268	0.6347399999999999	26.528
199800.0	323.144	89.391	0.160935	2.436	4.6316	0.63846	26.1705
200400.0	323.208	89.493	0.161045	2.823	4.6312	0.6378599999999999	25.8565
201000.0	323.184	88.36200000000002	0.161445	2.6975	4.6268	0.6436799999999999	26.127
201600.0	323.144	88.744	0.161205	2.7455	4.6326	0.63378	26.3535
202200.0	322.744	87.375	0.16097999999999998	2.5540000000000003	4.6348	0.6433199999999999	26.5115
202800.0	322.968	86.992	0.160815	2.6805	4.636	0.6375	26.555
203400.0	323.048	87.199	0.160655	2.71	4.6302	0.6339	26.57
204000.0	322.896	88.42200000000003	0.16159	2.8165	4.6324	0.6347999999999999	26.6655
204600.0	323.12	87.736	0.160945	2.6415	4.6252	0.6416399999999999	27.28
205200.0	323.216	87.256	0.161065	2.4725	4.6448	0.6456599999999999	27.28
205800.0	323.408	87.71700000000001	0.161495	2.6645	4.632	0.6381600000000001	27.081
206400.0	322.456	87.635	0.16052	2.6	4.646	0.6419999999999999	27.3595
207000.0	323.12	86.859	0.16109	2.4795	4.633	0.6376799999999999	27.3295
207600.0	322.72	87.339	0.160915	2.6860000000000004	4.626	0.6366599999999999	27.182
208200.0	322.808	88.18299999999998	0.160495	2.5175	4.6288	0.6404999999999998	27.298
208800.0	322.624	87.17399999999998	0.16022	2.567	4.6282	0.6383999999999999	27.55
209400.0	323.584	87.596	0.1612	2.6265	4.6452	0.6463199999999999	27.508000000000006
210000.0	322.712	86.958	0.161055	2.5525	4.6328	0.6390599999999999	27.322
210600.0	322.712	86.90899999999998	0.160245	2.649	4.6426	0.63948	27.1025
211200.0	323.04	87.431	0.160565	2.6485	4.6282	0.6376799999999999	27.3455
211800.0	323.016	87.545	0.16080999999999998	2.46	4.6294	0.6371999999999999	27.084
212400.0	322.968	86.853	0.160915	2.5980000000000003	4.6262	0.6381	26.708
213000.0	323.088	87.838	0.16112	2.684	4.6418	0.642	26.918000000000006
213600.0	323.296	87.198	0.16147	2.6585	4.6296	0.6346199999999999	27.127
214200.0	323.072	87.25299999999999	0.16059500000000002	2.552	4.6338	0.6433800000000001	27.27
214800.0	323.152	87.60799999999998	0.16115	2.622	4.6362	0.6412800000000001	27.1755
215400.0	322.9120000000001	86.82700000000001	0.161045	2.5015	4.6312	0.63978	27.1135
216000.0	322.72	86.559	0.16108	2.593	4.6406	0.64086	26.8955
216600.0	323.256	86.9	0.16128499999999998	2.684	4.6274	0.6377399999999999	27.1275
217200.0	323.072	88.06299999999997	0.16039	2.5785	4.63	0.6353399999999999	27.2255
217800.0	322.08	87.40299999999998	0.159995	2.5195	4.6296	0.63978	26.9295
218400.0	322.512	88.23299999999998	0.160865	2.575	4.622	0.6353999999999999	26.6865
219000.0	322.92	86.43799999999997	0.16097	2.6495	4.6418	0.6410399999999999	26.6785
219600.0	323.288	86.723	0.16180999999999998	2.652	4.6236	0.63594	27.151
220200.0	322.976	87.13600000000002	0.161065	2.5695	4.6238	0.6385799999999999	27.175
220800.0	323.504	86.90299999999998	0.16105	2.518	4.6258	0.6373800000000001	27.0325
221400.0	323.04	87.50299999999999	0.16092	2.5705	4.6286	0.6370199999999999	26.9
222000.0	322.776	87.454	0.16035	2.6145	4.6264	0.6356999999999999	26.853
222600.0	322.48	88.18799999999997	0.16063	2.6645	4.6332	0.6415799999999999	27.188
223200.0	322.992	87.15799999999999	0.16078499999999998	2.582	4.6306	0.6356999999999999	27.215
223800.0	323.152	87.569	0.16084	2.5945	4.6348	0.6383999999999999	27.216
224400.0	322.816	86.79700000000003	0.160395	2.6345	4.6346	0.6361799999999999	27.226
225000.0	322.512	87.01799999999999	0.160555	2.5135	4.6302	0.6377399999999999	27.3565
225600.0	322.416	87.93	0.160705	2.6	4.6242	0.6390599999999999	27.05
226200.0	323.2	87.912	0.161575	2.664	4.6322	0.6446399999999999	27.063
226800.0	322.784	87.084	0.16087	2.5555	4.632	0.6415199999999999	27.265
227400.0	322.448	86.256	0.16055999999999998	2.583	4.6332	0.6449399999999998	27.2055
228000.0	322.728	86.204	0.16088	2.5915	4.6354	0.6439199999999999	27.294
228600.0	324.504	86.881	0.16218	2.569	4.6284	0.6361799999999999	27.29
229200.0	322.504	87.74600000000002	0.16051500000000002	2.536	4.6324	0.6374999999999998	27.1435
229800.0	323.024	87.491	0.16097	2.582	4.6282	0.6363599999999999	26.952
230400.0	323.0	87.26299999999998	0.160965	2.7230000000000003	4.6458	0.6429	27.157
231000.0	323.384	86.765	0.160685	2.6365	4.622	0.6355799999999999	27.5295
231600.0	322.696	87.115	0.160635	2.5195	4.6428	0.6433199999999999	27.5295
232200.0	323.072	87.234	0.16055999999999998	2.497	4.6272	0.63666	27.235
232800.0	322.504	87.604	0.16026	2.569	4.6	0.63468	26.9575
233400.0	323.32	87.34	0.16084500000000002	2.6665	4.627	0.63378	27.0125
234000.0	323.672	87.71600000000002	0.161525	2.707	4.6272	0.6384599999999999	27.2525
234600.0	323.376	87.045	0.16141	2.5595	4.6278	0.6379199999999999	27.532
235200.0	323.6	86.691	0.16175499999999998	2.5345	4.6396	0.6375599999999999	27.4615
235800.0	323.168	87.762	0.161115	2.4885	4.6334	0.645	27.3485
236400.0	323.68	88.21600000000002	0.16147999999999998	2.633	4.613	0.6294599999999999	27.0185
237000.0	323.032	86.954	0.1611	2.678	4.638	0.6417	27.186
237600.0	323.248	87.147	0.160895	2.649	4.6362	0.6410399999999999	27.3375
238200.0	322.9840000000001	86.374	0.160575	2.531	4.6264	0.63564	27.421
238800.0	322.9120000000001	87.461	0.16084500000000002	2.532	4.6246	0.6375	27.253
239400.0	323.176	88.19	0.160625	2.5535	4.6374	0.6437399999999999	26.957
240000.0	323.016	87.67399999999998	0.16064	2.6565	4.6042	0.6323999999999999	26.9255
240600.0	322.816	87.074	0.16038	2.6555	4.6324	0.64044	27.198
241200.0	321.92	87.147	0.16064	2.5865	4.6226	0.6380399999999999	27.265
241800.0	323.4	87.00200000000002	0.16135	2.577	4.6248	0.6373199999999999	27.1175
242400.0	322.824	87.85	0.160665	2.505	4.6342	0.6421199999999999	26.998
243000.0	322.648	87.478	0.16126500000000002	2.4730000000000003	4.6242	0.63744	26.6195
243600.0	323.272	88.709	0.160915	2.6195	4.5939999999999985	0.6298799999999999	26.558000000000003
244200.0	323.016	87.118	0.1615	2.724	4.6232	0.6373199999999999	26.762
244800.0	323.12	86.85799999999998	0.161405	2.6185	4.6348	0.6398399999999999	27.0525
245400.0	323.3520000000001	87.19	0.16121	2.5715	4.633	0.6394799999999999	27.145
246000.0	323.168	87.45299999999997	0.16069	2.4575	4.6376	0.6388199999999999	26.933000000000003
246600.0	323.048	87.238	0.16103499999999998	2.641	4.6418	0.6450600000000001	26.322
247200.0	323.032	87.227	0.160795	2.7135	4.5876	0.63222	26.4695
247800.0	323.248	87.26700000000002	0.16101500000000002	2.712	4.6176	0.6358199999999999	26.853
248400.0	323.224	86.835	0.160945	2.5105	4.6298	0.6420599999999999	26.953000000000007
249000.0	323.112	87.943	0.161185	2.5225	4.6358	0.6392399999999999	26.7645
249600.0	323.336	87.98899999999998	0.1618	2.498	4.6422	0.6402	26.6555
250200.0	322.584	87.83200000000002	0.16105	2.944	4.6392	0.64254	26.003
250800.0	322.52	87.76	0.16068	2.631	4.6004	0.63132	26.6425
251400.0	323.3040000000001	87.984	0.160995	2.5885	4.642	0.6410999999999999	26.5515
252000.0	323.128	87.40299999999998	0.161145	2.562	4.6394	0.6417599999999999	26.525
252600.0	323.312	87.65299999999998	0.16146	2.5135	4.624	0.6392999999999999	26.437
253200.0	322.784	88.175	0.160495	2.612	4.6276	0.6366599999999999	26.293000000000006
253800.0	323.04	88.522	0.16174000000000002	2.6180000000000003	4.6288	0.6423599999999999	26.4405
254400.0	323.152	87.10600000000002	0.161025	2.5735	4.6036	0.6315599999999999	26.4725
255000.0	322.496	88.009	0.160815	2.548	4.6344	0.6413999999999999	26.327
255600.0	323.152	86.986	0.161245	2.6375	4.6232	0.6403800000000001	26.252
256200.0	322.712	88.43700000000003	0.16128	2.677	4.62	0.6363599999999999	26.4035
256800.0	323.392	88.37100000000002	0.16161	2.4835	4.6398	0.6394199999999999	26.4375
257400.0	322.8640000000001	87.66	0.16099000000000002	2.5675	4.6276	0.6375599999999999	26.132
258000.0	322.92	87.887	0.160795	2.647	4.5992	0.6317399999999999	26.0655
258600.0	322.68	87.514	0.16075	2.649	4.6386	0.6434999999999998	26.1015
259200.0	323.248	87.796	0.16126	2.694	4.6358	0.6415199999999999	26.209
259800.0	322.84	88.368	0.160425	2.572	4.6328	0.63984	26.4365
260400.0	322.92	88.494	0.16119	2.52	4.6404	0.6476399999999999	26.1285
261000.0	323.376	88.995	0.16102	2.4755	4.6338	0.6369599999999999	26.0
261600.0	322.8	87.86	0.160745	2.837	4.5832	0.6266399999999999	25.776
262200.0	323.208	87.18799999999997	0.161215	2.675	4.6372	0.63984	26.0755
262800.0	323.056	87.684	0.160775	2.761	4.6296	0.6417	26.2425
263400.0	322.744	88.436	0.16064	2.482	4.6304	0.6379199999999999	26.523000000000003
264000.0	323.184	88.198	0.161195	2.528	4.6364	0.6411	26.0955
264600.0	323.344	88.15799999999999	0.16165	2.524	4.6294	0.6371399999999999	25.957
265200.0	322.856	87.23100000000002	0.16069	2.628	4.589	0.62964	25.9075
265800.0	323.144	87.256	0.16165	2.714	4.63	0.6412799999999999	25.9525
266400.0	323.344	87.069	0.16082	2.6795	4.637	0.6452399999999999	26.2145
267000.0	322.6	87.57	0.16041	2.5865	4.6318	0.6424199999999999	26.309
267600.0	322.96	88.486	0.161275	2.4295	4.6232	0.6379799999999999	26.1415
268200.0	322.704	88.804	0.161325	2.649	4.6324	0.6421199999999999	25.621
268800.0	322.92	86.54700000000003	0.160985	2.7735	4.589	0.6286199999999998	25.754
269400.0	322.464	87.568	0.16014	2.7285	4.6342	0.6412199999999999	26.0225
270000.0	322.464	86.98	0.160895	2.7355	4.6484	0.6486599999999999	26.201
270600.0	322.464	87.602	0.160235	2.541	4.6332	0.6331799999999999	26.267
271200.0	323.368	88.831	0.16137	2.732	4.6404	0.6458399999999999	25.6095
271800.0	322.696	88.366	0.161545	2.6415	4.6262	0.6369599999999999	25.565
272400.0	323.048	87.766	0.16124000000000002	2.5875	4.572	0.62712	25.5705
273000.0	323.032	88.83	0.16077	2.7215	4.6326	0.6357599999999999	25.641
273600.0	323.3520000000001	87.97	0.16151500000000002	2.807	4.6352	0.6379199999999999	25.8615
274200.0	322.872	86.943	0.16076	2.513	4.6258	0.6325799999999999	26.2675
274800.0	322.8640000000001	87.945	0.161065	2.526	4.6304	0.6421799999999999	25.902
275400.0	323.1040000000001	87.796	0.16119	2.628	4.6382	0.6409799999999999	25.8005
276000.0	323.328	87.387	0.16119	2.6485	4.5762	0.6313199999999999	25.8
276600.0	322.992	88.304	0.16128	2.6785	4.63	0.6365399999999999	25.89
277200.0	323.024	87.805	0.16151	2.648	4.6382	0.6379199999999999	26.0
277800.0	323.096	89.594	0.16059500000000002	2.4475	4.6424	0.63774	25.9075
278400.0	323.12	88.194	0.161575	2.952	4.6262	0.6377999999999999	25.0195
279000.0	322.32	87.926	0.16087	2.7605	4.6282	0.63702	25.4095
279600.0	323.288	87.156	0.161225	2.741	4.5902	0.6371999999999999	25.6075
280200.0	323.032	87.131	0.16051500000000002	2.7555	4.6488	0.6507	25.7505
280800.0	323.688	87.32	0.161205	2.675	4.6388	0.63852	25.9505
281400.0	322.928	88.37899999999998	0.160625	2.5115	4.6428	0.63972	25.9205
282000.0	322.96	88.79700000000003	0.16093	2.7745	4.6328	0.6413399999999999	25.323
282600.0	322.936	88.40799999999999	0.161325	2.513	4.6434	0.64572	25.432
283200.0	323.512	88.068	0.16128499999999998	2.782	4.5786	0.6310799999999999	25.4815
283800.0	322.952	87.667	0.16077	2.747	4.6328	0.6393599999999999	25.8055
284400.0	322.952	87.18799999999997	0.161	2.668	4.638	0.6439199999999999	25.9715
285000.0	322.728	87.79	0.1608	2.549	4.6364	0.6424199999999999	25.985
285600.0	322.88	87.335	0.16054000000000002	2.4365	4.635	0.6428999999999999	25.88
286200.0	322.944	88.117	0.161415	2.5365	4.6389999999999985	0.6440999999999999	25.7255
286800.0	322.504	86.64399999999998	0.16034	2.6055	4.5834	0.6299999999999999	25.5725
287400.0	322.48	88.281	0.16091	2.785	4.6282	0.6382199999999999	25.7175
288000.0	323.072	87.985	0.16122	2.595	4.6412	0.6431399999999999	26.01
288600.0	322.784	87.809	0.160675	2.492	4.6402	0.6415199999999999	25.964
289200.0	323.464	89.25299999999999	0.16101	2.511	4.6354	0.6406199999999999	25.6295
289800.0	322.9840000000001	87.34	0.161295	2.5780000000000003	4.628	0.63408	25.4625
290400.0	322.936	87.73899999999998	0.1606	2.761	4.5934	0.63384	25.78
291000.0	322.488	86.788	0.16001	2.528	4.6236	0.6404399999999999	26.0035
291600.0	322.592	87.82799999999997	0.16042	2.448	4.6264	0.63672	25.8155
292200.0	323.376	89.911	0.161715	2.5225	4.6294	0.6339600000000001	25.4035
292800.0	323.328	88.92299999999999	0.160415	2.664	4.6284	0.63894	25.315
293400.0	322.736	86.52600000000002	0.161115	2.718	4.6368	0.6459599999999999	25.4405
294000.0	322.592	87.133	0.16122	2.6845	4.581	0.6301799999999999	25.676
294600.0	323.432	87.363	0.160725	2.553	4.6254	0.6338399999999998	25.622
295200.0	322.936	87.751	0.16083	2.5095	4.6378	0.6413999999999999	25.266
295800.0	323.192	89.258	0.161205	2.5860000000000003	4.6242	0.6360599999999998	23.185
296400.0	322.752	87.542	0.160875	2.681	4.6292	0.6397799999999999	22.685
297000.0	322.736	88.556	0.161135	2.714	4.6422	0.6389999999999999	22.914
297600.0	322.704	87.11200000000002	0.16071	2.6425	4.566	0.62538	22.89
298200.0	323.072	87.406	0.16078	2.4565	4.629	0.6337799999999999	22.771
298800.0	323.04	87.986	0.160885	2.5385	4.6262	0.6379199999999999	22.5725
299400.0	322.872	88.538	0.16087	2.701	4.6302	0.64404	22.8345
300000.0	322.856	88.626	0.16084500000000002	2.6695	4.6308	0.6426	23.0385
300600.0	322.288	88.501	0.160475	2.4805	4.6222	0.6333599999999999	23.0965
301200.0	323.232	88.42	0.16055999999999998	2.5215	4.5882	0.6282599999999999	22.6575
301800.0	323.224	88.23200000000001	0.16161	2.6745	4.6306	0.63894	22.56
302400.0	323.216	87.94200000000002	0.160665	2.6545	4.6452	0.642	22.7425
303000.0	323.232	88.125	0.1607	2.6065	4.6296	0.6370799999999999	22.9525
303600.0	323.048	87.08	0.16033	2.484	4.6412	0.6429599999999999	22.7645
304200.0	323.152	87.34299999999998	0.16059	2.6185	4.6306	0.63294	22.613000000000003
304800.0	323.712	87.709	0.161445	2.6875	4.5832	0.62934	22.7605
305400.0	322.712	88.47399999999998	0.161105	2.6425	4.6258	0.6353999999999999	22.788
306000.0	322.896	87.758	0.16076500000000002	2.526	4.6292	0.6386399999999999	22.903
306600.0	323.136	87.46600000000002	0.1609	2.609	4.6242	0.63744	22.9375
307200.0	323.168	86.396	0.16121	2.6285	4.6354	0.6389999999999999	22.8775
307800.0	323.08	88.155	0.161205	2.757	4.6294	0.6379799999999999	23.255
308400.0	323.064	88.177	0.16109500000000002	2.457	4.5742	0.6260999999999999	23.4625
309000.0	322.936	87.53200000000002	0.16138	2.861	4.6328	0.6408599999999999	22.661
309600.0	323.008	87.652	0.16088	2.585	4.6334	0.6405599999999999	23.2835
310200.0	323.432	87.62799999999999	0.16118	2.631	4.6416	0.63972	23.1235
310800.0	323.176	87.93700000000003	0.16077	2.732	4.626	0.6347999999999999	23.4745
311400.0	322.288	87.559	0.161545	2.4290000000000003	4.6386	0.6431399999999999	23.5785
312000.0	322.632	88.13600000000002	0.16064	2.8255	4.5844	0.62946	22.767
312600.0	322.976	88.459	0.16088	2.631	4.643	0.6452399999999999	23.178
313200.0	323.168	87.228	0.161055	2.77	4.6354	0.64032	23.285
313800.0	323.056	86.90100000000002	0.161125	2.5525	4.6304	0.645	23.9085
314400.0	323.12	86.82	0.16138	2.5205	4.6304	0.6355799999999999	23.7525
315000.0	322.624	87.994	0.16076500000000002	2.572	4.631	0.6415799999999999	23.6225
315600.0	322.816	86.198	0.160525	2.6135	4.5814	0.6317399999999999	23.8145
316200.0	323.16	87.351	0.160805	2.664	4.6224	0.63372	23.8305
316800.0	322.624	86.70100000000002	0.160635	2.613	4.628	0.6356999999999999	24.019
317400.0	322.68	87.024	0.16033	2.5425	4.6392	0.6429	24.0435
318000.0	323.216	86.67299999999999	0.16122999999999998	2.595	4.6262	0.6365999999999999	23.95
318600.0	323.208	86.758	0.16093	2.5805	4.6389999999999985	0.6459599999999999	23.9595
319200.0	322.576	87.68799999999997	0.160605	2.588	4.5924	0.6313199999999999	23.876
319800.0	323.12	87.40100000000002	0.161655	2.5385	4.6376	0.6442199999999999	23.717
320400.0	323.024	88.381	0.16089	2.638	4.6378	0.6413999999999999	23.7205
321000.0	322.336	88.126	0.1608	2.544	4.636	0.6425399999999999	23.7705
321600.0	323.1040000000001	88.07600000000002	0.16088	2.588	4.6366	0.6415199999999999	23.774
322200.0	323.136	87.8	0.16079000000000002	2.5235	4.6228	0.63744	23.6975
322800.0	323.528	87.196	0.16144	2.654	4.6002	0.6346799999999999	23.5825
323400.0	323.336	86.322	0.1615	2.6185	4.6312	0.63966	23.692
324000.0	322.872	87.76899999999998	0.16054000000000002	2.5785	4.6468	0.64494	23.733
324600.0	323.568	87.089	0.161155	2.544	4.6476	0.6420599999999999	23.508000000000006
325200.0	322.824	87.405	0.161165	2.5845	4.6324	0.6426	23.614
325800.0	323.048	87.756	0.16071	2.6135	4.634	0.63372	23.6095
326400.0	322.592	87.288	0.160605	2.5860000000000003	4.586	0.6281399999999999	23.623
327000.0	323.1040000000001	88.13600000000002	0.160825	2.5810000000000004	4.6398	0.6366599999999999	23.852
327600.0	322.92	87.26700000000002	0.16078	2.6010000000000004	4.6402	0.6369600000000001	23.8135
328200.0	323.5440000000001	87.359	0.161935	2.573	4.637	0.6422399999999999	23.915
328800.0	323.368	86.87	0.16144	2.6455	4.6324	0.6428399999999999	23.87
329400.0	323.296	87.735	0.16096	2.5055	4.6244	0.6396	23.931
330000.0	323.32	88.089	0.16124000000000002	2.5755	4.5942	0.6365999999999999	23.537
330600.0	322.624	87.55	0.160905	2.681	4.6426	0.6451799999999999	22.9585
331200.0	322.784	87.35799999999998	0.16125	2.574	4.64	0.63786	23.1955
331800.0	322.776	86.671	0.16112	2.5885	4.6296	0.63726	23.4045
332400.0	323.336	88.258	0.16082	2.5	4.6388	0.6393	23.425
333000.0	323.36	87.633	0.16111	2.5475	4.6306	0.6409799999999999	23.5945
333600.0	323.512	87.74600000000002	0.161665	2.609	4.6128	0.63942	23.851
334200.0	323.512	87.324	0.16080999999999998	2.67	4.6328	0.6443399999999999	24.0635
334800.0	322.712	86.70200000000001	0.16043	2.5915	4.641	0.6418799999999999	23.986
335400.0	322.784	87.361	0.161125	2.608	4.6392	0.6469199999999999	24.019
336000.0	323.5440000000001	87.411	0.161155	2.5855	4.6354	0.6379199999999999	24.1995
336600.0	322.672	87.505	0.16066	2.5255	4.6334	0.6349799999999999	24.3605
337200.0	322.76	87.902	0.16059500000000002	2.5755	4.5958	0.6307799999999999	24.3715
337800.0	323.32	88.23200000000001	0.16166	2.4325	4.6308	0.6354599999999999	23.7565
338400.0	322.84	87.992	0.161145	2.7735	4.6356	0.6384	22.863000000000003
339000.0	322.872	88.051	0.16085	2.6265	4.6402	0.6392399999999999	23.071
339600.0	322.776	89.711	0.160675	2.5905	4.632	0.6410399999999999	23.3895
340200.0	323.112	88.587	0.16127	2.5435	4.6356	0.63372	23.4605
340800.0	323.344	87.956	0.161075	2.5085	4.5948	0.6371399999999999	23.268
341400.0	323.248	88.505	0.161475	2.5815	4.6266	0.6370799999999999	23.0835
342000.0	323.648	88.773	0.16080999999999998	2.65	4.6376	0.64266	23.209
342600.0	322.824	88.14	0.1609	2.637	4.6372	0.6375599999999999	23.4935
343200.0	322.696	87.85600000000002	0.16121	2.591	4.6362	0.6409199999999999	23.76
343800.0	322.72	88.109	0.160485	2.504	4.6352	0.63972	23.5635
344400.0	323.096	87.601	0.16085	2.5635	4.5932	0.63036	23.46
345000.0	322.712	88.098	0.161405	2.6905	4.6324	0.6341999999999999	23.5635
345600.0	323.256	87.59700000000002	0.161235	2.6355	4.6484	0.6434399999999999	23.6965
346200.0	322.52	87.95700000000002	0.16047	2.4325	4.6276	0.6359999999999999	23.4445
346800.0	322.768	88.03399999999998	0.161245	2.4755	4.6476	0.6413999999999999	23.0605
347400.0	323.384	87.291	0.161445	2.893	4.6312	0.6373199999999999	22.768
348000.0	322.824	86.80799999999998	0.160415	2.6260000000000003	4.5958	0.6305999999999999	23.009
348600.0	323.168	88.368	0.1611	2.77	4.6258	0.63138	23.2065
349200.0	323.112	87.68	0.161575	2.5355	4.6318	0.6421199999999999	23.6015
349800.0	323.344	87.89200000000002	0.161855	2.5055	4.6238	0.6335399999999999	23.476
350400.0	323.536	89.09	0.16107	2.412	4.6296	0.6414599999999999	23.1945
351000.0	322.976	87.949	0.16125499999999998	2.8665	4.6394	0.63726	22.8885
351600.0	323.32	87.42200000000003	0.161075	2.7245	4.5996	0.6309599999999999	23.2345
352200.0	323.248	87.71799999999998	0.16109	2.7475	4.6304	0.6420599999999999	23.2635
352800.0	323.08	86.846	0.16107	2.6845	4.623	0.6373800000000001	23.3345
353400.0	322.64	87.90100000000002	0.160555	2.575	4.6254	0.6390599999999999	23.375
354000.0	322.936	87.553	0.16121	2.8080000000000003	4.6374	0.6387599999999999	22.8725
354600.0	323.1040000000001	88.03	0.16099000000000002	2.6665	4.62	0.6340199999999999	23.1455
355200.0	322.9120000000001	88.465	0.16126500000000002	2.5575	4.591	0.6336599999999999	22.945
355800.0	322.952	88.26700000000002	0.161385	2.717	4.628	0.64182	23.095
356400.0	322.888	87.13799999999998	0.16045	2.5955	4.6386	0.6447	23.3705
357000.0	322.664	87.155	0.16004000000000002	2.489	4.6466	0.64356	23.1925
357600.0	323.584	87.581	0.160445	2.59	4.6298	0.63678	22.995
358200.0	322.88	86.19200000000002	0.16133499999999998	2.636	4.633	0.6451199999999999	23.022
358800.0	323.264	87.15899999999998	0.16129000000000002	2.685	4.6018	0.63618	23.089
359400.0	322.976	86.74	0.16094	2.6015	4.631	0.6403800000000001	23.2
360000.0	323.4	89.34	0.160855	2.4575	4.6406	0.6432599999999999	22.993
360600.0	322.488	88.021	0.16126500000000002	2.4025	4.637	0.6396	22.745
361200.0	322.816	88.92200000000003	0.16125499999999998	3.0845	4.6356	0.64122	22.1185
361800.0	323.272	87.035	0.16127	2.9160000000000004	4.6316	0.6401399999999999	22.6245
362400.0	322.584	87.33200000000002	0.160655	2.476	4.6080000000000005	0.63498	22.94
363000.0	322.744	87.816	0.16078499999999998	2.6965	4.6284	0.63708	22.824
363600.0	322.552	87.72200000000002	0.15999000000000002	2.656	4.633	0.64182	22.8075
364200.0	322.832	87.87799999999999	0.16072999999999998	2.4345	4.6362	0.6412199999999999	22.805
364800.0	322.968	88.83200000000002	0.16186	3.0265	4.623	0.6356399999999999	21.8675
365400.0	322.92	89.334	0.161325	2.69	4.6396	0.6431999999999999	22.1515
366000.0	322.512	87.23200000000001	0.16097999999999998	2.6515	4.6034	0.6309599999999999	22.1495
366600.0	322.248	87.93	0.16046	2.7855	4.6292	0.6351600000000001	22.366
367200.0	322.968	87.824	0.16125	2.5265	4.637	0.63912	22.571
367800.0	322.488	88.214	0.16049000000000002	2.437	4.6376	0.64482	22.265
368400.0	323.056	88.277	0.160485	2.6275	4.6398	0.6431399999999999	21.728
369000.0	323.128	89.22200000000002	0.161745	2.6815	4.6396	0.6423599999999999	21.8315
369600.0	323.128	87.86399999999998	0.16097999999999998	2.6095	4.6182	0.6318599999999999	21.843000000000004
370200.0	323.272	87.84299999999998	0.16094	2.7705	4.6316	0.6383999999999999	22.0685
370800.0	323.12	87.787	0.16071	2.494	4.6286	0.6343799999999999	22.179
371400.0	322.64	87.65799999999999	0.16085	2.616	4.6462	0.6437399999999999	22.025
372000.0	323.472	88.05	0.16163	2.515	4.6274	0.63894	21.8085
372600.0	322.856	88.586	0.1604	2.533	4.6282	0.6367799999999999	21.599
373200.0	322.968	88.83	0.161115	2.537	4.6038	0.6339599999999999	20.8815
373800.0	323.464	87.995	0.16125499999999998	2.7110000000000003	4.633	0.63768	20.7945
374400.0	323.176	87.95	0.160885	2.619	4.6368	0.6401399999999999	20.955
375000.0	322.472	88.49700000000001	0.160725	2.6180000000000003	4.6424	0.64152	20.964
375600.0	322.84	87.146	0.16126500000000002	2.5095	4.6322	0.6394199999999999	21.079
376200.0	323.12	87.464	0.16107	2.6045	4.634	0.6416399999999999	21.0515
376800.0	322.504	88.421	0.16078	2.5875	4.6878	0.64086	21.1555
377400.0	323.128	88.09299999999998	0.16092	2.647	4.6436	0.645	21.483
378000.0	322.872	89.25	0.160405	2.568	4.6322	0.63822	21.605
378600.0	323.5440000000001	87.595	0.161445	2.5305	4.643	0.6436799999999999	21.446
379200.0	322.896	87.318	0.16105	2.6865	4.624	0.6370199999999999	21.7125
379800.0	322.704	87.71600000000002	0.16034500000000002	2.6830000000000003	4.6288	0.6381600000000001	21.8975
380400.0	322.752	87.501	0.16089	2.688	4.6174	0.6299399999999999	21.8815
381000.0	323.368	88.001	0.16166	2.5765	4.6389999999999985	0.63936	21.7305
381600.0	323.0	88.073	0.16076500000000002	2.4235	4.6316	0.63672	21.3825
382200.0	322.616	88.31200000000003	0.16108499999999998	2.615	4.6392	0.63786	21.264
382800.0	322.968	87.29799999999999	0.161405	2.729	4.6389999999999985	0.64674	21.584
383400.0	323.136	87.641	0.16079000000000002	2.7195	4.6352	0.64242	21.931
384000.0	322.72	87.20700000000002	0.16086	2.5765	4.6024	0.6330599999999998	22.1105
384600.0	322.928	87.991	0.160665	2.463	4.6348	0.6363	21.9265
385200.0	323.52	88.225	0.16127	2.4865	4.6394	0.6440999999999999	21.605
385800.0	323.072	88.681	0.16079000000000002	2.6825	4.6406	0.64512	21.3815
386400.0	322.704	88.521	0.16087	2.694	4.618	0.6403199999999999	21.7335
387000.0	323.08	87.86200000000002	0.160675	2.492	4.6346	0.6421199999999999	21.7085
387600.0	323.024	87.71700000000001	0.161395	2.6315	4.6094	0.6274199999999999	21.587
388200.0	322.584	87.37299999999998	0.16107	2.6715	4.632	0.63684	21.593000000000004
388800.0	323.448	86.92399999999998	0.161435	2.6860000000000004	4.6326	0.6411	21.6535
389400.0	322.696	88.006	0.16115	2.5615	4.635	0.6433800000000001	21.822
390000.0	323.288	87.68799999999997	0.160895	2.4115	4.6122	0.6380399999999999	21.498
390600.0	323.088	88.289	0.160905	2.576	4.6388	0.6419999999999999	21.206
391200.0	322.704	88.291	0.16071	2.7625	4.6738	0.6396	21.291
391800.0	323.264	87.514	0.161375	2.707	4.6304	0.63942	21.766
392400.0	323.432	87.60799999999998	0.161295	2.5375	4.6396	0.6357599999999999	21.761
393000.0	322.688	87.17200000000003	0.1606	2.505	4.6424	0.6427199999999998	21.6195
393600.0	322.76	87.759	0.16091	2.4995	4.6294	0.63732	21.5325
394200.0	322.744	88.637	0.160975	2.587	4.635	0.6354599999999999	21.24
394800.0	323.04	88.67299999999999	0.16138	2.668	4.6172	0.63072	21.16
395400.0	323.152	88.56700000000002	0.16142	2.521	4.63	0.6400199999999999	21.165
396000.0	322.856	88.096	0.16044	2.5810000000000004	4.6322	0.6354	21.162
396600.0	322.16	87.76	0.16058	2.7475	4.6392	0.6421799999999999	21.2135
397200.0	322.3520000000001	87.16799999999998	0.16088	2.5755	4.635	0.6463199999999999	21.32
397800.0	323.624	87.82600000000002	0.16117	2.497	4.638	0.6413399999999999	21.3575
398400.0	323.368	87.764	0.16139	2.4925	4.6038	0.6282599999999999	21.222
399000.0	323.08	88.046	0.1611	2.479	4.6384	0.6462	20.963
399600.0	322.992	88.277	0.160815	2.7075	4.643	0.64302	20.92
400200.0	322.632	87.50200000000002	0.16097	2.7355	4.637	0.6475199999999999	21.2015
400800.0	323.248	87.179	0.16096	2.6145	4.6052	0.6374999999999998	21.511
401400.0	322.608	87.009	0.160205	2.54	4.6432	0.64368	21.584
402000.0	322.992	86.846	0.16065	2.531	4.681	0.6379199999999999	21.3595
402600.0	323.432	86.833	0.16112	2.6055	4.6336	0.6398399999999999	21.295
403200.0	322.928	88.39200000000002	0.16134	2.515	4.6314	0.6387	21.278
403800.0	322.4240000000001	87.861	0.16046	2.714	4.6296	0.6385799999999999	21.149
404400.0	322.664	87.07700000000001	0.160915	2.6595	4.604	0.63144	21.232
405000.0	322.92	87.559	0.160795	2.656	4.6306	0.6371399999999999	21.37
405600.0	322.72	87.04700000000003	0.160675	2.63	4.6362	0.6326999999999999	21.459
406200.0	322.808	86.736	0.16039	2.491	4.6368	0.6378	21.505
406800.0	322.4240000000001	87.241	0.16011	2.6135	4.6364	0.6446399999999999	21.3855
407400.0	323.216	88.256	0.161175	2.5665	4.6442	0.64662	21.31
408000.0	322.7920000000001	87.194	0.160655	2.67	4.5994	0.6326399999999999	21.295
408600.0	323.048	87.945	0.16107	2.693	4.6302	0.6357	21.346
409200.0	322.528	86.721	0.16027	2.633	4.7124	0.6418799999999999	21.465
409800.0	323.384	86.209	0.161575	2.5725	4.6322	0.6373800000000001	21.475
410400.0	322.464	86.61200000000002	0.16053499999999998	2.5015	4.6344	0.6355199999999999	21.4005
411000.0	322.728	87.527	0.16088	2.593	4.6326	0.6388199999999999	21.2775
411600.0	323.52	87.198	0.16185	2.654	4.607	0.6341399999999999	21.374
412200.0	323.088	89.11200000000002	0.16126	2.549	4.6332	0.6445799999999999	21.4365
412800.0	322.832	88.23200000000001	0.16097	2.604	4.6144	0.63294	21.3225
413400.0	323.192	86.10700000000001	0.1614	2.697	4.6364	0.6422399999999999	21.2155
414000.0	322.472	86.06	0.16011	2.556	4.623	0.6380399999999999	21.3905
414600.0	323.752	87.316	0.16126	2.545	4.6198	0.6340199999999999	21.27
415200.0	322.592	87.18299999999998	0.160405	2.471	4.5924	0.6321599999999999	21.375
415800.0	323.392	88.18799999999997	0.1619	2.487	4.6382	0.6426	21.466
416400.0	322.744	88.859	0.16071	2.645	4.7186	0.6425399999999999	21.4205
417000.0	323.5440000000001	87.374	0.16082	2.664	4.6436	0.6395399999999999	21.345
417600.0	322.392	86.905	0.16078499999999998	2.665	4.6274	0.6392999999999999	21.634
418200.0	323.008	86.928	0.16084	2.5205	4.6292	0.6412799999999999	21.7965
418800.0	322.816	88.041	0.16039	2.5605	4.5826	0.63294	21.726
419400.0	322.944	87.494	0.161355	2.513	4.6276	0.6366	21.8655
420000.0	323.456	88.045	0.16061	2.4935	4.7404	0.65376	21.7565
420600.0	322.9840000000001	88.709	0.1612	2.5645	4.6352	0.63918	21.5935
421200.0	322.96	89.441	0.16124000000000002	2.6835	4.638	0.6405599999999999	21.677
421800.0	323.096	87.616	0.161415	2.6305	4.6406	0.6411600000000001	21.8305
422400.0	323.296	86.834	0.161275	2.656	4.6226	0.6404999999999998	21.9655
423000.0	323.056	87.49700000000001	0.16087	2.593	4.6288	0.6379199999999999	22.01
423600.0	322.896	87.43299999999998	0.16005999999999998	2.508	4.6794	0.6366599999999999	22.0525
424200.0	323.072	88.495	0.16119	2.4935	4.6378	0.6378599999999999	21.933000000000003
424800.0	322.856	88.779	0.16122999999999998	2.633	4.6466	0.6472799999999999	21.874
425400.0	322.936	88.585	0.161235	2.5475	4.6316	0.6382799999999998	22.0525
426000.0	323.36	87.17200000000003	0.16209500000000002	2.6295	4.5742	0.6318	22.0985
426600.0	322.96	88.27600000000002	0.16084	2.6495	4.6306	0.63612	22.289
427200.0	322.736	87.23100000000002	0.16032000000000002	2.595	4.7488	0.6545999999999998	22.3275
427800.0	323.552	87.404	0.16158	2.575	4.6384	0.6401999999999999	22.369
428400.0	323.344	88.251	0.161	2.5175	4.6384	0.6391199999999999	22.27
429000.0	322.6	88.234	0.16088	2.527	4.6324	0.6400199999999999	21.875
429600.0	322.48	88.309	0.161425	2.6475	4.5894	0.6351600000000001	21.8105
430200.0	322.824	86.523	0.160905	2.6765	4.6358	0.6392399999999999	21.7105
430800.0	323.552	87.454	0.16201500000000002	2.6485	4.7360000000000015	0.6466799999999999	21.82
431400.0	323.064	87.485	0.16134	2.611	4.6374	0.6357	21.86
432000.0	322.72	86.867	0.16108499999999998	2.624	4.6474	0.6426599999999999	21.84
432600.0	323.28	88.429	0.16069	2.494	4.6264	0.6372599999999999	21.6615
433200.0	323.12	88.624	0.161125	2.6555	4.5826	0.6303599999999999	21.479
433800.0	323.496	88.338	0.1613	2.6035	4.6448	0.6439199999999999	21.575
434400.0	322.952	86.891	0.161545	2.6685	4.7442	0.6515999999999998	21.618
435000.0	322.648	86.895	0.16043	2.63	4.6322	0.6385799999999999	21.7475
435600.0	322.896	87.499	0.161025	2.5565	4.638	0.64278	21.6835
436200.0	323.032	87.57600000000002	0.160995	2.567	4.6344	0.6384599999999999	21.6295
436800.0	322.624	87.229	0.16107	2.5555	4.5816	0.6309	21.605
437400.0	323.192	87.238	0.16084500000000002	2.551	4.6358	0.6439199999999999	21.551
438000.0	323.176	88.055	0.16093	2.47	4.7338	0.6560399999999998	21.4055
438600.0	322.8640000000001	88.01299999999998	0.16108499999999998	2.668	4.6424	0.64566	21.1455
439200.0	322.656	87.54799999999999	0.16119	2.6805	4.6284	0.6347999999999999	21.2775
439800.0	323.0	87.21700000000001	0.16135	2.5780000000000003	4.644	0.6439199999999999	21.458
440400.0	322.6	87.156	0.16107	2.591	4.582	0.6328799999999999	21.464
441000.0	322.464	87.33	0.16038	2.5065	4.6414	0.6423	21.2905
441600.0	322.456	88.583	0.16086	2.64	4.745	0.6493800000000001	21.243
442200.0	323.064	88.045	0.1603	2.469	4.6294	0.6359999999999999	21.211
442800.0	322.8640000000001	88.434	0.1604	2.745	4.6344	0.6413399999999999	21.1675
443400.0	322.816	87.46	0.160915	2.8110000000000004	4.636	0.6430799999999999	21.7225
444000.0	323.488	87.249	0.16172	2.5395	4.5828	0.6306	22.0585
444600.0	322.808	86.79899999999998	0.160755	2.776	4.6316	0.6406199999999999	21.289
445200.0	323.336	87.55799999999998	0.161245	2.5495	4.7474	0.6523800000000001	21.3775
445800.0	323.5440000000001	86.764	0.16183	2.596	4.6292	0.63522	21.227
446400.0	323.008	86.09	0.161315	2.5395	4.6364	0.6416999999999999	21.151
447000.0	322.656	87.15	0.16121	2.583	4.6314	0.6371999999999999	21.1675
447600.0	323.776	86.845	0.16189	2.5065	4.5764	0.6281999999999999	21.0705
448200.0	322.92	86.40899999999998	0.16130999999999998	2.53	4.6382	0.6421799999999999	20.837
448800.0	323.264	84.914	0.16178	2.6555	4.7354	0.6468	20.142
449400.0	322.632	85.711	0.161825	2.9335	4.6306	0.6401399999999999	20.209
450000.0	322.72	85.25299999999999	0.16189	2.5045	4.6262	0.6376199999999999	20.4305
450600.0	323.048	86.889	0.161635	2.682	4.6364	0.6392399999999999	20.2355
451200.0	323.1040000000001	85.766	0.16229000000000002	2.548	4.5816	0.63054	20.315
451800.0	323.16	86.891	0.161695	2.674	4.6342	0.6390599999999999	20.416
452400.0	322.824	86.725	0.161315	2.557	4.7364	0.65442	20.3355
453000.0	322.192	86.137	0.160945	2.6905	4.6444	0.6437999999999999	20.3615
453600.0	323.016	85.491	0.162155	2.6745	4.6432	0.6372599999999999	20.426
454200.0	322.744	86.178	0.16141	2.567	4.6382	0.6422399999999999	20.4525
454800.0	323.192	85.459	0.161645	2.6385	4.5858	0.62556	20.5505
455400.0	323.072	86.12299999999998	0.16226500000000002	2.692	4.6288	0.63894	20.594
456000.0	322.5440000000001	87.195	0.16096	2.457	4.7198	0.65814	20.5325
456600.0	323.048	86.53	0.16119	2.5285	4.6308	0.6372	19.8395
457200.0	323.48	86.102	0.161975	2.7295	4.6396	0.64272	19.5255
457800.0	322.768	86.211	0.161395	2.661	4.6294	0.6390599999999999	19.907
458400.0	323.008	85.51899999999998	0.16129000000000002	2.531	4.5760000000000005	0.6236999999999999	20.005
459000.0	322.84	85.73700000000002	0.161885	2.5860000000000003	4.6314	0.6358199999999999	20.005
459600.0	323.16	87.194	0.1617	2.5	4.74	0.6501600000000001	19.893
460200.0	322.488	86.28200000000002	0.16126500000000002	2.6925	4.6384	0.6378599999999999	19.7115
460800.0	322.624	86.11	0.16151	2.5540000000000003	4.6322	0.6399599999999999	19.881
461400.0	323.264	85.51299999999998	0.1617	2.673	4.6394	0.6389999999999999	19.849
462000.0	322.96	85.352	0.16147999999999998	2.695	4.5684	0.6288599999999999	20.209
462600.0	322.952	85.52	0.161735	2.624	4.6348	0.64554	20.379
463200.0	322.384	85.41799999999998	0.16188	2.583	4.7116	0.6557399999999999	20.4205
463800.0	322.472	86.507	0.16108499999999998	2.5815	4.6466	0.6466199999999999	20.4975
464400.0	323.04	86.074	0.16150499999999998	2.544	4.6336	0.6406199999999999	20.538
465000.0	322.8640000000001	86.15100000000002	0.16099000000000002	2.5605	4.644	0.6442799999999999	20.4855
465600.0	323.144	84.962	0.16242	2.741	4.5762	0.62772	20.654
466200.0	323.096	85.292	0.161605	2.59	4.6326	0.63894	20.878
466800.0	323.192	85.008	0.16141	2.528	4.7168	0.6575999999999999	20.897
467400.0	322.728	86.083	0.16161	2.627	4.6392	0.6445199999999999	20.768
468000.0	323.512	85.916	0.16178	2.522	4.6348	0.6385799999999999	21.179
468600.0	322.512	86.59700000000002	0.161805	2.7185	4.6452	0.6471599999999998	21.898000000000003
469200.0	322.328	84.95100000000002	0.16127	2.696	4.579	0.6282599999999999	22.3075
469800.0	322.84	85.319	0.16180999999999998	2.652	4.6388	0.6405599999999999	22.371
470400.0	322.96	84.665	0.16209	2.5375	4.7322	0.6597	22.197
471000.0	322.808	84.51299999999998	0.162125	2.579	4.627	0.6411600000000001	22.1005
471600.0	322.8	84.837	0.16132	2.6155	4.6389999999999985	0.6429599999999999	22.073
472200.0	323.096	86.689	0.16153	2.5535	4.642	0.64482	22.1425
472800.0	323.064	84.958	0.16184	2.6195	4.5822	0.6324599999999999	22.0295
473400.0	322.88	85.281	0.16155	2.6260000000000003	4.6458	0.6446999999999999	22.109
474000.0	323.344	84.514	0.16182	2.615	4.7472	0.65292	22.17
474600.0	322.824	84.63	0.1617	2.6205	4.6354	0.6438	22.17
475200.0	322.992	85.083	0.16151500000000002	2.542	4.6484	0.6413999999999999	22.1055
475800.0	323.168	84.068	0.161895	2.6385	4.638	0.6373800000000001	22.1275
476400.0	323.224	84.836	0.16142	2.543	4.5876	0.6306	22.2155
477000.0	322.592	86.102	0.16177	2.562	4.6278	0.6410999999999999	22.1875
477600.0	322.704	85.295	0.161655	2.6005	4.7016	0.6570599999999999	22.14
478200.0	322.768	85.78200000000002	0.16119	2.5675	4.635	0.6433199999999999	22.0815
478800.0	322.456	84.708	0.1617	2.6335	4.632	0.6415799999999999	22.0715
479400.0	322.976	85.22399999999998	0.16251500000000002	2.591	4.6398	0.64008	22.031
480000.0	323.376	84.74799999999998	0.161645	2.6275	4.578	0.6290399999999999	22.1635
480600.0	323.256	84.064	0.161825	2.53	4.634	0.63894	22.1765
481200.0	323.296	86.32700000000001	0.16167	2.5945	4.6892	0.65832	21.9615
481800.0	322.7920000000001	85.367	0.16134500000000002	2.5885	4.637	0.6390599999999999	22.01
482400.0	323.688	85.34	0.16183	2.615	4.6386	0.6454199999999999	21.94
483000.0	322.736	84.697	0.16111	2.634	4.637	0.64284	21.94
483600.0	322.56	84.515	0.161205	2.5795	4.581	0.6323999999999999	21.97
484200.0	324.016	84.81200000000003	0.16235	2.593	4.6362	0.64032	21.924
484800.0	322.848	84.303	0.16130999999999998	2.5995	4.7018	0.6599399999999999	21.917
485400.0	322.016	85.662	0.16065	2.5340000000000003	4.64	0.6434399999999999	21.8025
486000.0	323.44	85.787	0.16209500000000002	2.658	4.6468	0.64212	21.8125
486600.0	323.128	83.99	0.16184500000000002	2.667	4.6326	0.6406799999999999	21.965
487200.0	322.8	84.632	0.161655	2.659	4.5692	0.62748	22.141
487800.0	322.312	84.471	0.16079000000000002	2.5215	4.6316	0.6388199999999999	22.246
488400.0	322.52	84.594	0.161325	2.5485	4.7048	0.6614399999999999	22.0915
489000.0	322.688	85.01100000000002	0.16074000000000002	2.6465	4.6244	0.6375599999999999	22.0685
489600.0	323.2	85.568	0.16186	2.6015	4.6284	0.63594	22.0825
490200.0	322.848	85.391	0.161305	2.567	4.6314	0.6392399999999999	22.0575
490800.0	322.3520000000001	84.07	0.161155	2.577	4.5888	0.63216	21.9465
491400.0	322.48	85.01799999999999	0.161485	2.6435	4.6288	0.6420599999999999	21.865
492000.0	323.632	84.249	0.161865	2.588	4.7189999999999985	0.65946	21.9295
492600.0	323.064	84.804	0.16283	2.5660000000000003	4.637	0.6418799999999999	21.919
493200.0	322.704	84.913	0.16176500000000002	2.6275	4.6344	0.642	21.91
493800.0	322.288	84.831	0.16063	2.5605	4.6386	0.6409199999999999	21.931
494400.0	322.8	85.62299999999998	0.161705	2.5405	4.5916	0.6326999999999999	21.863000000000003
495000.0	323.488	85.551	0.16218	2.638	4.6388	0.63966	21.815
495600.0	322.496	84.898	0.1617	2.5425	4.7018	0.6585	21.891
496200.0	323.392	84.57799999999997	0.16244	2.542	4.6394	0.6457799999999999	21.84
496800.0	322.9120000000001	84.736	0.16128	2.5705	4.6408	0.6362999999999999	21.737
497400.0	322.8640000000001	83.85700000000001	0.16175	2.5625	4.6262	0.6352199999999999	21.8235
498000.0	322.224	85.01899999999998	0.16158499999999998	2.63	4.585	0.62934	21.8395
498600.0	323.016	85.611	0.1619	2.4955	4.6324	0.6394799999999999	21.834
499200.0	322.736	84.686	0.16192	2.6595	4.6960000000000015	0.6579599999999999	21.65
499800.0	322.64	84.016	0.16208499999999998	2.6605	4.635	0.6411600000000001	21.7465
500400.0	322.328	85.126	0.16122999999999998	2.595	4.6326	0.6388799999999999	21.9535
501000.0	323.312	84.991	0.16225	2.5810000000000004	4.6326	0.6415799999999999	21.916
501600.0	322.712	83.79700000000003	0.161525	2.515	4.5896	0.6299999999999999	21.8205
502200.0	322.944	86.47	0.16155	2.551	4.6428	0.6418799999999999	21.68
502800.0	322.76	85.277	0.161425	2.5755	4.7072	0.66528	21.464
503400.0	322.9840000000001	85.65899999999998	0.161705	2.575	4.6418	0.6420600000000001	21.2375
504000.0	323.4	85.479	0.161935	2.5805	4.6286	0.6375	20.902
504600.0	323.072	84.736	0.161885	2.6425	4.635	0.64236	21.3045
505200.0	322.72	84.979	0.16186	2.5780000000000003	4.5864	0.6290399999999999	21.425
505800.0	322.96	84.28200000000002	0.161645	2.533	4.6456	0.6413399999999999	21.4945
506400.0	323.096	86.115	0.162415	2.517	4.7032	0.6606	21.29
507000.0	323.272	85.67399999999998	0.161935	2.6095	4.6376	0.6383399999999999	21.1985
507600.0	322.368	84.27600000000002	0.16175499999999998	2.6275	4.6344	0.6426	21.2955
508200.0	322.784	85.25	0.161885	2.6445	4.6384	0.63594	21.5015
508800.0	322.76	85.59299999999998	0.162415	2.5905	4.5892	0.63126	21.555
509400.0	323.072	85.391	0.161665	2.5455	4.6328	0.6390600000000001	21.4905
510000.0	323.3040000000001	84.62	0.16188	2.574	4.6888	0.6628199999999999	21.3805
510600.0	322.744	85.066	0.161915	2.5345	4.636	0.6408599999999999	21.02
511200.0	322.84	85.49799999999998	0.16188	2.6465	4.6292	0.6377999999999999	20.887
511800.0	322.624	86.72	0.16168	2.603	4.6252	0.6360599999999998	20.96
512400.0	322.672	84.999	0.16134	2.625	4.5864	0.6268799999999999	21.2015
513000.0	322.84	85.62100000000002	0.16199000000000002	2.5195	4.6408	0.6427799999999999	21.172
513600.0	323.28	85.419	0.16247	2.524	4.7066	0.6600599999999999	20.975
514200.0	323.216	86.134	0.16267	2.4475	4.6332	0.6435	20.8005
514800.0	323.152	85.28200000000002	0.16266	2.6835	4.6358	0.63894	20.6705
515400.0	322.08	86.59899999999998	0.161775	2.725	4.6328	0.6379799999999999	20.9475
516000.0	322.288	84.48899999999998	0.161305	2.5595	4.5842	0.6290999999999999	21.106
516600.0	322.816	85.337	0.161385	2.6325	4.6398	0.6415199999999999	21.09
517200.0	322.992	85.831	0.1621	2.552	4.6946	0.6553199999999999	21.135
517800.0	323.384	85.751	0.16249	2.5385	4.6282	0.6405599999999999	21.09
518400.0	322.944	84.81200000000003	0.161575	2.653	4.6382	0.6398999999999999	21.0905
519000.0	323.704	85.36	0.162315	2.624	4.6368	0.6406199999999999	21.2695
519600.0	322.8640000000001	85.984	0.161745	2.459	4.6066	0.63726	21.166
520200.0	323.192	86.391	0.16212	2.5935	4.647	0.6461399999999999	20.8935
520800.0	323.096	84.87299999999998	0.162865	2.5935	4.6806	0.6592199999999999	21.012
521400.0	322.976	85.456	0.1623	2.6835	4.6436	0.6418799999999999	21.1255
522000.0	323.488	85.455	0.16224	2.692	4.6236	0.6350399999999999	21.418000000000006
522600.0	322.768	85.402	0.161775	2.5725	4.6396	0.6439199999999999	21.632
523200.0	322.728	86.478	0.16228499999999998	2.424	4.6002	0.6357	21.4835
523800.0	323.12	85.223	0.16209500000000002	2.563	4.6362	0.6420600000000001	21.083
524400.0	322.656	85.476	0.161815	2.6455	4.6824	0.6574800000000001	21.1475
525000.0	323.488	85.21	0.162075	2.6225	4.6476	0.64302	21.384
525600.0	323.3040000000001	85.071	0.162495	2.709	4.6276	0.6380999999999999	21.5095
526200.0	323.04	84.93299999999998	0.16204000000000002	2.6435	4.6356	0.6373199999999999	21.7595
526800.0	323.32	84.583	0.16218	2.5715	4.5898	0.6296399999999999	21.855
527400.0	322.696	85.321	0.161935	2.582	4.6338	0.6394799999999999	21.86
528000.0	322.632	84.859	0.16143	2.8655	4.6728	0.6571799999999999	21.2315
528600.0	322.9120000000001	86.25200000000002	0.160965	2.5145	4.6424	0.6433800000000001	21.362
529200.0	323.072	85.705	0.16203499999999998	2.6375	4.6352	0.6407999999999999	21.135
529800.0	323.392	85.749	0.161775	2.7645	4.6416	0.6385799999999999	21.5045
530400.0	322.784	85.23700000000002	0.16180999999999998	2.5980000000000003	4.5954	0.62922	21.8725
531000.0	322.904	84.87899999999998	0.16175	2.496	4.6372	0.6415799999999999	21.6285
531600.0	322.872	85.221	0.161685	2.5775	4.6834	0.6614399999999999	21.5245
532200.0	322.448	87.331	0.16197	2.4465	4.6376	0.6348599999999999	21.2765
532800.0	322.408	85.219	0.16225	2.624	4.6366	0.64326	20.8835
533400.0	323.624	86.272	0.16273	2.864	4.6432	0.6460799999999999	21.041
534000.0	323.264	85.02799999999998	0.161685	2.7375	4.601	0.6305999999999999	21.4185
534600.0	322.464	85.587	0.161905	2.467	4.642	0.64194	21.5505
535200.0	323.176	85.055	0.16175	2.5435	4.6938	0.6637199999999999	21.3235
535800.0	322.96	85.444	0.16182	2.5455	4.6366	0.6419999999999999	21.319000000000006
536400.0	323.312	84.475	0.162105	2.573	4.6376	0.6456	21.318
537000.0	323.28	86.075	0.161565	2.6945	4.6444	0.6439199999999999	21.3695
537600.0	322.496	84.565	0.16128499999999998	2.562	4.6104	0.6307799999999999	21.4725
538200.0	323.032	86.575	0.1616	2.455	4.6452	0.6434999999999998	21.138
538800.0	323.232	86.37799999999999	0.16252	2.5765	4.6776	0.6590399999999998	20.905
539400.0	322.232	85.512	0.16155	2.66	4.6384	0.6402599999999999	20.905
540000.0	322.752	85.98899999999998	0.16207	2.6645	4.647	0.6476999999999999	21.1755
540600.0	323.664	84.655	0.16193	2.672	4.6394	0.6410399999999999	21.2725
541200.0	323.2	85.81299999999997	0.162145	2.6685	4.674	0.63648	21.3885
541800.0	322.584	85.84	0.16134500000000002	2.5035	4.6448	0.6462600000000001	21.5145
542400.0	322.592	85.639	0.161195	2.544	4.6842	0.6602999999999999	21.1945
543000.0	323.3520000000001	85.824	0.16233	2.658	4.64	0.6420599999999999	21.1385
543600.0	322.9120000000001	85.193	0.162225	2.614	4.6374	0.64458	21.1815
544200.0	322.688	85.223	0.16159	2.6195	4.635	0.6407999999999999	21.166
544800.0	323.288	85.811	0.162365	2.7145	4.6148	0.6361199999999999	21.425
545400.0	322.768	84.96600000000002	0.16166	2.5675	4.6426	0.64482	21.634
546000.0	322.904	87.26899999999998	0.161485	2.452	4.6822	0.65814	21.3025
546600.0	322.216	85.50399999999998	0.161745	2.6905	4.6406	0.6447	21.111
547200.0	322.7920000000001	85.36399999999998	0.16227	2.698	4.6414	0.6394199999999999	21.3505
547800.0	322.64	85.87899999999998	0.162055	2.7230000000000003	4.6378	0.64032	21.67
548400.0	323.008	85.57	0.16233499999999998	2.7345	4.618	0.6349199999999999	22.0575
549000.0	323.016	85.366	0.161655	2.509	4.6256	0.6382799999999998	22.14
549600.0	323.016	86.179	0.16224	2.797	4.6816	0.6606599999999999	21.41
550200.0	323.328	86.598	0.162725	2.5175	4.6294	0.63762	21.4515
550800.0	323.048	85.95	0.161885	2.709	4.6264	0.6347399999999999	21.4275
551400.0	322.7920000000001	86.06200000000003	0.16208	2.7615	4.6438	0.64062	21.7475
552000.0	322.736	84.335	0.162125	2.613	4.6304	0.63684	21.905
552600.0	322.9120000000001	84.27	0.16230999999999998	2.5895	4.6388	0.64248	21.9995
553200.0	323.096	84.53	0.161775	2.5535	4.6868	0.6638399999999999	22.045
553800.0	323.112	85.493	0.160825	2.744	4.6392	0.64194	22.073
554400.0	323.072	84.994	0.16159500000000002	2.5725	4.6356	0.6413999999999999	22.3325
555000.0	323.112	85.456	0.161365	2.499	4.6462	0.64404	22.61
555600.0	323.12	86.348	0.16223	2.837	4.7208	0.6430199999999999	21.746
556200.0	323.128	85.48	0.161315	2.4895	4.6358	0.6409199999999999	21.844
556800.0	323.408	85.00399999999998	0.162555	2.697	4.6822	0.6648	21.7195
557400.0	323.016	85.066	0.161545	2.7175	4.6354	0.6434399999999999	22.1575
558000.0	322.584	84.9	0.161445	2.5905	4.6378	0.6405599999999999	22.3845
558600.0	322.944	85.33200000000002	0.161645	2.49	4.6352	0.6386999999999999	22.4295
559200.0	322.504	86.162	0.16248	2.546	4.7324	0.6507599999999999	22.289
559800.0	322.48	85.697	0.16200499999999998	2.6180000000000003	4.6358	0.63972	22.037
560400.0	323.184	84.838	0.161855	2.6710000000000003	4.6712	0.6590999999999999	22.2295
561000.0	323.136	85.67200000000003	0.16183	2.6295	4.6436	0.64212	22.668000000000006
561600.0	322.944	85.025	0.161715	2.523	4.6368	0.6442199999999999	22.9245
562200.0	322.448	85.76100000000002	0.161625	2.5795	4.6304	0.6340799999999999	22.7485
562800.0	322.648	84.816	0.162235	2.5675	4.7362	0.6496199999999999	22.75
563400.0	323.416	84.851	0.16217	2.6025	4.643	0.6438599999999999	22.8255
564000.0	322.824	87.012	0.16237	2.5780000000000003	4.6814	0.6601799999999999	22.768
564600.0	322.144	85.28200000000002	0.16175499999999998	2.6305	4.6302	0.6422399999999999	22.754
565200.0	323.152	84.537	0.161635	2.6475	4.6386	0.6434999999999998	22.714
565800.0	322.648	85.43	0.161555	2.662	4.6372	0.64218	22.519
566400.0	323.568	84.59	0.16262	2.481	4.6352	0.6387599999999999	22.878
567000.0	322.96	85.26700000000002	0.16101	2.5815	4.6422	0.6448799999999999	22.771
567600.0	323.0	85.565	0.16159500000000002	2.5805	4.677	0.65622	23.092
568200.0	322.64	85.755	0.16204000000000002	2.6210000000000004	4.6356	0.6418799999999999	23.1575
568800.0	322.7920000000001	84.891	0.161775	2.5195	4.6432	0.6453599999999999	23.2275
569400.0	322.496	86.243	0.16134	2.645	4.626	0.6379199999999999	23.2095
570000.0	322.56	85.06700000000002	0.16108499999999998	2.6385	4.7388	0.64896	23.0015
570600.0	323.08	86.069	0.161665	2.6015	4.636	0.6421199999999999	22.858
571200.0	323.168	85.63600000000002	0.16143	2.613	4.685	0.6588	22.5735
571800.0	323.184	84.723	0.16223	2.564	4.6322	0.6383999999999999	22.5125
572400.0	322.704	85.89299999999999	0.162385	2.5505	4.6432	0.64002	22.311
573000.0	322.672	85.431	0.16162	2.6505	4.6374	0.6433199999999999	22.087
573600.0	322.296	84.48200000000001	0.16036	2.6215	4.6612	0.6340199999999999	22.1035
574200.0	323.56	85.738	0.16279000000000002	2.5345	4.6374	0.6404399999999999	21.976
574800.0	323.768	85.02	0.16189	2.668	4.6694	0.6532199999999999	21.861
575400.0	322.936	82.729	0.16213	2.6915	4.6372	0.6433199999999999	22.1125
576000.0	323.504	85.59	0.16234500000000002	2.599	4.6282	0.6351	22.248
576600.0	323.28	84.98299999999998	0.16233	2.5495	4.6342	0.63888	22.211
577200.0	322.968	85.766	0.16130999999999998	2.4835	4.7414	0.65082	22.0765
577800.0	323.32	85.221	0.16192	2.6155	4.6292	0.6387599999999999	21.8565
578400.0	323.072	85.262	0.1621	2.6795	4.6858	0.6580799999999999	22.0865
579000.0	322.992	84.36200000000002	0.161245	2.6465	4.6358	0.63912	22.4485
579600.0	323.28	84.536	0.16165	2.5575	4.633	0.6403199999999999	22.605
580200.0	323.376	84.825	0.16205999999999998	2.5285	4.6372	0.6379199999999999	22.5615
580800.0	322.632	85.044	0.162395	2.605	4.7324	0.6476999999999999	22.495
581400.0	323.296	86.20700000000002	0.16153499999999998	2.5645	4.6264	0.63768	22.55
582000.0	323.384	85.376	0.16203	2.576	4.6804	0.65892	22.505
582600.0	323.368	85.531	0.161495	2.5575	4.6314	0.6383999999999999	22.502
583200.0	323.152	85.186	0.161655	2.637	4.6404	0.6410999999999999	22.606
583800.0	322.816	85.275	0.162275	2.5565	4.6376	0.6414599999999999	22.791
584400.0	323.4240000000001	85.035	0.16212	2.5425	4.74	0.6530999999999999	22.73
585000.0	323.04	86.12299999999998	0.16133	2.548	4.6389999999999985	0.6394199999999999	22.3605
585600.0	322.92	86.325	0.162195	2.6210000000000004	4.671	0.65286	22.44
586200.0	323.208	86.074	0.16234500000000002	2.6185	4.6324	0.63936	22.3645
586800.0	323.256	85.67	0.16283499999999998	2.632	4.634	0.6404399999999999	22.0635
587400.0	322.496	85.10799999999998	0.161575	2.5755	4.64	0.642	21.995
588000.0	322.5440000000001	85.678	0.161305	2.5435	4.74	0.6562799999999999	22.0485
588600.0	322.496	85.76	0.1612	2.6060000000000003	4.635	0.6391799999999999	21.805
589200.0	323.168	86.05	0.16207	2.552	4.6702	0.6540599999999999	21.735
589800.0	323.16	85.559	0.16175	2.585	4.6404	0.6417599999999999	21.578000000000007
590400.0	323.296	86.163	0.162305	2.609	4.6344	0.63972	21.784
591000.0	323.096	87.23100000000002	0.16168	2.5980000000000003	4.633	0.6427799999999999	21.8565
591600.0	323.1040000000001	86.405	0.16166	2.5845	4.7424	0.65328	21.672
592200.0	322.84	84.96700000000001	0.16192	2.6235	4.634	0.6390599999999999	21.6125
592800.0	322.904	85.291	0.162435	2.553	4.6686	0.65736	21.63
593400.0	323.216	85.075	0.161945	2.6165	4.644	0.64374	21.66
594000.0	322.896	85.214	0.161875	2.565	4.6378	0.6388799999999999	21.779
594600.0	323.208	85.765	0.16134	2.477	4.6358	0.6424799999999999	21.7375
595200.0	323.448	85.3	0.162365	2.4925	4.7282	0.65232	21.448
595800.0	323.016	85.605	0.161925	2.687	4.6364	0.6377399999999999	21.425
596400.0	322.52	85.52	0.16230999999999998	2.676	4.6678	0.65388	21.667
597000.0	323.152	86.17299999999999	0.16241	2.623	4.6398	0.6426	21.8305
597600.0	323.376	85.147	0.16289	2.545	4.6404	0.6379799999999999	21.8585
598200.0	323.368	85.325	0.16272	2.546	4.6338	0.6407999999999999	21.685
598800.0	322.824	85.34200000000001	0.1613	2.57	4.7274	0.6562199999999999	21.58
599400.0	323.2	84.102	0.16149000000000002	2.6210000000000004	4.6366	0.6359999999999999	21.607
600000.0	323.0	85.499	0.16163	2.616	4.6838	0.6563399999999999	21.845
600600.0	322.992	84.536	0.16105999999999998	2.5155	4.641	0.6403800000000001	21.7835
601200.0	323.3040000000001	85.34100000000002	0.16126500000000002	2.5565	4.643	0.6443399999999999	21.5345
601800.0	323.2	84.941	0.16159	2.588	4.6406	0.6412799999999999	21.407
602400.0	323.016	85.27799999999998	0.161615	2.6775	4.718	0.6560399999999998	21.426
603000.0	323.08	85.37299999999998	0.162145	2.649	4.6488	0.65394	21.596
603600.0	322.944	84.70200000000001	0.16234500000000002	2.5385	4.6762	0.65832	21.6425
604200.0	322.728	85.508	0.162065	2.5265	4.6398	0.6467999999999999	21.5335
