#1
double tab1(1008,7)
# Date
# Eau Chaude - Température entrée condenseurs TFP1
# Eau chaude - Température sortie condenseur TFP1
# Eau Chaude - Débit TFP1
# Eau glacée - Température entrée évaporateur TFP1
# Eau glacée - Température sortie évaporateurs TFP1
# Eau Glacée - Débit TFP1
0.0	55.027	55.225	148.52700000000004	9.179	9.113	119.988
600.0	54.033	54.21100000000001	146.379	8.9	8.8465	120.102
1200.0	53.293	54.261	146.829	8.884	8.3045	120.228
1800.0	55.042	58.359	147.399	8.394	5.4775	119.922
2400.0	57.25	60.253	147.78	8.4985	5.9075	119.724
3000.0	57.856	58.578	149.50799999999995	8.6035	8.0215	119.742
3600.0	56.094	56.315	147.744	8.783999999999999	8.7	120.0
4200.0	55.137	55.297	148.287	8.937000000000003	8.86	119.934
4800.0	54.323	54.494	147.465	9.0155	8.9495	119.874
5400.0	53.541	53.789	147.066	8.9605	8.867	120.03
6000.0	53.826	56.687	147.303	8.2105	6.08	119.85
6600.0	56.676	59.575	147.585	7.8835	5.202000000000001	120.072
7200.0	57.765	60.578	147.546	8.0455	5.707999999999998	120.138
7800.0	57.528	57.777	148.014	8.661	8.495	120.06
8400.0	56.01600000000001	56.169	148.515	9.028	8.957	120.054
9000.0	55.362	55.514	147.429	8.852	8.8175	120.036
9600.0	54.625	54.791	147.05700000000004	8.5785	8.546	119.898
10200.0	53.83600000000001	54.007	147.795	8.362	8.3365	119.994
10800.0	53.205	54.706	148.68	8.2065	7.204	120.378
11400.0	55.387	58.755	148.08	8.0455	5.0135	120.018
12000.0	57.393	60.33	147.129	8.0215	5.591	120.084
12600.0	58.35	59.283	147.099	7.9555	7.1975	120.168
13200.0	56.558	56.799	148.69799999999995	8.2225	8.1595	120.054
13800.0	55.154	55.348	148.503	8.523	8.3925	120.03
14400.0	54.084	54.26	148.629	9.1735	9.044	120.192
15000.0	53.254	54.183	147.87	8.8905	8.418	119.76
15600.0	54.91	58.272	147.774	7.6025	4.7875	120.204
16200.0	57.449	60.067	147.243	7.516	5.2055	120.048
16800.0	57.982	58.135	146.388	8.038	7.9125	120.102
17400.0	56.429	56.62600000000001	147.753	8.5175	8.3725	120.156
18000.0	55.228	55.429	148.53	8.9875	8.895	119.856
18600.0	54.19300000000001	54.37600000000001	148.09799999999996	8.6645	8.6795	119.952
19200.0	53.348	53.89	148.245	8.118	7.8655	119.988
19800.0	54.357	57.71100000000001	146.97899999999996	7.9115	5.0695	120.006
20400.0	57.183	60.144	146.328	7.7665	5.164	119.886
21000.0	58.431	59.335	147.621	8.71	7.87	119.562
21600.0	56.841	57.077	148.35299999999995	8.6035	8.6725	119.916
22200.0	55.291	55.512	149.247	8.0485	7.9815	120.15
22800.0	54.03100000000001	54.222	147.89700000000005	8.3075	8.207	119.892
23400.0	53.252	54.457	147.903	8.5085	7.715	120.018
24000.0	54.912	58.348	148.881	8.472000000000001	5.3765	119.964
24600.0	56.709	59.913	147.687	8.2365	5.603	120.024
25200.0	58.209	60.05	147.336	7.7465	6.254	120.15
25800.0	57.00100000000001	57.243	145.98	8.1925	8.08	120.246
26400.0	55.661	55.872	147.645	8.3805	8.266	120.192
27000.0	54.403	54.609	149.778	9.004	8.851	119.748
27600.0	53.308	53.89100000000001	147.933	9.1575	8.9225	119.976
28200.0	54.109	57.539	146.595	8.08	5.365	119.706
28800.0	56.438	59.654	147.51	7.905	5.0545	120.03
29400.0	57.721	60.61	147.714	8.8965	6.3505	120.162
30000.0	57.316	57.598	146.94299999999996	9.4645	9.376	120.198
30600.0	55.423	55.644	147.43200000000004	9.3335	9.296	119.988
31200.0	54.161	54.345	148.458	9.48	9.4115	120.048
31800.0	53.33600000000001	54.048	145.299	9.6005	9.192	119.814
32400.0	54.56100000000001	57.98	146.685	9.3725	6.471	119.928
33000.0	56.927	60.109	146.97899999999996	9.2975	6.526	119.964
33600.0	57.993	59.091	146.634	9.768	8.8255	119.898
34200.0	56.227	56.457	147.585	10.1795	10.1015	120.132
34800.0	54.919	55.11	147.81	10.147	10.1175	119.742
35400.0	54.004	54.168	149.064	9.873	9.866	119.898
36000.0	53.26300000000001	54.268	148.524	10.063	9.3535	120.264
36600.0	54.978	58.43600000000001	146.22299999999996	10.3255	7.1515	119.79
37200.0	57.25100000000001	60.047	146.958	10.568	8.225	119.772
37800.0	57.585	58.323	148.38	11.43	10.7355	119.616
38400.0	55.806	56.034	149.484	11.0475	11.0835	120.372
39000.0	55.052	55.21	148.239	10.6475	10.618	120.246
39600.0	54.522	54.67	148.14600000000004	11.07	10.968	119.244
40200.0	53.969	54.106	148.167	10.1525	10.0735	120.624
40800.0	53.377	54.269	147.05700000000004	11.576	10.842	119.97
41400.0	54.947	58.499	147.705	11.9775	8.676	119.598
42000.0	57.32100000000001	60.15	148.239	11.4955	9.071	119.976
42600.0	57.64100000000001	58.13	146.907	11.5995	11.249	120.408
43200.0	56.132	56.343	147.792	11.485	11.418	120.018
43800.0	55.283	55.453	148.82399999999996	11.6675	11.589	119.97
44400.0	54.489	54.659	146.628	11.518	11.477	120.12
45000.0	53.795	53.966	146.694	11.983	11.845999999999998	119.694
45600.0	53.353	55.351000000000006	147.168	11.601	10.053	120.024
46200.0	56.029	59.177	148.683	11.1105	8.234	120.036
46800.0	57.614	60.26600000000001	147.84	11.3335	9.1575	119.916
47400.0	57.685	58.084	147.249	11.0795	10.8135	119.958
48000.0	55.335	55.62300000000001	149.025	10.9925	11.0025	120.048
48600.0	54.065	54.257	148.536	10.4675	10.4285	120.006
49200.0	53.219	54.401	148.155	10.831	9.8995	120.072
49800.0	54.95	58.56	148.869	10.941	7.6525	119.85
50400.0	56.982	59.879	147.702	11.1295	8.5495	119.862
51000.0	57.762	59.124	146.91299999999995	11.5155	10.486	120.264
51600.0	56.359	56.563	148.47899999999996	11.0495	11.045	120.006
52200.0	54.841	55.053	148.287	10.7835	10.77	119.976
52800.0	53.697	53.883	146.466	11.368	11.146	119.718
53400.0	53.50100000000001	56.233	147.255	11.7495	9.395	119.832
54000.0	56.316	59.555	146.586	11.107	8.355	120.198
54600.0	57.541	60.784	146.91	10.365	7.732	120.132
55200.0	57.44300000000001	57.734	147.006	10.6625	10.485	120.084
55800.0	55.177	55.437	147.033	11.189	10.9945	119.844
56400.0	54.146	54.315	147.009	11.384	11.3435	119.73
57000.0	53.53	53.833	148.14	11.1395	11.0065	120.126
57600.0	54.146	57.109	149.184	10.55	8.0755	120.3
58200.0	56.848	59.517	147.162	10.8195	8.3945	119.91
58800.0	57.27	58.407	147.405	11.0395	10.169	119.922
59400.0	55.005	55.31	149.196	10.868	10.842	119.766
60000.0	53.433	54.00100000000001	148.653	10.686	10.395	120.09
60600.0	54.69	57.838	147.594	10.5385	7.6715	119.994
61200.0	57.405	60.102	148.002	10.9295	8.5945	119.88
61800.0	57.408	57.809	148.83	11.1585	10.918	119.748
62400.0	55.125	55.398	148.599	10.819	10.7625	119.868
63000.0	53.719	53.928	148.263	10.695	10.6435	119.94
63600.0	53.684	56.14100000000001	146.67	10.6505	8.699	120.018
64200.0	56.913	59.78	146.721	10.9095	8.2035	120.48
64800.0	57.69600000000001	58.216	149.886	11.4455	11.049	119.97
65400.0	55.749	56.012	147.453	10.889	10.909	120.138
66000.0	54.48	54.684	146.154	10.727	10.6965	119.832
66600.0	53.554	53.81	146.511	10.508	10.3825	119.886
67200.0	53.856	56.86600000000001	146.16299999999995	10.5125	8.0015	119.85
67800.0	56.947	59.601000000000006	147.86700000000005	10.136	7.724	120.366
68400.0	57.90600000000001	59.179	147.75	10.3055	9.3355	120.078
69000.0	56.591	56.779	146.619	10.351	10.344	119.682
69600.0	55.357	55.539	147.63	10.0495	10.028	120.27
70200.0	54.238	54.433	150.753	10.2055	10.1605	120.108
70800.0	53.229	54.187	148.776	10.119	9.521	119.994
71400.0	54.70399999999999	58.261	148.971	9.5565	6.433	120.09
72000.0	56.86600000000001	59.8	149.49	9.4945	6.9185	120.228
72600.0	57.507	59.608	149.91	9.696	7.885	119.742
73200.0	55.987	56.345	147.636	9.8485	9.778	119.646
73800.0	54.178	54.387	147.327	9.8715	9.856	120.168
74400.0	53.691	53.8	146.424	9.633	9.6215	120.36
75000.0	54.034	54.098	146.322	9.2675	9.219	120.174
75600.0	54.182	54.287	148.32	9.18	9.132	120.018
76200.0	53.62300000000001	53.776	144.321	9.199	9.1525	119.97
76800.0	53.601000000000006	56.198	145.476	8.9185	6.9205	119.892
77400.0	56.506	59.4	147.0	8.496	5.8035	120.09
78000.0	57.903	59.38800000000001	146.71200000000005	8.718	7.568	119.802
78600.0	56.222	56.43899999999999	148.089	8.9765	8.8885	120.3
79200.0	54.585	54.802	149.259	8.9225	8.8885	120.078
79800.0	53.444	53.807	149.763	8.921	8.783	120.084
80400.0	53.881	57.13399999999999	149.322	8.2445	5.6560000000000015	119.994
81000.0	56.243	59.396	150.615	8.137	5.249	120.198
81600.0	56.87	59.96	150.11700000000005	8.0945	5.557	119.826
82200.0	57.967	60.326	147.453	7.914	5.8765	119.862
82800.0	56.473	56.803	146.733	8.6755	8.4965	120.306
83400.0	54.503	54.737	148.062	8.985	8.921	119.82
84000.0	53.45	53.871	145.947	8.677	8.508	120.156
84600.0	54.683	57.651	144.267	8.205	5.85	119.946
85200.0	57.87	59.824	145.254	7.872000000000001	6.1255	119.88
85800.0	58.01600000000001	58.24	145.10399999999996	8.1695	8.0425	120.09
86400.0	56.581	56.752	147.018	8.5335	8.417	119.802
87000.0	55.317	55.521	147.78	8.841000000000003	8.745	120.312
87600.0	54.085	54.283	147.447	8.767999999999999	8.7215	120.066
88200.0	53.097	54.272	148.692	8.6365	7.869	119.826
88800.0	54.831	58.379	149.958	7.923999999999999	4.792	120.03
89400.0	57.039	60.198	147.873	7.8820000000000014	5.1495	120.21
90000.0	57.788	61.117	150.444	8.2095	5.4265	119.97
90600.0	57.603	61.03	150.231	8.2575	5.522	120.15
91200.0	57.88	60.709	148.26	8.234	5.8870000000000005	119.97
91800.0	56.962	57.26300000000001	147.921	8.7575	8.6195	120.12
92400.0	54.857	55.101000000000006	146.322	8.4625	8.476	120.024
93000.0	53.783	53.95399999999999	146.688	8.082	8.04	120.15
93600.0	53.489	55.168	146.127	7.8925	6.773	120.24
94200.0	56.572	59.23	145.602	7.7325	5.282	120.114
94800.0	58.411	59.151	145.401	8.2875	7.685	120.144
95400.0	57.199	57.396	147.81	8.2275	8.214	120.264
96000.0	56.03	56.201	148.10399999999996	7.864	7.8205	119.778
96600.0	54.994	55.191	148.11	7.9620000000000015	7.8685	120.312
97200.0	53.986	54.151	147.02700000000004	8.4185	8.275	120.342
97800.0	53.29	54.445	146.36700000000005	8.5635	7.7985	120.03
98400.0	55.75899999999999	58.78100000000001	144.97799999999995	7.7725	5.0885	120.216
99000.0	58.597	59.78	145.668	7.716	6.7535	119.904
99600.0	57.316	57.548	149.046	7.9935	7.8885	120.312
100200.0	55.276	55.535	150.732	8.047	7.9855	119.694
100800.0	53.983	54.167	150.309	8.304	8.164	120.126
101400.0	53.425	54.525	149.106	8.715	7.9845	120.108
102000.0	55.74800000000001	58.74100000000001	147.918	7.8055	5.202000000000001	119.754
102600.0	57.82899999999999	59.827	148.659	7.5175	5.8775	119.532
103200.0	57.172	57.456	146.997	7.8155	7.6865	120.366
103800.0	55.472	55.677	147.357	7.9825	7.8889999999999985	120.012
104400.0	54.599	54.75	145.881	8.175	8.052	120.474
105000.0	54.355	54.463	146.47799999999995	8.6345	8.5425	119.79
105600.0	54.432	54.524	147.93	8.579	8.575	119.916
106200.0	54.754	54.815	150.297	8.132	8.101	119.61
106800.0	55.242	55.303	150.213	7.937	7.9175	119.844
107400.0	55.56	55.653	148.119	7.8095	7.746	119.94
108000.0	55.045	55.227	148.74	7.975	7.8725	120.18
108600.0	53.45	53.681	149.784	8.6895	8.5485	119.61
109200.0	52.881	55.70399999999999	148.965	8.429	6.234	120.15
109800.0	55.53	59.13399999999999	151.869	7.5310000000000015	4.2465	120.414
110400.0	56.02	59.47	151.64700000000005	7.5985	4.81	119.85
111000.0	56.64	59.988	148.26	7.117000000000001	4.3565	120.06
111600.0	57.725	61.012	149.43	7.395	4.686	120.462
112200.0	57.789	58.831	144.537	8.4415	7.5335	119.274
112800.0	55.764	56.03	143.976	8.926	8.917	120.066
113400.0	54.264	54.472	147.951	8.2555	8.244	119.856
114000.0	53.607	53.745	145.752	8.0335	8.003	119.892
114600.0	53.375	54.107	149.454	7.978	7.5375	120.552
115200.0	54.548	58.042	146.583	8.4825	5.4995	119.064
115800.0	56.456	59.582	147.156	8.131	5.518	120.03
116400.0	56.855	60.234	148.116	7.9060000000000015	5.16	119.862
117000.0	57.68899999999999	61.098	147.165	7.7375	5.0325	120.33
117600.0	57.484	58.669	147.42	8.736	7.681	119.802
118200.0	54.682	55.015	146.196	10.279000000000002	10.105	119.538
118800.0	52.839	53.831	146.661	10.1455	9.7295	120.024
119400.0	54.147	57.83	148.08	9.19	5.9965	119.784
120000.0	56.573	59.85	149.535	8.639	5.803	120.336
120600.0	57.295	60.702	148.851	8.942	6.1325	120.204
121200.0	57.645	61.107	148.35299999999995	9.0505	6.1745	119.916
121800.0	57.487	58.901	146.991	9.3565	8.2905	119.952
122400.0	54.901	55.184	148.03799999999995	9.391	9.329	119.946
123000.0	53.72	53.87600000000001	147.864	9.6645	9.583	119.94
123600.0	53.396	53.522	148.446	9.1665	9.166	120.066
124200.0	53.465	53.557	147.747	9.024	8.9805	120.066
124800.0	53.684	53.773	146.19	9.0675	8.954	120.036
125400.0	53.901	53.973	147.96	9.6705	9.5675	119.988
126000.0	53.79	53.903	149.136	9.6845	9.624	120.222
126600.0	53.375	54.857	146.487	9.671	8.624	119.856
127200.0	55.755	58.864	145.78799999999995	9.11	6.2639999999999985	120.048
127800.0	57.508	60.563	147.966	9.295	6.7120000000000015	119.802
128400.0	57.275	57.539	147.687	9.661	9.5255	119.976
129000.0	54.984	55.233	146.68200000000004	10.12	10.0535	119.754
129600.0	53.919	54.09	148.04399999999995	9.9445	9.8995	119.304
130200.0	53.528	54.469	148.986	9.56	9.014	120.39
130800.0	55.682	58.62	149.631	9.161	6.4535	120.678
131400.0	57.848	59.63800000000001	149.529	9.443	7.827000000000001	119.58
132000.0	56.785	57.11	149.442	9.764	9.677	119.826
132600.0	55.084	55.327	148.221	9.802	9.774	119.676
133200.0	53.815	54.00899999999999	147.69899999999996	9.667	9.6635	119.766
133800.0	53.583	55.495	146.856	9.3185	7.866	120.102
134400.0	56.709	59.37300000000001	147.183	9.032	6.5470000000000015	120.168
135000.0	58.24	59.15	147.22799999999995	9.5025	8.762	120.15
135600.0	56.918	57.109	147.369	9.8355	9.745	119.976
136200.0	55.74	55.932	147.213	10.584	10.4225	120.126
136800.0	54.695	54.88800000000001	147.651	10.2155	10.3025	119.874
137400.0	53.793	53.963	146.27700000000004	10.11	9.9855	120.066
138000.0	53.409	55.514	146.826	10.289	8.6635	120.114
138600.0	56.16	59.286	148.686	9.861	6.988	120.024
139200.0	57.351000000000006	60.212	148.914	10.082	7.7305	119.784
139800.0	56.782	57.06	149.409	10.4135	10.2415	119.628
140400.0	54.352	54.606	149.178	10.313	10.3065	120.0
141000.0	53.151	54.492	150.285	9.897	9.0335	119.85
141600.0	55.165	58.595	148.52100000000004	9.309	6.1655	120.186
142200.0	57.617	60.723	147.57	9.985	7.2485	119.928
142800.0	57.486	57.76300000000001	146.865	10.285	10.239	120.114
143400.0	55.047	55.31	147.798	10.403	10.3585	119.652
144000.0	53.68	53.886	148.059	9.887	9.8325	120.414
144600.0	53.767	56.151	146.97299999999996	9.7675	7.9460000000000015	120.018
145200.0	57.06800000000001	59.699	146.523	9.566	7.145	119.994
145800.0	57.913	58.67100000000001	147.05700000000004	9.903	9.3105	120.252
146400.0	55.792	56.08	147.486	10.192	10.0875	119.952
147000.0	54.049	54.275	146.451	10.4555	10.398	119.814
147600.0	53.114	54.98	147.114	9.9885	8.612	120.174
148200.0	55.712	59.017	147.747	9.542	6.507999999999999	119.988
148800.0	57.72	60.107	148.236	9.9015	7.9225	120.21
149400.0	57.057	57.34	149.472	10.1185	9.9945	120.09
150000.0	54.974	55.2	147.498	10.1735	10.138	119.892
150600.0	53.715	53.899	147.876	10.0505	10.0235	119.55
151200.0	53.511	56.217	148.833	9.5725	7.4555	119.202
151800.0	56.103	59.256	149.499	9.5175	6.5755	119.952
152400.0	57.018	59.854	150.756	9.53	7.1535	119.928
153000.0	57.83	60.21	148.08	9.7575	7.612999999999999	119.148
153600.0	56.87	57.177	145.38	10.047	10.0175	120.036
154200.0	55.027	55.267	146.847	9.6875	9.6855	119.67
154800.0	53.867	54.034	148.071	9.3285	9.292	120.492
155400.0	53.724	53.801	148.194	9.557	9.505	120.042
156000.0	54.137	54.194	147.66299999999995	9.1035	9.0865	120.228
156600.0	54.201	54.327	145.608	9.4325	9.3295	120.204
157200.0	53.82100000000001	53.933	146.42700000000005	9.9035	9.78	119.832
157800.0	53.272	54.57899999999999	147.099	9.8155	8.9565	120.534
158400.0	55.337	58.648	147.306	9.211	6.222	119.838
159000.0	57.277	60.083	147.924	9.115	6.8095	119.766
159600.0	57.389	57.774	149.109	9.393	9.1015	120.012
160200.0	55.29	55.548	148.17	9.428	9.4155	119.958
160800.0	54.049	54.255	148.392	9.312	9.24	119.7
161400.0	53.12300000000001	54.408	150.02700000000004	9.1315	8.3065	119.862
162000.0	54.86600000000001	58.452	150.534	8.3545	5.1435	120.042
162600.0	56.86600000000001	60.15	149.571	8.2525	5.5435	120.246
163200.0	57.402	60.789	149.148	8.0355	5.3175	119.862
163800.0	57.889	60.237	145.17600000000004	8.25	6.3335	120.126
164400.0	56.018	56.396	147.822	8.997	8.9165	120.066
165000.0	54.402	54.57899999999999	148.04399999999995	8.6895	8.6735	120.102
165600.0	54.32100000000001	54.408	144.789	8.4035	8.3655	119.742
166200.0	54.413	54.51600000000001	144.25799999999995	8.3405	8.293	119.934
166800.0	54.349	54.46100000000001	145.95600000000005	8.3555	8.2605	120.216
167400.0	54.097	54.213	147.255	8.879	8.794	120.102
168000.0	53.588	53.74	147.657	8.42	8.396	119.976
168600.0	53.657	56.25100000000001	147.57	7.7175	5.8415	120.288
169200.0	56.58	59.417	147.417	7.38	4.751	120.024
169800.0	57.66	60.788	148.512	8.0645	5.4205	120.24
170400.0	57.401	57.88	149.733	8.967	8.617	119.694
171000.0	54.455	54.776	150.684	8.7465	8.7915	120.234
171600.0	52.901	54.282	149.922	8.0455	7.2639999999999985	120.12
172200.0	54.82899999999999	58.417	147.9	7.117000000000001	4.0625	119.994
172800.0	57.411	60.234	147.165	8.0385	5.3505	120.108
173400.0	57.67	57.85	146.559	8.96	8.899	120.042
174000.0	55.847	56.055	146.091	8.4645	8.462	120.156
174600.0	54.574	54.768	146.406	8.167	8.169	120.282
175200.0	53.864	53.99100000000001	145.737	8.0425	7.9525	120.324
175800.0	53.848	53.926	146.082	8.1595	8.093	120.024
176400.0	54.047	54.106	147.786	8.616	8.5065	119.928
177000.0	54.159	54.246	148.209	8.7285	8.6775	120.072
177600.0	53.912	54.026	146.931	8.3485	8.3835	120.312
178200.0	53.427	54.019	147.80700000000004	7.931	7.61	120.054
178800.0	54.87600000000001	58.023	148.035	7.412000000000001	4.7255	119.862
179400.0	57.581	60.125	148.002	7.8335	5.532	120.216
180000.0	57.455	57.665	148.47899999999996	8.8325	8.724	119.754
180600.0	55.01300000000001	55.28	149.373	8.5225	8.57	120.222
181200.0	53.294	53.606	152.166	8.062999999999999	7.9575	120.15
181800.0	53.144	56.159	151.362	7.512	5.209	119.952
182400.0	55.582	58.949	150.558	7.421	4.283	120.114
183000.0	57.114	60.431	146.748	8.089	5.297999999999999	120.228
183600.0	58.369	59.129	145.755	8.4425	7.73	119.784
184200.0	57.131	57.325	147.315	8.4275	8.44	119.988
184800.0	55.752	55.953	146.74200000000005	7.7215	7.73	120.078
185400.0	54.442	54.635	146.577	7.7645	7.6720000000000015	120.06
186000.0	53.86	53.971	146.47799999999995	7.937	7.8635	120.288
186600.0	53.872	53.96	145.869	8.2485	8.1395	120.168
187200.0	53.632	53.76600000000001	146.625	8.514	8.45	119.73
187800.0	53.735	56.183	147.111	7.9625	6.223	119.994
188400.0	56.604	59.437	147.45600000000005	7.057	4.479	120.288
189000.0	57.932	60.505	148.05	7.2435	5.109	120.054
189600.0	56.856	57.22	149.358	7.9465	7.8	120.096
190200.0	54.044	54.333	151.26	8.16	8.05	120.048
190800.0	52.81	55.092	151.74	8.4235	6.7695	119.682
191400.0	55.106	58.887	149.184	7.5455	4.2330000000000005	119.796
192000.0	56.581	59.875	147.711	7.4525	4.726	120.216
192600.0	57.70399999999999	60.867	146.634	7.006	4.4875	120.072
193200.0	57.644	57.875	146.661	7.7365	7.5665	120.03
193800.0	55.46100000000001	55.723	146.493	8.144	8.0485	119.922
194400.0	54.109	54.305	146.19	8.559	8.4405	120.084
195000.0	53.629	53.754	146.844	8.507	8.4845	119.67
195600.0	53.467	53.879	146.211	7.983	7.8685	120.132
196200.0	54.69600000000001	57.706	146.628	7.291	4.8645	120.114
196800.0	57.293	59.788	148.326	7.7245	5.515	120.012
197400.0	57.565	58.756	149.154	7.7375	6.8025	120.09
198000.0	55.543	55.797	149.013	8.66	8.5285	120.12
198600.0	54.09	54.275	146.763	8.633	8.6155	119.688
199200.0	53.176	54.288	148.29	7.9805	7.3895	120.444
199800.0	54.668	58.249	150.171	7.18	4.133	120.048
200400.0	56.489	59.733	150.126	7.69	4.8325	119.67
201000.0	56.76	60.113	149.982	8.0255	5.2145	120.096
201600.0	57.047	60.397	148.056	8.5655	5.789	119.778
202200.0	58.157	59.931	146.964	8.324	6.8845	120.0
202800.0	56.543	56.819	147.825	8.6685	8.562000000000001	119.976
203400.0	54.767	55.008	147.375	8.8445	8.7815	120.03
204000.0	53.61	53.786	146.688	9.5085	9.27	119.748
204600.0	53.997	56.614	146.934	10.24	8.0465	120.216
205200.0	57.115	59.752	148.296	9.6565	7.3505	119.844
205800.0	57.685	58.42	146.784	9.7975	9.1725	120.084
206400.0	55.597	55.879	146.577	10.0835	10.0875	119.928
207000.0	54.00100000000001	54.228	147.249	9.613	9.604	120.084
207600.0	53.152	55.133	146.718	10.0975	8.554	120.048
208200.0	55.725	59.139	146.65200000000004	9.879	6.776	119.892
208800.0	57.413	60.244	146.322	9.627	7.308	119.988
209400.0	56.971	57.221	147.72899999999996	9.7585	9.694	119.658
210000.0	54.758	54.97	148.515	9.6805	9.66	119.892
210600.0	53.79	53.949	149.22899999999996	9.9575	9.8285	119.934
211200.0	53.479	55.179	160.446	10.493	9.249	119.634
211800.0	55.363	58.93600000000001	136.134	9.343	6.4860000000000015	119.952
212400.0	56.887	60.387	145.731	9.0705	6.1805	120.06
213000.0	57.49800000000001	60.967	150.648	9.735	6.811	119.742
213600.0	57.409	58.027	150.834	10.066	9.5215	119.892
214200.0	55.617	55.81100000000001	150.894	10.131	10.1345	119.922
214800.0	55.12300000000001	55.255	152.937	10.122	10.007	120.0
215400.0	54.875	54.99100000000001	150.774	9.578	9.644	120.228
216000.0	54.472	54.614	153.78	9.491	9.391	120.174
216600.0	53.845	53.994	150.588	10.19	10.094	120.144
217200.0	53.14	53.915	151.338	10.09	9.6715	119.67
217800.0	54.815	58.065	149.709	9.2645	6.3505	120.03
218400.0	57.276	60.315	151.428	9.0495	6.3935	119.802
219000.0	57.765	58.353	151.959	9.4075	8.831	120.09
219600.0	55.70399999999999	55.95399999999999	152.166	10.1715	10.1085	120.054
220200.0	54.592	54.768	150.894	10.0025	9.99	119.748
220800.0	53.892	54.045	150.195	9.406	9.4095	120.048
221400.0	53.27	54.56399999999999	151.461	9.251	8.4125	119.85
222000.0	55.412	58.721	152.16	9.347	6.1445	120.018
222600.0	57.523	60.12600000000001	151.374	10.1795	7.9045	119.736
223200.0	57.597	58.262	150.786	9.901	9.419	120.012
223800.0	55.161	55.447	150.86700000000005	9.942	9.913	119.736
224400.0	53.731	53.919	148.95600000000005	10.14	10.01	119.664
225000.0	53.55	55.926	149.172	9.8595	8.055	120.0
225600.0	56.599	59.618	149.841	9.5975	6.7765	119.832
226200.0	58.38800000000001	59.93	148.857	9.8145	8.421	119.886
226800.0	56.928	57.135	150.17700000000005	9.8285	9.7975	120.126
227400.0	55.529	55.728	150.02100000000004	9.8225	9.718	119.82
228000.0	54.40600000000001	54.588	149.832	9.975	9.9525	119.772
228600.0	53.56	53.81100000000001	149.076	9.8565	9.762	120.162
229200.0	54.019	56.853	150.192	9.4575	7.1265	119.67
229800.0	56.76300000000001	59.56	151.254	9.1535	6.621	119.958
230400.0	57.882	60.078	151.113	10.128	8.042	120.06
231000.0	56.00100000000001	56.361	150.405	10.5405	10.4985	119.958
231600.0	53.923	54.166	151.245	10.0235	10.011	120.12
232200.0	53.208	54.169	150.915	9.3385	8.783999999999999	119.784
232800.0	55.51600000000001	58.556	150.46200000000005	9.03	6.2015	120.222
233400.0	57.47	60.46	151.053	9.545	6.909	119.988
234000.0	57.562	58.345	149.88299999999995	10.182	9.517	119.898
234600.0	54.941	55.24100000000001	148.55100000000004	10.106	10.1095	120.108
235200.0	53.51300000000001	53.968	149.27700000000004	9.8215	9.627	120.57
235800.0	54.618	57.74	149.94899999999996	9.439	6.7885	120.162
236400.0	57.404	60.107	149.964	9.299	6.8115	120.078
237000.0	57.345	57.57	148.09799999999996	9.9035	9.781	119.934
237600.0	55.24	55.477	149.74200000000005	10.152	10.071	120.03
238200.0	53.739	53.93899999999999	151.85399999999996	9.804	9.829	120.192
238800.0	53.06	54.744	148.722	9.472	8.274	119.958
239400.0	55.982	59.044	148.47	8.9255	6.0435	119.826
240000.0	58.163	60.342	150.204	9.292	7.371	119.922
240600.0	57.03100000000001	57.338	149.76	9.8345	9.7405	120.078
241200.0	55.115	55.357	151.203	9.775	9.728	119.772
241800.0	53.778	53.982	152.364	9.6315	9.5815	119.784
242400.0	53.326	55.667	151.53	9.1535	7.415	119.868
243000.0	55.869	59.132	151.392	8.463	5.455	119.904
243600.0	57.284	60.609	150.141	8.741	5.8889999999999985	120.228
244200.0	57.613	58.287	148.563	9.466	8.911	120.24
244800.0	55.197	55.483	148.287	9.7575	9.694	120.294
245400.0	53.697	53.895	150.192	9.6685	9.651	120.132
246000.0	53.667	56.094	147.99	8.7925	7.0245	120.072
246600.0	56.881	59.432	147.483	8.267000000000001	5.917000000000002	120.198
247200.0	58.098	59.039	148.593	9.0095	8.138	119.844
247800.0	56.54600000000001	56.769	150.105	9.7325	9.6395	119.946
248400.0	55.096	55.3	149.085	9.346	9.3695	120.318
249000.0	53.87	54.063	150.29399999999995	8.99	8.9575	120.186
249600.0	53.272	55.137	151.35	8.6455	7.3445	120.15
250200.0	56.08	59.088	152.02200000000005	8.4855	5.5075	120.03
250800.0	57.594	60.596	151.941	8.992	6.4775	119.934
251400.0	57.303	57.742	151.974	8.752	8.541	120.0
252000.0	54.238	54.552	153.387	8.6735	8.6705	120.012
252600.0	52.672	54.235	151.81799999999996	8.3335	7.3015	120.15
253200.0	55.249	58.75100000000001	147.19799999999995	8.3635	5.088	120.114
253800.0	57.487	60.022	147.591	8.6485	6.5295	119.946
254400.0	56.819	57.109	148.44299999999996	8.53	8.5075	119.814
255000.0	54.674	54.898	148.53	8.132	8.1015	120.114
255600.0	53.651	53.805	148.578	8.255	8.1615	120.306
256200.0	54.055	56.267	148.173	8.8095	7.0045	119.952
256800.0	57.26600000000001	59.827	147.585	8.307	6.086	119.952
257400.0	58.249	58.65	149.157	7.928	7.6215	119.964
258000.0	56.38	56.63399999999999	150.036	7.9945	7.923999999999999	120.006
258600.0	54.808	55.039	150.879	8.1055	8.0315	119.88
259200.0	53.57	53.835	151.188	8.5805	8.383	119.676
259800.0	53.668	56.551	151.701	8.521	6.207999999999998	120.06
260400.0	56.613	59.581	152.02200000000005	7.795	5.1015	120.06
261000.0	57.893	60.949	152.59799999999996	7.447999999999999	4.9015	119.94
261600.0	56.969	57.277	153.039	7.952000000000001	7.813	120.138
262200.0	54.535	54.775	151.77	8.218	8.1495	120.33
262800.0	53.067	53.506	151.005	8.8335	8.5695	119.712
263400.0	53.559	56.914	149.07299999999995	8.4595	5.742000000000001	120.078
264000.0	57.093	60.01600000000001	146.622	7.8365	5.2435	120.09
264600.0	58.231	58.618	146.54399999999995	7.6125	7.2895	120.048
265200.0	56.655	56.88	147.42600000000004	7.7545	7.6825	120.042
265800.0	55.26	55.473	147.966	8.203	8.0615	120.198
266400.0	54.181	54.348	148.90200000000004	8.714	8.619	120.018
267000.0	53.524	53.804	150.02100000000004	8.619	8.47	119.814
267600.0	54.664	57.368	150.756	7.697	5.4935	120.174
268200.0	57.62300000000001	59.809	151.227	7.2885	5.3355	119.706
268800.0	57.431	57.692	151.821	8.0555	7.915	120.552
269400.0	55.385	55.605	150.39600000000004	8.3905	8.265	119.964
270000.0	54.015	54.214	151.221	8.7515	8.684	119.766
270600.0	53.066	54.621	152.724	8.3785	7.365	120.018
271200.0	54.99800000000001	58.495	153.0	7.348	4.2025	120.174
271800.0	56.68	59.861	152.27100000000004	7.385	4.6255	119.82
272400.0	57.731	60.976000000000006	150.582	7.332000000000002	4.6685	120.204
273000.0	57.93899999999999	61.303	149.724	7.83	5.1115	119.826
273600.0	57.703	58.863	147.159	8.5405	7.5395	119.898
274200.0	56.048	56.24100000000001	146.868	8.4625	8.538	119.898
274800.0	55.6	55.716	147.636	7.7415	7.693	119.982
275400.0	55.415	55.537	148.764	7.843	7.7785	120.426
276000.0	54.916	55.059	148.251	7.9175	7.8395	120.138
276600.0	54.222	54.38	147.903	8.2515	8.149	119.802
277200.0	53.386	53.738	150.276	8.381	8.207	119.994
277800.0	54.043	57.111	151.209	7.523	5.135	119.49
278400.0	56.941	59.808	151.55100000000004	7.195	4.5015	120.66
279000.0	58.286	60.132	151.809	7.4745	5.937	119.988
279600.0	56.485	56.79	150.63	7.982	7.8655	120.198
280200.0	54.625	54.862	151.227	8.451	8.3255	119.928
280800.0	53.26	53.563	151.941	8.5775	8.4565	120.078
281400.0	53.414	56.387	152.001	7.8705	5.5895	120.066
282000.0	56.46100000000001	59.585	150.93	7.485	4.5725	119.88
282600.0	58.121	60.254	149.292	7.1645	5.41	120.162
283200.0	56.851000000000006	57.172	149.196	7.994	7.826	120.294
283800.0	55.13399999999999	55.36600000000001	149.322	8.4865	8.3675	119.862
284400.0	54.097	54.264	148.893	8.584	8.5225	119.934
285000.0	53.834	53.929	149.13299999999995	8.3	8.307	119.91
285600.0	54.11	54.169	148.035	7.83	7.79	120.426
286200.0	54.49	54.552	149.112	7.808	7.778	120.084
286800.0	54.726000000000006	54.804	149.67	7.911	7.796	120.432
287400.0	54.49	54.62300000000001	150.516	8.777999999999999	8.6135	119.202
288000.0	53.73	53.895	150.675	8.8575	8.82	119.664
288600.0	53.305	55.504	150.861	8.431000000000001	6.7605	120.36
289200.0	56.148	59.217	150.855	7.8735	5.033	119.778
289800.0	57.67	60.848	151.18200000000004	7.8095	5.0535	120.462
290400.0	56.882	57.254	152.55	9.075	8.8685	119.508
291000.0	53.89	54.169	152.80200000000005	8.882	8.8655	119.748
291600.0	52.72	54.667	151.58100000000005	8.1765	6.9005	120.066
292200.0	55.136	58.848	149.151	7.563	4.1495	119.922
292800.0	57.726000000000006	60.479	147.024	7.8015	5.428	119.634
293400.0	57.353	57.647	149.295	8.482999999999999	8.301	120.408
294000.0	55.101000000000006	55.355	147.672	8.9555	8.855	120.204
294600.0	53.742	53.92	147.702	8.687999999999999	8.669	120.144
295200.0	53.854	55.897	148.75799999999995	8.2715	6.779	120.342
295800.0	56.895	59.449	148.695	7.9215	5.515	119.844
296400.0	57.893	59.23	148.143	8.516	7.4225	119.76
297000.0	55.913	56.173	149.088	9.187	9.099	119.55
297600.0	53.892	54.13800000000001	152.481	9.1935	9.1435	119.982
298200.0	52.789	54.492	150.429	8.4235	7.273	120.132
298800.0	55.359	58.835	149.637	7.9485	4.73	120.09
299400.0	57.162	60.438	152.13299999999995	8.6515	5.8255	120.144
300000.0	57.556	60.937	152.433	9.0495	6.2705	119.616
300600.0	57.32899999999999	60.705	153.375	8.607000000000001	5.9035	119.916
301200.0	56.894	60.322	151.953	8.1295	5.3335	120.174
301800.0	56.784	60.233	149.68200000000004	8.515	5.6595	120.174
302400.0	57.629	60.558	147.063	8.9265	6.448	119.832
303000.0	57.467	57.726000000000006	148.263	8.9585	8.898	119.64
303600.0	55.46100000000001	55.72	147.885	8.4715	8.45	120.03
304200.0	53.854	54.07	147.618	8.5795	8.491	120.084
304800.0	53.534	55.471	147.972	8.885	7.433	120.138
305400.0	56.44600000000001	59.226000000000006	148.485	8.9915	6.3795	119.928
306000.0	57.96100000000001	59.43899999999999	149.421	8.734	7.555	119.802
306600.0	55.964	56.237	150.408	8.769	8.692	119.766
307200.0	54.301	54.51300000000001	148.95	8.8535	8.7605	120.582
307800.0	53.282	54.101000000000006	149.904	9.468	8.841000000000003	119.814
308400.0	55.17	58.324	148.278	8.9275	6.172999999999999	119.844
309000.0	58.19600000000001	59.774	149.016	8.707	7.2525	120.18
309600.0	56.974	57.24800000000001	150.822	8.8915	8.846	119.808
310200.0	55.224	55.463	153.474	9.069	8.9215	120.096
310800.0	53.915	54.092	154.10399999999996	9.772	9.716	119.448
311400.0	53.407	54.85	151.27200000000005	8.881	7.997000000000001	120.042
312000.0	55.96	58.87600000000001	151.671	8.555	5.7815	119.628
312600.0	57.533	60.457	150.84	8.726	6.1745	120.216
313200.0	57.73	58.306	150.972	9.3475	8.8385	119.856
313800.0	55.209	55.472	150.312	9.6345	9.642	119.766
314400.0	54.341	54.494	148.101	9.0425	9.0455	120.12
315000.0	54.162	54.264	147.009	8.9	8.832	119.748
315600.0	54.25899999999999	54.346	150.003	9.0535	8.9565	120.264
316200.0	54.555	54.625	151.341	9.463	9.346	119.892
316800.0	54.828	54.895	150.792	9.68	9.664	119.91
317400.0	54.941	55.021	150.72899999999996	9.459	9.406	120.162
318000.0	54.736	54.868	150.66	9.445	9.4155	119.796
318600.0	53.977	54.16	149.865	9.4615	9.4235	120.048
319200.0	53.106	54.813	149.595	9.347	8.068	119.946
319800.0	55.52	58.947	150.285	9.016	5.832999999999998	120.108
320400.0	57.392	60.775	151.803	9.2605	6.3925	119.898
321000.0	57.752	61.24	152.259	9.127	6.2879999999999985	119.946
321600.0	57.55	61.058	151.56	9.042	6.174	120.306
322200.0	57.874	60.68899999999999	150.21	8.597999999999999	6.2865	120.066
322800.0	56.98	57.283	148.602	8.975	8.8655	119.856
323400.0	54.99	55.222	145.881	9.118	8.993	120.126
324000.0	54.005	54.148	147.02100000000004	9.267	9.2645	119.838
324600.0	53.839	53.942	149.079	9.079	9.02	119.994
325200.0	53.683	53.81	148.434	9.0185	8.9515	120.228
325800.0	53.669	55.754	149.439	9.131	7.535	119.976
326400.0	56.517	59.197	149.844	9.1485	6.6095	120.186
327000.0	57.937	60.234	150.702	9.119	7.068	119.544
327600.0	56.792	57.129	150.636	9.2425	9.1545	120.0
328200.0	54.721	54.97	149.33700000000005	9.209	9.197	120.108
328800.0	53.401	53.964	152.043	9.3665	9.0955	119.988
329400.0	54.364	57.585	149.856	8.758	5.9595	120.432
330000.0	56.951	60.042	150.234	8.5255	5.8260000000000005	120.114
330600.0	57.673	59.07100000000001	152.757	8.9995	7.8285	120.126
331200.0	54.67	54.994	154.284	9.1285	9.099	119.622
331800.0	52.984	53.867	151.67700000000005	9.1235	8.6285	120.102
332400.0	54.28100000000001	57.95	149.799	8.55	5.4129999999999985	119.766
333000.0	56.54	59.855	147.36	8.2665	5.42	120.024
333600.0	57.653	60.73	148.131	8.3675	5.742000000000001	120.384
334200.0	57.286	57.53	148.953	8.832	8.7485	120.414
334800.0	55.839	55.99	148.224	8.814	8.76	120.138
335400.0	55.487	55.615	147.969	8.8725	8.7945	120.234
336000.0	54.978	55.12600000000001	148.47899999999996	8.824	8.777999999999999	120.318
336600.0	54.146	54.326	148.089	8.5565	8.546	119.838
337200.0	53.163	54.45399999999999	150.648	8.425	7.593	120.156
337800.0	55.282	58.631	149.628	7.872999999999998	4.871	120.132
338400.0	57.231	60.18	151.821	8.192	5.605	120.258
339000.0	57.732	61.084	153.069	8.396	5.6085	119.886
339600.0	57.553	61.008	151.989	8.3365	5.5245	119.952
340200.0	57.32899999999999	60.745	153.306	8.1495	5.3845	120.048
340800.0	57.104	60.517	150.219	7.721	4.956	120.12
341400.0	57.485	60.88800000000001	149.649	7.5445	4.8045	120.3
342000.0	57.569	61.011	146.97	7.9105	5.122000000000001	119.904
342600.0	58.191	59.82	146.631	8.1365	6.8020000000000005	119.454
343200.0	56.9	57.087	146.925	8.1855	8.157	119.802
343800.0	55.81399999999999	55.997	147.972	7.6945	7.6815	119.664
344400.0	54.949	55.124	149.004	7.661	7.5779999999999985	120.138
345000.0	54.062	54.24800000000001	150.537	8.1485	7.9905	119.91
345600.0	53.26	54.332	151.548	8.4145	7.7575	120.0
346200.0	55.442	58.497	149.47799999999995	7.3820000000000014	4.6965	119.886
346800.0	57.962	59.835	149.946	7.0665	5.4545	119.88
347400.0	57.257	57.537	151.119	7.882999999999999	7.7025	119.976
348000.0	55.541	55.75899999999999	150.19799999999995	7.8975	7.84	119.976
348600.0	54.58	54.74800000000001	151.959	8.472999999999999	8.3125	119.55
349200.0	53.831	53.986	151.44	8.445	8.4325	120.216
349800.0	53.309	54.663	149.565	8.071	7.1625	120.03
350400.0	56.085	58.95399999999999	148.09799999999996	7.098	4.5475	120.012
351000.0	58.486	59.683	148.275	7.6155	6.55	120.006
351600.0	57.438	57.615	149.409	8.145	8.0705	120.018
352200.0	56.07	56.269	150.546	8.4855	8.369	120.024
352800.0	55.135	55.3	149.622	8.6065	8.5315	120.264
353400.0	54.521	54.669	150.126	8.339	8.3435	119.766
354000.0	53.959	54.103	151.812	7.987	7.86	120.426
354600.0	53.405	54.143	151.977	8.252	7.8395	119.964
355200.0	55.625	58.442	151.842	7.6035	4.964	119.97
355800.0	58.464	59.725	152.27700000000004	8.412	7.2355	120.108
356400.0	57.20399999999999	57.397	153.264	8.507	8.502	120.156
357000.0	55.924	56.075	153.25799999999995	7.9305	7.935	120.066
357600.0	55.575	55.687	151.8	7.9065	7.84	119.862
358200.0	55.194	55.347	150.132	8.009	7.926	120.486
358800.0	54.183	54.381	148.737	8.4185	8.275	120.162
359400.0	52.927	54.264	147.351	8.4315	7.5765	120.186
360000.0	54.618	58.396	146.766	7.5125	4.3260000000000005	120.072
360600.0	56.739	59.932	147.14700000000005	6.9875	4.363	120.18
361200.0	57.971	60.124	147.033	7.5445	5.525	120.006
361800.0	57.106	57.381	148.695	8.383	8.346	119.88
362400.0	55.71	55.9	149.865	7.886	7.848	120.258
363000.0	54.758	54.933	150.108	8.3235	8.193	119.61
363600.0	53.865	54.044	150.519	8.4005	8.357000000000001	119.91
364200.0	53.237	54.644	150.828	7.6805	6.8845	120.06
364800.0	55.639	58.791	151.077	7.3165	4.3985	120.156
365400.0	57.724	60.238	151.236	7.322999999999999	5.2605	119.97
366000.0	57.408	57.651	151.893	7.508999999999999	7.3605	120.138
366600.0	55.006	55.26300000000001	153.72	8.4195	8.2945	120.012
367200.0	53.386	53.79600000000001	152.586	8.152000000000001	8.049	119.766
367800.0	53.965	57.01	151.317	7.2875	4.894	120.132
368400.0	56.62300000000001	59.46100000000001	149.82299999999995	6.8995	4.2545	120.222
369000.0	57.257	60.562	147.213	7.3925	4.7615	119.856
369600.0	58.11600000000001	59.37300000000001	145.683	7.407999999999999	6.3805	120.198
370200.0	56.6	56.81	146.319	8.3745	8.2675	120.078
370800.0	55.353	55.542	148.539	7.9545	7.9529999999999985	119.832
371400.0	54.487	54.657	150.687	7.9985	7.939	119.712
372000.0	53.721	53.885	147.822	7.6515	7.6235	120.006
372600.0	53.351000000000006	55.44600000000001	148.52700000000004	7.452000000000001	5.9855	120.012
373200.0	55.981	59.153	151.17	7.016	4.1215	119.988
373800.0	57.238	60.179	151.21200000000005	7.827000000000001	5.24	119.946
374400.0	57.999	59.381	151.989	7.96	6.8205	119.964
375000.0	55.775	56.047	152.292	8.1475	8.1075	119.766
375600.0	53.979	54.198	152.016	7.766	7.739	120.498
376200.0	53.111	54.74800000000001	152.22	7.829	6.7010000000000005	120.246
376800.0	55.25	58.738	151.605	7.7155	4.5539999999999985	120.042
377400.0	56.557	59.605	149.907	8.1085	5.4815	120.228
378000.0	56.981	60.055	149.094	8.0035	5.5360000000000005	119.658
378600.0	58.147	60.045	147.51	7.4529999999999985	5.8439999999999985	120.264
379200.0	56.885	57.177	147.879	8.1435	8.0145	120.162
379800.0	55.206	55.444	148.692	8.4255	8.2975	120.066
380400.0	53.981	54.175	147.786	8.902999999999997	8.8045	119.754
381000.0	53.325	54.441	148.629	8.734	8.1035	119.826
381600.0	55.653	58.605	149.499	7.725	5.1155	119.934
382200.0	57.904	59.685	150.939	7.7945	6.1495	119.802
382800.0	56.905	57.20399999999999	151.62	8.482999999999999	8.325	119.97
383400.0	55.206	55.418	151.524	9.2115	9.0835	119.874
384000.0	54.179	54.347	151.467	9.1075	9.08	119.82
384600.0	53.392	53.838	151.875	8.423	8.2405	119.718
385200.0	54.121	57.402	152.217	7.951	5.2125	119.928
385800.0	56.316	59.565	151.374	8.256	5.2685	119.952
386400.0	56.672	60.056	151.107	8.968	6.09	120.042
387000.0	57.489	60.855	147.915	8.446	5.773	120.336
387600.0	57.999	58.394	147.108	8.4745	8.161	120.15
388200.0	56.29	56.526	147.159	8.876	8.737	120.33
388800.0	54.82100000000001	55.05	148.953	9.2635	9.169	120.12
389400.0	53.682	53.852	147.708	9.1035	9.133	119.586
390000.0	53.644	55.894	149.136	8.1655	6.56	120.312
390600.0	56.772	59.423	149.154	7.8225	5.3375	120.054
391200.0	58.085	59.536	151.092	8.701	7.386	119.664
391800.0	56.354	56.604	151.209	9.3835	9.3145	119.934
392400.0	54.776	54.979	149.694	9.067	9.0455	119.988
393000.0	53.734	53.916	151.713	8.7875	8.7675	120.06
393600.0	53.383	55.56399999999999	152.286	8.527999999999999	6.8525	120.21
394200.0	56.00100000000001	59.182	151.725	8.344	5.3575	120.018
394800.0	57.118	60.423	152.115	8.6885	5.922999999999999	119.586
395400.0	57.365	60.701	151.116	8.48	5.7745	119.928
396000.0	58.096	60.112	149.37	8.5495	6.789	119.79
396600.0	56.374	56.691	148.308	9.259	9.124	119.568
397200.0	54.761	54.981	147.303	9.191	9.177	119.856
397800.0	53.767	53.94600000000001	147.798	8.8785	8.8665	120.06
398400.0	53.414	55.182	148.71	8.537	7.315	120.18
399000.0	56.362	59.157	149.577	7.9460000000000015	5.3679999999999986	120.15
399600.0	58.201	59.583	148.935	8.5185	7.322999999999999	119.97
400200.0	56.978	57.165	149.412	9.296	9.176	119.622
400800.0	55.585	55.77	152.145	9.2605	9.222	119.988
401400.0	54.596	54.76600000000001	150.66299999999995	9.072	9.048	119.994
402000.0	53.899	54.039	149.091	8.849	8.787	120.054
402600.0	53.34	54.372	152.19299999999996	8.957	8.2105	120.402
403200.0	55.37	58.63399999999999	151.93200000000004	8.6545	5.5875	119.958
403800.0	57.397	60.265	150.627	9.2495	6.742000000000001	119.712
404400.0	57.755	59.224	152.502	9.359	8.151	119.982
405000.0	55.287	55.548	152.127	9.507	9.454	119.724
405600.0	54.161	54.299	149.841	9.4965	9.4745	119.508
406200.0	53.864	53.996	148.125	9.1415	9.11	120.138
406800.0	53.469	54.002	148.09799999999996	9.2705	8.954	119.91
407400.0	54.758	57.93	148.149	9.127	6.3555	119.796
408000.0	57.50899999999999	60.13	148.92	9.323	6.9955	120.264
408600.0	57.875	58.032	148.761	9.6435	9.581	119.514
409200.0	56.61	56.743	149.055	9.6265	9.5945	119.97
409800.0	55.769	55.934	150.219	9.5205	9.505	120.222
410400.0	54.985	55.152	150.504	9.2965	9.2775	120.132
411000.0	54.006	54.19	152.02200000000005	9.3155	9.2005	120.384
411600.0	53.221	54.764	150.15	9.4575	8.307	120.228
412200.0	55.712	58.786	148.32	9.1905	6.325	119.754
412800.0	57.685	60.47	151.131	9.251	6.902	119.802
413400.0	56.62	56.962	154.09799999999996	9.644	9.5325	120.348
414000.0	54.534	54.729	152.22	9.5335	9.4765	120.108
414600.0	53.83600000000001	53.976000000000006	151.371	9.4245	9.4175	120.15
415200.0	53.364	54.519	150.564	9.0115	8.32	119.796
415800.0	55.16	58.597	149.97299999999996	8.566	5.4895	120.192
416400.0	56.786	59.932	147.795	8.7895	6.0825	119.658
417000.0	58.047	59.73	146.385	9.136	7.7335	120.168
417600.0	56.964	57.115	147.894	9.4375	9.3565	119.802
418200.0	55.993	56.151	148.05	9.0815	9.1095	120.288
418800.0	55.015	55.207	148.347	8.8615	8.7785	119.598
419400.0	53.792	53.994	151.914	8.67	8.619	120.126
420000.0	53.154	55.326	149.856	8.212	6.6625	119.988
420600.0	55.584	59.002	152.391	7.8575	4.648	120.138
421200.0	57.132	60.33	150.513	8.42	5.644	119.634
421800.0	57.904	59.08	150.912	8.532	7.5125	119.706
422400.0	55.651	55.933	151.401	8.822000000000003	8.753	120.426
423000.0	53.823	54.047	151.554	8.734	8.662	119.868
423600.0	53.238	55.569	151.122	8.4775	6.7795	120.294
424200.0	55.611	59.093	152.22299999999996	7.8435	4.75	120.18
424800.0	56.458	59.694	151.07399999999996	7.9165	5.1655	119.862
425400.0	57.217	60.49100000000001	148.878	7.7825	5.1175	119.856
426000.0	58.052	59.092	146.937	8.0045	7.159	120.072
426600.0	56.24800000000001	56.497	146.895	8.4545	8.389	119.562
427200.0	54.744	54.963	146.922	8.3985	8.328	119.964
427800.0	53.714	53.9	149.205	8.3545	8.2845	120.186
428400.0	53.305	55.59	149.634	8.0365	6.4445	119.982
429000.0	56.224	59.298	148.761	7.4415	4.6245	120.282
429600.0	57.81100000000001	59.758	149.439	7.7435	6.037000000000001	120.18
430200.0	56.78100000000001	57.085	149.988	8.1495	8.049	120.114
430800.0	54.99	55.219	151.779	8.2485	8.19	119.982
431400.0	53.908	54.092	152.451	8.2435	8.1665	119.796
432000.0	53.239	54.648	152.988	8.241	7.2645	120.0
432600.0	55.26600000000001	58.687	151.983	7.5915	4.5265	120.144
433200.0	56.832	60.003	150.282	7.7955	5.0325	120.156
433800.0	57.742	60.768	148.593	7.9165	5.3725	119.796
434400.0	57.409	57.652	148.722	8.282	8.1635	120.342
435000.0	56.047	56.187	148.368	8.4625	8.408	120.192
435600.0	55.648	55.774	149.70600000000005	8.3225	8.2785	119.922
436200.0	54.93	55.103	149.049	8.3425	8.267999999999999	120.078
436800.0	54.151	54.31100000000001	148.69799999999995	8.2835	8.2395	119.928
437400.0	53.517	53.779	149.556	8.269	8.127	120.036
438000.0	54.488	57.165	150.549	7.822999999999999	5.658	120.048
438600.0	57.707	60.122	150.453	8.0235	5.7775	120.072
439200.0	57.955	58.149	151.236	8.4705	8.3875	120.096
439800.0	55.955	56.168	152.442	8.443999999999999	8.381	120.342
440400.0	54.722	54.909	152.33700000000005	8.4195	8.4105	119.958
441000.0	53.801	53.972	152.355	7.961	7.9165	119.946
441600.0	53.268	55.036	151.923	8.142000000000001	6.7995	119.7
442200.0	55.577	58.985	150.018	7.3845	4.3465	120.024
442800.0	56.979	60.21100000000001	150.219	8.1975	5.3025	120.06
443400.0	58.188	59.69600000000001	146.529	9.674	8.2755	119.7
444000.0	57.18	57.32899999999999	146.64	9.7055	9.7655	119.874
444600.0	56.175	56.347	148.83	8.556000000000001	8.498	120.294
445200.0	55.184	55.353	149.109	8.52	8.4725	119.718
445800.0	54.264	54.444	148.911	8.693999999999999	8.637	120.204
446400.0	53.51300000000001	53.782	149.157	8.193	8.084	120.042
447000.0	54.34	57.042	150.369	8.172	5.917000000000002	120.18
447600.0	57.456	59.897	151.137	7.8115	5.6765	119.934
448200.0	57.90600000000001	58.29	151.704	7.5745	7.3975	119.418
448800.0	55.926	56.172	151.845	6.5935	6.5565	120.534
449400.0	54.649	54.85	151.674	7.2905	7.188	120.084
450000.0	53.717	53.887	152.28	6.9	6.9110000000000005	120.42
450600.0	53.393	55.342	152.322	7.277	5.7715	119.604
451200.0	55.684	58.93899999999999	151.524	7.0115	4.038	120.618
451800.0	56.749	59.956	149.175	7.411	4.7575	120.042
452400.0	58.12	60.262	146.418	7.256	5.4235	120.006
453000.0	57.57100000000001	57.82899999999999	146.457	7.5995	7.491	119.418
453600.0	56.194	56.405	148.308	7.7515	7.693	120.03
454200.0	55.058	55.25899999999999	148.839	7.57	7.5305	119.748
454800.0	54.109	54.29	149.172	7.792000000000002	7.6795	120.006
455400.0	53.307	54.056	151.245	8.042	7.5855	120.39
456000.0	55.004	58.167	150.078	7.4565	4.7355	119.73
456600.0	57.397	60.261	150.87	7.2615	4.7785	120.402
457200.0	58.165	59.144	150.666	7.7429999999999986	6.893	120.09
457800.0	56.078	56.341	151.488	8.1675	8.111	119.85
458400.0	54.448	54.67100000000001	152.124	7.9785	7.916	119.682
459000.0	53.293	53.864	152.439	8.0565	7.7635	119.826
459600.0	54.176	57.57	150.89700000000005	7.587999999999999	4.7775	119.772
460200.0	56.389	59.53100000000001	149.259	7.911	5.0575	119.85
460800.0	57.338	60.613	150.159	7.966	5.26	119.898
461400.0	58.051	59.076	147.885	8.3175	7.399	120.318
462000.0	56.24800000000001	56.49800000000001	147.708	9.07	8.9675	120.09
462600.0	54.62	54.846	149.535	9.066	9.0015	120.012
463200.0	53.48	53.778	147.83100000000005	9.0115	8.8675	120.102
463800.0	53.87300000000001	56.863	148.644	9.0155	6.566	120.186
464400.0	56.928	59.644	149.64	8.8265	6.3805	119.982
465000.0	57.757	59.158	151.122	8.6525	7.5165	119.994
465600.0	55.88	56.122	151.092	9.4135	9.29	120.276
466200.0	54.551	54.735	150.174	9.4545	9.3665	120.174
466800.0	53.825	53.976000000000006	149.65200000000004	9.206	9.1955	119.928
467400.0	53.34	54.786	150.327	9.2185	8.165	119.772
468000.0	55.6	58.787	151.059	8.7015	5.773	119.94
468600.0	57.182	60.435	150.52200000000005	9.53	6.622000000000001	120.126
469200.0	57.543	58.347	148.58700000000005	10.201	9.554	120.084
469800.0	55.253	55.512	150.597	10.348	10.338	119.616
470400.0	54.246	54.412	152.30100000000004	9.9145	9.8645	120.294
471000.0	53.93	54.06	150.618	9.891	9.8335	120.144
471600.0	53.43600000000001	53.938	150.405	9.9985	9.7545	119.958
472200.0	54.415	57.722	150.162	9.8715	6.954	119.772
472800.0	56.783	59.629	149.028	9.9585	7.426	120.006
473400.0	57.872	59.885	150.078	10.1515	8.395	120.06
474000.0	56.687	56.969	149.409	10.244000000000002	10.18	119.85
474600.0	55.497	55.67100000000001	148.836	10.322	10.283	120.03
475200.0	54.922	55.07899999999999	149.02200000000005	10.0415	10.0225	120.024
475800.0	54.234	54.396	150.21	10.195	10.128	120.024
476400.0	53.519	53.825	149.361	10.02	9.8485	120.294
477000.0	54.127	57.187	149.445	9.9585	7.3455	119.694
477600.0	56.826	59.572	149.262	10.0075	7.508999999999999	119.946
478200.0	57.806	59.591	149.77200000000005	9.9045	8.429	119.748
478800.0	56.502	56.734	149.46	10.122	10.1	119.718
479400.0	55.218	55.423	150.32399999999996	10.012	9.935	119.82
480000.0	54.213	54.402	151.44299999999996	10.178	10.135	119.832
480600.0	53.315	53.963	151.122	9.9685	9.6315	119.994
481200.0	54.533	57.815	150.39600000000004	9.8325	6.7965	119.64
481800.0	56.99	59.719	150.69299999999996	10.0265	7.6165	120.024
482400.0	57.831	59.49100000000001	150.732	9.981	8.5925	120.21
483000.0	56.363	56.585	150.513	10.179	10.105	119.694
483600.0	54.953	55.149	150.261	10.105	10.08	119.934
484200.0	53.868	54.05	149.49	10.074	10.0295	119.916
484800.0	53.335	55.112	148.815	10.072	8.7535	120.126
485400.0	55.758	59.0	148.908	9.836	6.857	119.706
486000.0	57.365	60.127	149.157	10.094	7.706	119.838
486600.0	57.25	57.458	149.019	10.2635	10.213	120.198
487200.0	55.624	55.809	149.361	10.537	10.481	120.084
487800.0	54.81	54.963	150.078	10.27	10.2625	119.604
488400.0	54.034	54.195	150.969	9.992	9.9415	120.054
489000.0	53.316	54.344	149.613	10.177	9.449	119.526
489600.0	55.343	58.604	148.596	10.1745	7.1455	119.94
490200.0	57.327	60.178	149.814	10.107	7.7645	120.084
490800.0	57.229	57.734	151.164	10.0975	9.7015	119.91
491400.0	54.908	55.15600000000001	151.275	10.3335	10.2135	119.508
492000.0	54.058	54.2	150.22799999999995	10.3055	10.2875	120.222
492600.0	53.705	53.832	150.957	10.1685	10.1195	120.066
493200.0	53.69300000000001	55.627	150.861	10.2825	8.711	119.718
493800.0	56.18	59.275	150.738	10.1345	7.3085	120.0
494400.0	57.32899999999999	60.744	151.167	9.8845	6.976	119.874
495000.0	57.457	58.258	149.247	10.128	9.4425	120.054
495600.0	55.49100000000001	55.718	149.415	10.1095	10.0615	119.748
496200.0	54.896	55.015	150.0	9.953	9.9455	120.318
496800.0	54.54600000000001	54.685	149.031	9.7415	9.689	119.97
497400.0	53.899	54.06399999999999	148.671	9.6685	9.612	120.042
498000.0	53.287	54.74800000000001	149.157	9.882	8.834	120.108
498600.0	55.511	58.809	149.226	9.371	6.3155	119.862
499200.0	57.681	59.894	148.00799999999995	9.513	7.616	120.192
499800.0	57.26	57.515	149.763	9.877	9.757	120.45
500400.0	55.57100000000001	55.76600000000001	149.628	10.02	9.969	120.018
501000.0	54.593	54.773	149.97899999999996	9.834	9.811	119.928
501600.0	53.733	53.905	150.939	9.39	9.378	120.102
502200.0	53.367	55.42	152.33700000000005	9.2795	7.66	119.976
502800.0	55.87300000000001	59.12600000000001	152.118	9.1975	6.1265	120.102
503400.0	57.043	60.488	153.309	9.19	6.327000000000001	120.21
504000.0	57.81100000000001	60.52	150.003	9.1355	6.86	120.348
504600.0	56.769	57.094	149.418	9.5855	9.455	120.084
505200.0	54.581	54.832	149.391	9.564	9.536	120.036
505800.0	53.316	53.878	149.595	9.283	9.0595	119.79
506400.0	54.253	57.578	147.918	8.706	5.96	119.862
507000.0	57.055	59.802	147.246	8.6895	6.231	120.12
507600.0	58.00100000000001	58.77	149.13299999999995	8.899	8.228	120.276
508200.0	56.593	56.81	149.061	9.207	9.127	120.138
508800.0	55.319	55.528	148.653	9.1665	9.0985	119.934
509400.0	54.06399999999999	54.26	149.16	8.9975	8.9795	119.904
510000.0	53.18600000000001	54.581	149.496	8.9075	7.949	120.318
510600.0	55.374	58.603	150.108	8.035	5.1025	120.444
511200.0	57.144	60.136	151.317	8.2455	5.7025	120.336
511800.0	58.052	59.99800000000001	152.625	8.3985	6.6935	119.628
512400.0	55.62300000000001	55.989	153.756	8.994	8.917	119.796
513000.0	53.838	54.038	153.08700000000005	8.507	8.5155	119.712
513600.0	53.44600000000001	55.549	150.636	7.933	6.497999999999998	120.156
514200.0	55.717	59.04600000000001	148.83	7.5425	4.606	120.066
514800.0	56.566	59.835	148.863	7.724	4.9615	120.084
515400.0	57.465	60.744	147.05100000000004	8.4235	5.6560000000000015	119.736
516000.0	57.938	58.173	147.315	8.263	8.135	120.246
516600.0	56.407	56.578	147.714	8.379	8.3075	119.85
517200.0	55.733	55.869	147.768	8.1565	8.141	119.808
517800.0	55.15	55.307	149.607	8.0905	8.029	119.946
518400.0	54.276	54.451	150.255	8.365	8.256	119.916
519000.0	53.365	53.786	150.276	8.4845	8.2975	120.03
519600.0	54.154	57.31399999999999	152.037	7.8045	5.23	120.12
520200.0	56.9	59.636	151.887	7.5975	5.0360000000000005	120.03
520800.0	57.79600000000001	60.944	152.661	7.851	5.216	120.726
521400.0	57.182	57.477	152.571	8.3125	8.165	119.952
522000.0	54.772	55.027	152.214	8.876	8.7635	119.604
522600.0	53.308	53.853	151.164	8.7595	8.575	119.772
523200.0	54.021	57.44300000000001	149.316	7.822	5.0915	119.91
523800.0	56.675	59.768	146.364	7.334	4.598	120.096
524400.0	58.438	60.072	147.045	7.8325	6.4	120.072
525000.0	57.526	57.712	147.945	8.125	8.0145	120.072
525600.0	56.723	56.867	148.482	8.567	8.421	119.838
526200.0	55.98	56.152	149.898	8.84	8.7855	120.366
526800.0	55.084	55.25899999999999	150.49200000000005	8.7575	8.6795	119.97
527400.0	54.082	54.26300000000001	150.759	8.695	8.7155	119.748
528000.0	53.208	54.333	152.037	7.9995	7.267	120.102
528600.0	55.445	58.549	150.24	7.4345	4.7355	119.922
529200.0	57.76	59.94300000000001	150.924	7.3555	5.416	119.94
529800.0	57.224	57.495	152.511	8.604	8.3715	119.982
530400.0	55.291	55.49100000000001	152.33100000000005	8.743	8.743	120.048
531000.0	54.225	54.401	151.923	8.017999999999999	7.9885	120.054
531600.0	53.411	53.88800000000001	151.311	7.992000000000001	7.771	120.126
532200.0	54.466	57.63	149.946	7.1675	4.591	119.424
532800.0	56.932	59.806	146.952	7.009	4.481	120.408
533400.0	58.054	59.78	146.175	7.98	6.4695	119.646
534000.0	56.661	56.88	147.114	8.535	8.4225	120.0
534600.0	55.944	56.087	148.00799999999995	7.944	7.9665	119.862
535200.0	55.875	55.99100000000001	149.589	7.7465	7.689	119.928
535800.0	55.507	55.649	150.168	7.724	7.666	119.88
536400.0	54.74	54.911	150.918	7.7685	7.673999999999999	120.42
537000.0	53.861	54.037	150.741	8.257	8.131	120.018
537600.0	53.184	54.747	151.548	8.138	7.0735	120.048
538200.0	55.517	58.776	152.91	7.152	4.234	120.084
538800.0	57.249	60.19600000000001	153.06	7.0385	4.4675	120.138
539400.0	58.182	60.11	151.86	7.2535	5.559	120.072
540000.0	56.222	56.572	149.886	7.9289999999999985	7.837999999999999	120.096
540600.0	54.392	54.625	149.658	8.1715	8.0415	120.06
541200.0	53.551	53.798	149.907	8.6015	8.4425	119.94
541800.0	54.04600000000001	56.785	147.45600000000005	8.1415	6.099	120.126
542400.0	57.119	59.69600000000001	145.72799999999995	7.5345	5.2205	120.066
543000.0	58.423	59.22	146.577	7.811	7.167999999999998	120.078
543600.0	57.098	57.325	148.905	7.917999999999998	7.8645	120.048
544200.0	55.627	55.846	150.31799999999996	7.957999999999998	7.864	120.132
544800.0	54.187	54.397	151.071	8.589	8.434	119.928
545400.0	53.041	54.374	151.128	8.512	7.653	120.282
546000.0	55.06399999999999	58.551	151.488	7.467	4.355	119.64
546600.0	57.441	60.51300000000001	148.89	7.8275	5.0745	120.066
547200.0	57.85	58.132	149.39700000000005	8.402999999999999	8.181000000000001	119.844
547800.0	55.523	55.771	153.03	9.032	8.892000000000003	119.754
548400.0	53.87600000000001	54.095	153.501	9.665	9.5775	119.682
549000.0	53.154	55.37	151.32	9.0905	7.5070000000000014	120.042
549600.0	55.687	59.02	150.63299999999995	8.416	5.3835	120.174
550200.0	56.885	60.183	149.793	7.987	5.2595	120.396
550800.0	57.26	60.614	149.928	8.5455	5.707999999999998	120.06
551400.0	57.542	60.986	147.624	9.4205	6.599	119.748
552000.0	57.672	58.117	146.71200000000005	9.496	9.1625	120.012
552600.0	56.267	56.447	149.634	9.466	9.4615	120.126
553200.0	55.828	55.993	147.615	9.308	9.2295	120.126
553800.0	55.017	55.201	148.908	9.9135	9.8005	119.664
554400.0	53.856	54.05	149.634	9.7135	9.7185	119.832
555000.0	53.261	55.235	149.109	9.5115	8.1125	119.778
555600.0	56.00100000000001	59.118	150.183	8.54	5.644	119.988
556200.0	57.807	60.64	152.13299999999995	8.078	5.691	120.342
556800.0	57.418	57.679	151.44	8.5605	8.3865	120.33
557400.0	55.268	55.517	151.665	9.5135	9.378	120.036
558000.0	53.89	54.091	148.78799999999995	9.529	9.4915	119.862
558600.0	53.288	55.095	149.265	8.927	7.697	119.79
559200.0	55.95	59.147	148.69799999999995	8.357999999999999	5.384	119.874
559800.0	58.115	59.697	148.32299999999995	8.3675	7.0195	119.868
560400.0	56.864	57.093	150.054	9.1095	8.9725	120.042
561000.0	55.609	55.791	152.769	9.4405	9.384	119.814
561600.0	55.01600000000001	55.164	151.047	9.16	9.1375	120.216
562200.0	54.463	54.62	151.743	9.015	8.94	119.802
562800.0	53.823	53.97	151.437	8.8405	8.796	120.21
563400.0	53.462	55.018	150.225	8.8305	7.6675	120.264
564000.0	56.309	59.119	148.99200000000005	8.511000000000001	5.8105	119.298
564600.0	58.353	59.66	147.885	8.9405	7.869	119.67
565200.0	57.25	57.428	148.62	9.168	9.0915	119.832
565800.0	56.159	56.324	150.28799999999995	9.421	9.218	119.748
566400.0	55.449	55.612	150.459	9.2025	9.3055	120.168
567000.0	54.694	54.86	149.64600000000004	8.978	8.8995	119.916
567600.0	53.926	54.091	149.673	8.9485	8.88	119.898
568200.0	53.332	54.57	150.762	8.9785	8.116	119.916
568800.0	55.533	58.744	151.10399999999996	8.6035	5.5870000000000015	120.474
569400.0	57.581	60.633	151.083	8.913	6.25	119.898
570000.0	57.073	57.395	151.275	9.2635	9.0995	119.784
570600.0	54.46100000000001	54.701	151.122	9.593	9.5505	119.676
571200.0	53.559	53.681	149.751	9.488	9.4145	119.574
571800.0	53.863	53.909	149.217	9.4005	9.4075	120.192
572400.0	54.153	54.24800000000001	150.099	8.9985	8.9465	119.982
573000.0	53.832	53.962	147.882	9.17	9.0685	119.838
573600.0	53.506	54.798	148.269	9.3935	8.42	119.844
574200.0	56.287	59.015	150.357	8.9145	6.325	119.916
574800.0	58.0	59.249	149.811	9.26	8.2275	119.778
575400.0	56.239	56.485	149.139	10.06	9.9105	121.35
576000.0	54.596	54.803	149.334	10.0395	10.0355	120.054
576600.0	53.488	53.767	148.635	9.785	9.6665	120.444
577200.0	53.782	56.81100000000001	150.672	9.1925	6.646	120.126
577800.0	56.65600000000001	59.63800000000001	151.659	9.1765	6.3885	120.156
578400.0	57.923	59.597	151.00799999999995	9.7475	8.2375	120.108
579000.0	56.548	56.83	150.216	10.183	10.0995	120.006
579600.0	55.105	55.309	150.384	10.0065	10.0065	119.994
580200.0	54.133	54.31100000000001	151.257	9.602	9.6185	119.802
580800.0	53.38800000000001	53.894	152.19899999999996	9.614	9.313	120.192
581400.0	53.93600000000001	57.438	154.437	9.381	6.329	119.622
582000.0	56.006	59.453	150.966	9.2395	6.159	119.856
582600.0	57.839	60.319	149.42700000000005	9.1815	7.013	120.372
583200.0	56.605	56.956	149.22299999999996	9.7445	9.646	120.048
583800.0	53.875	54.174	149.64600000000004	9.4965	9.466	119.934
584400.0	52.651	54.737	148.335	9.194	7.742000000000001	120.162
585000.0	54.555	58.643	147.84	8.5045	4.965	119.838
585600.0	55.448	59.26	148.101	8.6775	5.421	119.802
586200.0	56.528	59.99800000000001	148.359	8.769	5.784	120.234
586800.0	57.284	60.707	149.517	8.9045	6.0995	120.042
587400.0	57.195	60.688	149.394	8.8855	6.085	120.012
588000.0	57.076	60.541	149.88	8.754	6.002000000000002	119.946
588600.0	57.557	60.912	150.654	8.686	5.9285	119.82
589200.0	57.716	61.17	150.336	8.5285	5.7955	119.952
589800.0	57.532	61.011	149.19299999999996	8.3105	5.5655	120.042
590400.0	57.14	60.664	149.64	8.421	5.5745	119.754
591000.0	57.301	60.725	150.048	8.4435	5.6415	119.562
591600.0	57.897	60.6	150.537	8.336	6.0515	119.538
592200.0	57.019	57.291	150.87	8.6475	8.5395	119.85
592800.0	55.507	55.708	146.59799999999996	8.5325	8.4645	120.18
593400.0	54.4	54.602	146.178	8.698	8.6115	119.904
594000.0	53.584	53.79600000000001	143.124	8.628	8.5605	119.862
594600.0	54.21	56.67100000000001	144.582	8.001	6.2189999999999985	120.042
595200.0	57.956	59.956	147.915	7.4215	5.638	120.042
595800.0	58.81	58.966	149.799	7.937	7.765	119.958
596400.0	57.767	57.9	151.254	8.502	8.3785	119.976
597000.0	57.051	57.185	151.98	8.6635	8.5985	119.982
597600.0	56.50899999999999	56.633	152.733	8.4125	8.381	120.096
598200.0	56.014	56.152	153.153	8.1045	8.0855	120.042
598800.0	55.589	55.721	152.892	8.015	7.9385	119.904
599400.0	55.267	55.38399999999999	151.23	8.173	8.0705	120.126
600000.0	55.057	55.174	150.183	8.6	8.511000000000001	119.958
600600.0	54.857	54.974	152.94899999999996	8.158	8.1735	120.288
601200.0	54.664	54.773	150.69	7.8835	7.871	120.114
601800.0	54.53100000000001	54.639	149.688	7.7575	7.6705	120.078
602400.0	54.477	54.576	150.039	8.224	8.0835	120.024
603000.0	54.473	54.569	150.549	8.5855	8.497	119.868
603600.0	54.49100000000001	54.578	150.333	8.2865	8.2835	120.03
604200.0	54.49	54.582	149.898	7.9055	7.9035	120.24
