last-generated=2020-03-09
statistics-initialization=
{
  "nonlinear": "5, 2, 5, 2, 5, 2, 5, 2, 2, 3, 0",
  "numerical Jacobians": "0"
}
statistics-simulation=
{
  "linear": "0, 0, 0, 0, 0, 0, 4, 3, 0, 0, 0, 3, 0, 3, 0, 0, 0, 3, 0, 0, 0, 0, 0",
  "nonlinear": "1, 1, 0, 0, 0, 0, 3",
  "number of continuous time states": "185",
  "numerical Jacobians": "0"
}
time=[0e+00, 1.728e+05]
flo.sou.air.vol.T=[2.931499938964844e+02, 2.923995666503906e+02, 2.923233032226562e+02, 2.9225732421875e+02, 2.921345520019531e+02, 2.920440979003906e+02, 2.919891052246094e+02, 2.919036865234375e+02, 2.917747192382812e+02, 2.917012329101562e+02, 2.916956787109375e+02, 2.915985107421875e+02, 2.9311572265625e+02, 2.931742553710938e+02, 2.931508483886719e+02, 2.9314990234375e+02, 2.931591491699219e+02, 2.932342224121094e+02, 2.932418212890625e+02, 2.931883544921875e+02, 2.931168518066406e+02, 2.932003479003906e+02, 2.932560119628906e+02, 2.933425903320312e+02, 2.93619873046875e+02, 2.937650146484375e+02, 2.937257690429688e+02, 2.937887878417969e+02, 2.941187438964844e+02, 2.941427917480469e+02, 2.941745910644531e+02, 2.941569519042969e+02, 2.941438903808594e+02, 2.941073608398438e+02, 2.94073486328125e+02, 2.940516357421875e+02, 2.939671325683594e+02, 2.937604370117188e+02, 2.93513916015625e+02, 2.932880554199219e+02, 2.932247619628906e+02, 2.931104431152344e+02, 2.931166381835938e+02, 2.933163146972656e+02, 2.933031005859375e+02, 2.932211608886719e+02, 2.928742980957031e+02, 2.927773132324219e+02, 2.92693115234375e+02, 2.926331787109375e+02, 2.925798645019531e+02, 2.925259094238281e+02, 2.924957580566406e+02, 2.92382080078125e+02, 2.922893676757812e+02, 2.922517700195312e+02, 2.922046203613281e+02, 2.922093200683594e+02, 2.922856140136719e+02, 2.922351379394531e+02, 2.92007568359375e+02, 2.919875793457031e+02, 2.932044067382812e+02, 2.931609191894531e+02, 2.931510620117188e+02, 2.931481018066406e+02, 2.931459350585938e+02, 2.93182861328125e+02, 2.931741638183594e+02, 2.931847229003906e+02, 2.931608581542969e+02, 2.9315673828125e+02, 2.931571350097656e+02, 2.932167358398438e+02, 2.931490173339844e+02, 2.931506652832031e+02, 2.931516723632812e+02, 2.931602478027344e+02, 2.934533386230469e+02, 2.932991333007812e+02, 2.932852172851562e+02, 2.9336279296875e+02, 2.933536682128906e+02, 2.933418579101562e+02, 2.933240051269531e+02, 2.9290478515625e+02, 2.931504516601562e+02, 2.932372436523438e+02, 2.931341247558594e+02, 2.931256408691406e+02, 2.926752319335938e+02, 2.926029968261719e+02, 2.92547607421875e+02, 2.925154724121094e+02, 2.925234680175781e+02, 2.926226196289062e+02, 2.926833801269531e+02, 2.926717224121094e+02, 2.926698913574219e+02, 2.925969543457031e+02, 2.925472106933594e+02]
flo.eas.air.vol.T=[2.931499938964844e+02, 2.924395446777344e+02, 2.923682556152344e+02, 2.923079833984375e+02, 2.922456359863281e+02, 2.921829223632812e+02, 2.921342468261719e+02, 2.920786743164062e+02, 2.920053405761719e+02, 2.9194140625e+02, 2.918924865722656e+02, 2.918430786132812e+02, 2.932387390136719e+02, 2.931567687988281e+02, 2.931488037109375e+02, 2.931502075195312e+02, 2.931579895019531e+02, 2.932108154296875e+02, 2.931898803710938e+02, 2.931681213378906e+02, 2.931583251953125e+02, 2.931583251953125e+02, 2.932194213867188e+02, 2.931489562988281e+02, 2.931510314941406e+02, 2.931508483886719e+02, 2.931502685546875e+02, 2.931510009765625e+02, 2.932539672851562e+02, 2.932763061523438e+02, 2.932917785644531e+02, 2.93273681640625e+02, 2.932860717773438e+02, 2.932722778320312e+02, 2.932650756835938e+02, 2.932680053710938e+02, 2.931947631835938e+02, 2.931432495117188e+02, 2.929868469238281e+02, 2.931381530761719e+02, 2.929318542480469e+02, 2.928960571289062e+02, 2.92798583984375e+02, 2.928215026855469e+02, 2.928490600585938e+02, 2.927132873535156e+02, 2.927259216308594e+02, 2.926839904785156e+02, 2.926349182128906e+02, 2.925929565429688e+02, 2.925549621582031e+02, 2.925107116699219e+02, 2.924591674804688e+02, 2.924171142578125e+02, 2.92381103515625e+02, 2.923478698730469e+02, 2.923087158203125e+02, 2.922695617675781e+02, 2.921414794921875e+02, 2.921282958984375e+02, 2.922015380859375e+02, 2.921817321777344e+02, 2.931785278320312e+02, 2.931633911132812e+02, 2.931522521972656e+02, 2.931497497558594e+02, 2.931477966308594e+02, 2.931764221191406e+02, 2.931644897460938e+02, 2.931819763183594e+02, 2.931598205566406e+02, 2.931563415527344e+02, 2.931566467285156e+02, 2.931530151367188e+02, 2.931515502929688e+02, 2.931539611816406e+02, 2.931543579101562e+02, 2.931546020507812e+02, 2.932630310058594e+02, 2.931483459472656e+02, 2.931504211425781e+02, 2.931494445800781e+02, 2.931469116210938e+02, 2.931462097167969e+02, 2.931285095214844e+02, 2.932335510253906e+02, 2.931439819335938e+02, 2.929188537597656e+02, 2.931398315429688e+02, 2.931309204101562e+02, 2.926690673828125e+02, 2.926418151855469e+02, 2.92621826171875e+02, 2.9253662109375e+02, 2.924640808105469e+02, 2.924541625976562e+02, 2.924911499023438e+02, 2.926407165527344e+02, 2.926685791015625e+02, 2.926285400390625e+02, 2.925625915527344e+02]
flo.nor.air.vol.T=[2.931499938964844e+02, 2.923990478515625e+02, 2.923230590820312e+02, 2.922589111328125e+02, 2.921932678222656e+02, 2.921260375976562e+02, 2.920720520019531e+02, 2.920125122070312e+02, 2.919360961914062e+02, 2.918689270019531e+02, 2.918172607421875e+02, 2.917639465332031e+02, 2.931151733398438e+02, 2.931711730957031e+02, 2.931497192382812e+02, 2.931484375e+02, 2.931520690917969e+02, 2.931907043457031e+02, 2.932107849121094e+02, 2.931744384765625e+02, 2.9315966796875e+02, 2.931604309082031e+02, 2.931640625e+02, 2.931568298339844e+02, 2.931625366210938e+02, 2.931598510742188e+02, 2.931553344726562e+02, 2.931570129394531e+02, 2.93162841796875e+02, 2.932080688476562e+02, 2.931563720703125e+02, 2.93150146484375e+02, 2.931506042480469e+02, 2.9314990234375e+02, 2.931500244140625e+02, 2.931505432128906e+02, 2.93141845703125e+02, 2.93090087890625e+02, 2.930980834960938e+02, 2.9312353515625e+02, 2.927207336425781e+02, 2.926751403808594e+02, 2.926408386230469e+02, 2.92606689453125e+02, 2.926275634765625e+02, 2.925785217285156e+02, 2.925166015625e+02, 2.924701843261719e+02, 2.924211730957031e+02, 2.9237890625e+02, 2.923413391113281e+02, 2.922991638183594e+02, 2.922483825683594e+02, 2.922060546875e+02, 2.921694641113281e+02, 2.921376647949219e+02, 2.921009826660156e+02, 2.920732727050781e+02, 2.920523681640625e+02, 2.920365600585938e+02, 2.920056762695312e+02, 2.919835815429688e+02, 2.930126953125e+02, 2.931811828613281e+02, 2.931670227050781e+02, 2.931556396484375e+02, 2.931516418457031e+02, 2.931900939941406e+02, 2.931954040527344e+02, 2.932004699707031e+02, 2.931651000976562e+02, 2.931612243652344e+02, 2.931609802246094e+02, 2.931570129394531e+02, 2.9315576171875e+02, 2.931576843261719e+02, 2.931575927734375e+02, 2.931576843261719e+02, 2.933238830566406e+02, 2.9314794921875e+02, 2.931505432128906e+02, 2.931503295898438e+02, 2.931499633789062e+02, 2.931499328613281e+02, 2.931496887207031e+02, 2.931493530273438e+02, 2.931428833007812e+02, 2.93012939453125e+02, 2.931297302246094e+02, 2.931224670410156e+02, 2.927567443847656e+02, 2.927013244628906e+02, 2.926632080078125e+02, 2.926275329589844e+02, 2.925960998535156e+02, 2.925799255371094e+02, 2.925730590820312e+02, 2.92518310546875e+02, 2.925569152832031e+02, 2.925234069824219e+02, 2.923059387207031e+02]
flo.wes.air.vol.T=[2.931499938964844e+02, 2.9217822265625e+02, 2.921012878417969e+02, 2.920441589355469e+02, 2.919978332519531e+02, 2.91965576171875e+02, 2.919664611816406e+02, 2.919124145507812e+02, 2.918177490234375e+02, 2.917484130859375e+02, 2.916745910644531e+02, 2.916504211425781e+02, 2.931519775390625e+02, 2.931660766601562e+02, 2.931500854492188e+02, 2.931492614746094e+02, 2.931523132324219e+02, 2.931870422363281e+02, 2.931993713378906e+02, 2.931732482910156e+02, 2.931612243652344e+02, 2.931607055664062e+02, 2.931654052734375e+02, 2.931563720703125e+02, 2.931401672363281e+02, 2.931433410644531e+02, 2.931484069824219e+02, 2.931615295410156e+02, 2.931675415039062e+02, 2.931614990234375e+02, 2.931593933105469e+02, 2.93169677734375e+02, 2.933336486816406e+02, 2.932422180175781e+02, 2.932349853515625e+02, 2.932341918945312e+02, 2.931672973632812e+02, 2.931407775878906e+02, 2.929170837402344e+02, 2.93121826171875e+02, 2.928394470214844e+02, 2.928036499023438e+02, 2.927704162597656e+02, 2.927495422363281e+02, 2.927555236816406e+02, 2.927083129882812e+02, 2.926503295898438e+02, 2.926044921875e+02, 2.925553894042969e+02, 2.925135498046875e+02, 2.924760437011719e+02, 2.924362182617188e+02, 2.923902893066406e+02, 2.9234765625e+02, 2.923064270019531e+02, 2.922758178710938e+02, 2.922423400878906e+02, 2.922179565429688e+02, 2.921925659179688e+02, 2.921766357421875e+02, 2.92146728515625e+02, 2.921180725097656e+02, 2.930733947753906e+02, 2.931744384765625e+02, 2.931595764160156e+02, 2.931527404785156e+02, 2.931498107910156e+02, 2.931847839355469e+02, 2.93181396484375e+02, 2.931984252929688e+02, 2.931633911132812e+02, 2.931598510742188e+02, 2.9315966796875e+02, 2.931559753417969e+02, 2.931539611816406e+02, 2.931566467285156e+02, 2.931572265625e+02, 2.931579284667969e+02, 2.932845764160156e+02, 2.931901245117188e+02, 2.931846313476562e+02, 2.932051086425781e+02, 2.932080993652344e+02, 2.932075805664062e+02, 2.932020568847656e+02, 2.931523742675781e+02, 2.931427307128906e+02, 2.931305847167969e+02, 2.93079345703125e+02, 2.931234130859375e+02, 2.928560791015625e+02, 2.9280908203125e+02, 2.927729797363281e+02, 2.92735595703125e+02, 2.927023010253906e+02, 2.926869506835938e+02, 2.926844177246094e+02, 2.926741638183594e+02, 2.92671875e+02, 2.926391296386719e+02, 2.924669799804688e+02]
flo.cor.air.vol.T=[2.931499938964844e+02, 2.92785400390625e+02, 2.927332458496094e+02, 2.926905212402344e+02, 2.926440734863281e+02, 2.926000671386719e+02, 2.925707092285156e+02, 2.925302124023438e+02, 2.924700317382812e+02, 2.924203491210938e+02, 2.923853759765625e+02, 2.923454895019531e+02, 2.933840637207031e+02, 2.931522827148438e+02, 2.931502075195312e+02, 2.931503601074219e+02, 2.931502685546875e+02, 2.931806640625e+02, 2.933066101074219e+02, 2.933291625976562e+02, 2.933431701660156e+02, 2.933746948242188e+02, 2.934211120605469e+02, 2.934349975585938e+02, 2.934537963867188e+02, 2.934777526855469e+02, 2.934065551757812e+02, 2.934217834472656e+02, 2.936227111816406e+02, 2.9365185546875e+02, 2.93681396484375e+02, 2.936752624511719e+02, 2.937152099609375e+02, 2.937089233398438e+02, 2.937134399414062e+02, 2.937218627929688e+02, 2.936522216796875e+02, 2.934841613769531e+02, 2.932695007324219e+02, 2.931492614746094e+02, 2.933427429199219e+02, 2.933143310546875e+02, 2.932822265625e+02, 2.932689514160156e+02, 2.932722778320312e+02, 2.932337036132812e+02, 2.93177978515625e+02, 2.931389770507812e+02, 2.930979919433594e+02, 2.930620422363281e+02, 2.930291748046875e+02, 2.929967041015625e+02, 2.929635009765625e+02, 2.929240417480469e+02, 2.928848571777344e+02, 2.928570861816406e+02, 2.928265686035156e+02, 2.928042602539062e+02, 2.927808532714844e+02, 2.927619018554688e+02, 2.927228698730469e+02, 2.926979370117188e+02, 2.932888488769531e+02, 2.931570434570312e+02, 2.931477661132812e+02, 2.931480102539062e+02, 2.931470031738281e+02, 2.931793518066406e+02, 2.9328759765625e+02, 2.934372253417969e+02, 2.934517211914062e+02, 2.934664611816406e+02, 2.934826965332031e+02, 2.934988098144531e+02, 2.935046691894531e+02, 2.935104064941406e+02, 2.934612426757812e+02, 2.934684143066406e+02, 2.937431640625e+02, 2.93654296875e+02, 2.93651123046875e+02, 2.936768493652344e+02, 2.936866149902344e+02, 2.936944885253906e+02, 2.937003479003906e+02, 2.936461791992188e+02, 2.936309509277344e+02, 2.934845886230469e+02, 2.933729858398438e+02, 2.932522277832031e+02, 2.93326904296875e+02, 2.932850952148438e+02, 2.93251708984375e+02, 2.932139892578125e+02, 2.931829833984375e+02, 2.931770629882812e+02, 2.931812133789062e+02, 2.931807861328125e+02, 2.931828918457031e+02, 2.931547546386719e+02, 2.930757751464844e+02]
TSupSou.T=[2.931499938964844e+02, 2.931357421875e+02, 2.931357421875e+02, 2.931354370117188e+02, 2.931354370117188e+02, 2.931350708007812e+02, 2.931353759765625e+02, 2.931359252929688e+02, 2.931356201171875e+02, 2.931357421875e+02, 2.931354064941406e+02, 2.931352844238281e+02, 3.017385864257812e+02, 3.012272033691406e+02, 3.010363464355469e+02, 3.010479125976562e+02, 3.009540710449219e+02, 3.000005187988281e+02, 2.961766662597656e+02, 2.929702453613281e+02, 2.931800231933594e+02, 2.921865539550781e+02, 2.833478088378906e+02, 2.832115783691406e+02, 2.831529541015625e+02, 2.831506042480469e+02, 2.831483764648438e+02, 2.831496276855469e+02, 2.831502990722656e+02, 2.831898498535156e+02, 2.832532653808594e+02, 2.831565551757812e+02, 2.832727661132812e+02, 2.831534118652344e+02, 2.831502685546875e+02, 2.831499633789062e+02, 2.83148681640625e+02, 2.830923156738281e+02, 2.828562927246094e+02, 2.831195068359375e+02, 2.831551208496094e+02, 2.831556091308594e+02, 2.831562805175781e+02, 2.831558532714844e+02, 2.8315478515625e+02, 2.83152099609375e+02, 2.831544799804688e+02, 2.831554870605469e+02, 2.831559143066406e+02, 2.831559448242188e+02, 2.831550903320312e+02, 2.831553955078125e+02, 2.831565551757812e+02, 2.831569519042969e+02, 2.831584777832031e+02, 2.831581726074219e+02, 2.831580810546875e+02, 2.831585693359375e+02, 2.83157958984375e+02, 2.831572265625e+02, 2.831554565429688e+02, 2.831544799804688e+02, 2.987445983886719e+02, 2.976889038085938e+02, 2.974949951171875e+02, 2.974506225585938e+02, 2.974525756835938e+02, 2.972046813964844e+02, 2.951119079589844e+02, 2.933121337890625e+02, 2.926904907226562e+02, 2.923326110839844e+02, 2.920542907714844e+02, 2.91905029296875e+02, 2.844303894042969e+02, 2.832762145996094e+02, 2.84272216796875e+02, 2.831601257324219e+02, 2.837091979980469e+02, 2.831667175292969e+02, 2.831533203125e+02, 2.831519470214844e+02, 2.831531677246094e+02, 2.831502380371094e+02, 2.831390686035156e+02, 2.916753540039062e+02, 2.951326599121094e+02, 2.924044494628906e+02, 2.933930358886719e+02, 2.943919067382812e+02, 2.84010009765625e+02, 2.840099792480469e+02, 2.840094909667969e+02, 2.840090026855469e+02, 2.840097045898438e+02, 2.840109558105469e+02, 2.840115051269531e+02, 2.840087890625e+02, 2.840076293945312e+02, 2.840048522949219e+02, 2.840046081542969e+02]
TSupEas.T=[2.931499938964844e+02, 2.931349792480469e+02, 2.931349487304688e+02, 2.931346740722656e+02, 2.931346740722656e+02, 2.931343383789062e+02, 2.931346130371094e+02, 2.931351013183594e+02, 2.931348571777344e+02, 2.931349487304688e+02, 2.931346435546875e+02, 2.931345520019531e+02, 2.993339538574219e+02, 2.985729064941406e+02, 2.985444641113281e+02, 2.9856689453125e+02, 2.984546813964844e+02, 2.974695129394531e+02, 2.948462219238281e+02, 2.930362243652344e+02, 2.924585266113281e+02, 2.920761413574219e+02, 2.919211730957031e+02, 2.861405944824219e+02, 2.858160705566406e+02, 2.849880676269531e+02, 2.867370910644531e+02, 2.861710815429688e+02, 2.831502990722656e+02, 2.831898498535156e+02, 2.832532653808594e+02, 2.831565551757812e+02, 2.832727661132812e+02, 2.831534118652344e+02, 2.831502685546875e+02, 2.831499633789062e+02, 2.83148681640625e+02, 2.877030944824219e+02, 2.91598876953125e+02, 2.941376647949219e+02, 2.840741577148438e+02, 2.840745544433594e+02, 2.840751342773438e+02, 2.840747680664062e+02, 2.840738830566406e+02, 2.840716857910156e+02, 2.840736389160156e+02, 2.840744934082031e+02, 2.840748596191406e+02, 2.840748901367188e+02, 2.840741577148438e+02, 2.840744323730469e+02, 2.840754089355469e+02, 2.840757446289062e+02, 2.840770263671875e+02, 2.840767822265625e+02, 2.840766906738281e+02, 2.840771179199219e+02, 2.840765991210938e+02, 2.840759887695312e+02, 2.840745239257812e+02, 2.840736999511719e+02, 2.98477783203125e+02, 2.979075012207031e+02, 2.976622314453125e+02, 2.975615234375e+02, 2.975011596679688e+02, 2.972412414550781e+02, 2.955908508300781e+02, 2.942560424804688e+02, 2.937151489257812e+02, 2.934076843261719e+02, 2.931543273925781e+02, 2.928541564941406e+02, 2.926340637207031e+02, 2.924515686035156e+02, 2.926502380371094e+02, 2.924254150390625e+02, 2.83709228515625e+02, 2.839292297363281e+02, 2.843144836425781e+02, 2.840054321289062e+02, 2.857681884765625e+02, 2.887801208496094e+02, 2.910447082519531e+02, 2.918576354980469e+02, 2.871078186035156e+02, 2.917804260253906e+02, 2.939778747558594e+02, 2.947312622070312e+02, 2.840237426757812e+02, 2.840237121582031e+02, 2.840232238769531e+02, 2.840227355957031e+02, 2.840234069824219e+02, 2.84024658203125e+02, 2.840252075195312e+02, 2.840225219726562e+02, 2.840213317871094e+02, 2.840185852050781e+02, 2.840183410644531e+02]
TSupNor.T=[2.931499938964844e+02, 2.931358337402344e+02, 2.931358032226562e+02, 2.931355285644531e+02, 2.93135498046875e+02, 2.931351623535156e+02, 2.931354370117188e+02, 2.931359558105469e+02, 2.931356811523438e+02, 2.931357727050781e+02, 2.93135498046875e+02, 2.931353759765625e+02, 3.0151318359375e+02, 3.010445251464844e+02, 3.008953857421875e+02, 3.009340515136719e+02, 3.009277038574219e+02, 3.006403198242188e+02, 2.984486083984375e+02, 2.964646301269531e+02, 2.960294799804688e+02, 2.956204528808594e+02, 2.951767578125e+02, 2.946750183105469e+02, 2.942373962402344e+02, 2.937471618652344e+02, 2.939939575195312e+02, 2.937145080566406e+02, 2.920791931152344e+02, 2.919313049316406e+02, 2.837303771972656e+02, 2.841665649414062e+02, 2.8365966796875e+02, 2.839094543457031e+02, 2.839444885253906e+02, 2.836680297851562e+02, 2.862752685546875e+02, 2.909487915039062e+02, 2.945285034179688e+02, 2.958413696289062e+02, 2.842261657714844e+02, 2.842265319824219e+02, 2.842270812988281e+02, 2.842267150878906e+02, 2.842258911132812e+02, 2.842238159179688e+02, 2.842256774902344e+02, 2.842265014648438e+02, 2.842268371582031e+02, 2.842268676757812e+02, 2.842261657714844e+02, 2.842264404296875e+02, 2.842273559570312e+02, 2.842276611328125e+02, 2.842288818359375e+02, 2.842286376953125e+02, 2.842285461425781e+02, 2.842289733886719e+02, 2.842284851074219e+02, 2.842279052734375e+02, 2.842264709472656e+02, 2.842256774902344e+02, 3.013788146972656e+02, 3.016235961914062e+02, 3.010827941894531e+02, 3.007831726074219e+02, 3.00603271484375e+02, 3.002768859863281e+02, 2.978171997070312e+02, 2.959214172363281e+02, 2.951260681152344e+02, 2.946492004394531e+02, 2.942340393066406e+02, 2.937640380859375e+02, 2.933793334960938e+02, 2.930328979492188e+02, 2.931973266601562e+02, 2.92833984375e+02, 2.917654418945312e+02, 2.842871704101562e+02, 2.846024475097656e+02, 2.840761108398438e+02, 2.840259094238281e+02, 2.840455322265625e+02, 2.841780395507812e+02, 2.857460327148438e+02, 2.88059814453125e+02, 2.916862487792969e+02, 2.947000122070312e+02, 2.956626892089844e+02, 2.841015319824219e+02, 2.841015014648438e+02, 2.841010131835938e+02, 2.841005249023438e+02, 2.841012268066406e+02, 2.841024780273438e+02, 2.8410302734375e+02, 2.841003723144531e+02, 2.840992431640625e+02, 2.840965270996094e+02, 2.840963134765625e+02]
TSupWes.T=[2.931499938964844e+02, 2.931266479492188e+02, 2.931266479492188e+02, 2.931263122558594e+02, 2.931262817382812e+02, 2.931259155273438e+02, 2.93126220703125e+02, 2.931267700195312e+02, 2.9312646484375e+02, 2.931265563964844e+02, 2.931262512207031e+02, 2.931261291503906e+02, 3.009037170410156e+02, 3.004892272949219e+02, 3.003672180175781e+02, 3.003878479003906e+02, 3.003672180175781e+02, 3.000792236328125e+02, 2.981143188476562e+02, 2.963482360839844e+02, 2.959259033203125e+02, 2.955185241699219e+02, 2.950506286621094e+02, 2.9453271484375e+02, 2.94532958984375e+02, 2.948600463867188e+02, 2.955585632324219e+02, 2.953055114746094e+02, 2.935358581542969e+02, 2.930393981933594e+02, 2.924950561523438e+02, 2.920528869628906e+02, 2.916353454589844e+02, 2.831534118652344e+02, 2.831502685546875e+02, 2.831499633789062e+02, 2.83148681640625e+02, 2.898316650390625e+02, 2.928880004882812e+02, 2.952951965332031e+02, 2.84181640625e+02, 2.841820373535156e+02, 2.841825866699219e+02, 2.841822204589844e+02, 2.841813659667969e+02, 2.841792297363281e+02, 2.8418115234375e+02, 2.841819763183594e+02, 2.841823120117188e+02, 2.84182373046875e+02, 2.84181640625e+02, 2.841819152832031e+02, 2.84182861328125e+02, 2.841831665039062e+02, 2.841844177246094e+02, 2.841841735839844e+02, 2.8418408203125e+02, 2.841845092773438e+02, 2.841840209960938e+02, 2.841834106445312e+02, 2.841819763183594e+02, 2.8418115234375e+02, 3.00266357421875e+02, 3.002764587402344e+02, 2.998533020019531e+02, 2.996435852050781e+02, 2.995116577148438e+02, 2.99211181640625e+02, 2.969937133789062e+02, 2.953247985839844e+02, 2.945500183105469e+02, 2.941119689941406e+02, 2.937317199707031e+02, 2.933048706054688e+02, 2.92955078125e+02, 2.926609497070312e+02, 2.928695678710938e+02, 2.924969482421875e+02, 2.837091979980469e+02, 2.831667175292969e+02, 2.831533203125e+02, 2.831519470214844e+02, 2.831531677246094e+02, 2.831502380371094e+02, 2.831390686035156e+02, 2.829471130371094e+02, 2.851236267089844e+02, 2.911625671386719e+02, 2.939952087402344e+02, 2.95189208984375e+02, 2.84069580078125e+02, 2.840695190429688e+02, 2.840690307617188e+02, 2.840685424804688e+02, 2.840692443847656e+02, 2.840705261230469e+02, 2.840710754394531e+02, 2.840683898925781e+02, 2.840671997070312e+02, 2.840644836425781e+02, 2.840642395019531e+02]
TSupCor.T=[2.931499938964844e+02, 2.93150146484375e+02, 2.93150146484375e+02, 2.931499633789062e+02, 2.931499328613281e+02, 2.931497192382812e+02, 2.9314990234375e+02, 2.931502380371094e+02, 2.931500549316406e+02, 2.931501159667969e+02, 2.931499328613281e+02, 2.931498413085938e+02, 2.950805358886719e+02, 2.933847961425781e+02, 2.933295288085938e+02, 2.93309814453125e+02, 2.932955932617188e+02, 2.929341430664062e+02, 2.918742370605469e+02, 2.832450561523438e+02, 2.831576843261719e+02, 2.831485290527344e+02, 2.833472900390625e+02, 2.832115783691406e+02, 2.831529541015625e+02, 2.831506042480469e+02, 2.831483764648438e+02, 2.831496276855469e+02, 2.831502990722656e+02, 2.831898498535156e+02, 2.832532653808594e+02, 2.831565551757812e+02, 2.832727661132812e+02, 2.831534118652344e+02, 2.831502685546875e+02, 2.831499633789062e+02, 2.83148681640625e+02, 2.830923156738281e+02, 2.828562927246094e+02, 2.831195068359375e+02, 2.840094604492188e+02, 2.840098876953125e+02, 2.840104675292969e+02, 2.840100708007812e+02, 2.840091552734375e+02, 2.840068359375e+02, 2.840089111328125e+02, 2.840098266601562e+02, 2.840101928710938e+02, 2.840102233886719e+02, 2.840094604492188e+02, 2.84009765625e+02, 2.840108032226562e+02, 2.840111389160156e+02, 2.840125122070312e+02, 2.840122375488281e+02, 2.840121459960938e+02, 2.840126037597656e+02, 2.840120544433594e+02, 2.840113830566406e+02, 2.840097961425781e+02, 2.840089111328125e+02, 2.937171630859375e+02, 2.927809753417969e+02, 2.926763000488281e+02, 2.926810302734375e+02, 2.926821899414062e+02, 2.923495483398438e+02, 2.830335388183594e+02, 2.829799499511719e+02, 2.830421142578125e+02, 2.830994262695312e+02, 2.831768188476562e+02, 2.831387939453125e+02, 2.830867004394531e+02, 2.830690002441406e+02, 2.831948547363281e+02, 2.831601257324219e+02, 2.837091979980469e+02, 2.831667175292969e+02, 2.831533203125e+02, 2.831519470214844e+02, 2.831531677246094e+02, 2.831502380371094e+02, 2.831390686035156e+02, 2.829471130371094e+02, 2.831666259765625e+02, 2.828609924316406e+02, 2.830807800292969e+02, 2.831507263183594e+02, 2.831672058105469e+02, 2.831671752929688e+02, 2.831665649414062e+02, 2.831659851074219e+02, 2.831668395996094e+02, 2.831683654785156e+02, 2.831690368652344e+02, 2.831657409667969e+02, 2.83164306640625e+02, 2.831609802246094e+02, 2.831606750488281e+02]
sou.vav.m_flow=[3.233083017886024e-13, 2.886690531056502e-08, 2.956137201692854e-08, 2.534187615310657e-08, 2.170853719007937e-08, 1.451525033502321e-08, 1.08059339254396e-08, 1.378425018572216e-08, 1.581850561649389e-08, 1.722392717340426e-08, 1.958052209261041e-08, 1.420034756449695e-08, 4.521450400352478e-01, 4.523431062698364e-01, 4.52409029006958e-01, 4.524314403533936e-01, 4.523714482784271e-01, 4.523110389709473e-01, 4.785506725311279e-01, 4.93937224149704e-01, 4.931850433349609e-01, 4.925421476364136e-01, 1.15918792784214e-01, 1.159507632255554e-01, 1.159485653042793e-01, 1.159468814730644e-01, 1.159462332725525e-01, 1.159471124410629e-01, 1.159512847661972e-01, 1.159716695547104e-01, 1.159987673163414e-01, 1.160003766417503e-01, 1.160388514399529e-01, 1.160212382674217e-01, 1.160210222005844e-01, 1.160207614302635e-01, 1.160207614302635e-01, 1.159574687480927e-01, 1.159532517194748e-01, 1.159038916230202e-01, 2.828883083338951e-08, 2.609389149199615e-08, 3.697677275482647e-09, -7.588046302409168e-10, 3.556391570125328e-10, 1.474867872275354e-08, 2.443014679442967e-08, 2.974953794421253e-08, 3.114299573780954e-08, 2.695195178148424e-08, 2.54948009370537e-08, 2.248964925399832e-08, 1.512209912846174e-08, 3.575305029812625e-08, 2.760050676897663e-08, 2.969166601474176e-08, 3.389693858935064e-08, 1.026568519080238e-08, 1.231158019976419e-08, 1.676644600934196e-08, 9.919228460830709e-08, 2.757787598284267e-08, 4.499074816703796e-01, 4.501705765724182e-01, 4.512437880039215e-01, 4.517609775066376e-01, 4.520276188850403e-01, 4.521878659725189e-01, 4.937958121299744e-01, 4.932689070701599e-01, 4.930348694324493e-01, 4.929051995277405e-01, 4.927323460578918e-01, 3.96228164434433e-01, 1.158965677022934e-01, 1.158967912197113e-01, 1.15897923707962e-01, 1.158978119492531e-01, 1.160290166735649e-01, 1.16021141409874e-01, 1.160210892558098e-01, 1.160213202238083e-01, 1.160218715667725e-01, 1.160230562090874e-01, 1.160114631056786e-01, 3.859996199607849e-01, 5.100221037864685e-01, 5.030190348625183e-01, 4.93145078420639e-01, 4.929288327693939e-01, 2.518765818138036e-08, 2.364806306331957e-08, 2.582263469719237e-08, 4.184870405765651e-08, 6.292937371199514e-08, 5.837557992549591e-08, 1.60823248052111e-08, -3.394737269069026e-11, -6.466166035772047e-13, 1.461806231617402e-08, 1.624527357080296e-08]
eas.vav.m_flow=[3.070213896484708e-13, 2.741271210027207e-08, 2.807219345868361e-08, 2.406525823062111e-08, 2.061495152361204e-08, 1.378403258200933e-08, 1.026157647743275e-08, 1.308985719816747e-08, 1.502163549105262e-08, 1.635625856977185e-08, 1.85941360086872e-08, 1.348499356623734e-08, 4.29367870092392e-01, 4.295559525489807e-01, 4.296185374259949e-01, 4.296398162841797e-01, 4.295828640460968e-01, 4.295254945755005e-01, 4.544432759284973e-01, 4.690547287464142e-01, 4.683404564857483e-01, 4.67729926109314e-01, 3.840625286102295e-01, 1.101096495985985e-01, 1.101075559854507e-01, 1.10105961561203e-01, 1.101053431630135e-01, 1.101061850786209e-01, 1.101101413369179e-01, 1.101295053958893e-01, 1.101552397012711e-01, 1.101567596197128e-01, 1.101932972669601e-01, 1.101765707135201e-01, 1.101763695478439e-01, 1.101761236786842e-01, 1.101761162281036e-01, 1.101160198450089e-01, 2.718015015125275e-01, 4.754451811313629e-01, 2.686375744076486e-08, 2.47793892071968e-08, 3.511403612321828e-09, -7.205792074138628e-10, 3.377235435753079e-10, 1.400570237564125e-08, 2.319945835438375e-08, 2.825088074587256e-08, 2.957414224624699e-08, 2.559422540571177e-08, 2.421047895495576e-08, 2.135671550718143e-08, 1.436031205059862e-08, 3.395195946609419e-08, 2.621010963821391e-08, 2.819592381797524e-08, 3.218935162863093e-08, 9.748543305931977e-09, 1.169137497925021e-08, 1.592182208298709e-08, 9.419539281907419e-08, 2.6188617496814e-08, 4.272430539131165e-01, 4.274928569793701e-01, 4.285120069980621e-01, 4.290031492710114e-01, 4.292563498020172e-01, 4.294085204601288e-01, 4.689204394817352e-01, 4.684200584888458e-01, 4.681978523731232e-01, 4.680746793746948e-01, 4.679105579853058e-01, 4.704068899154663e-01, 4.746541380882263e-01, 4.746783375740051e-01, 4.748005867004395e-01, 4.747882783412933e-01, 1.101839914917946e-01, 1.101764813065529e-01, 1.101764291524887e-01, 1.101766526699066e-01, 1.10177181661129e-01, 1.101782992482185e-01, 1.371753066778183e-01, 3.422707319259644e-01, 1.101440712809563e-01, 4.763606488704681e-01, 4.683024883270264e-01, 4.680971503257751e-01, 2.39188082673536e-08, 2.24567724416147e-08, 2.452179970191537e-08, 3.974054152422468e-08, 5.975925887469202e-08, 5.543486025771927e-08, 1.527216575425427e-08, -3.22372475936028e-11, -6.140427792969416e-13, 1.388166559479487e-08, 1.542690419853443e-08]
nor.vav.m_flow=[3.233083017886024e-13, 2.886690531056502e-08, 2.956137201692854e-08, 2.534187615310657e-08, 2.170853719007937e-08, 1.451525033502321e-08, 1.08059339254396e-08, 1.378425018572216e-08, 1.581850561649389e-08, 1.722392717340426e-08, 1.958052209261041e-08, 1.420034756449695e-08, 4.521450400352478e-01, 4.523431062698364e-01, 4.52409029006958e-01, 4.524314403533936e-01, 4.523714482784271e-01, 4.523110389709473e-01, 4.785506725311279e-01, 4.93937224149704e-01, 4.931850433349609e-01, 4.925421476364136e-01, 5.023480653762817e-01, 5.05963146686554e-01, 5.057156682014465e-01, 5.055264234542847e-01, 5.054532885551453e-01, 5.055526494979858e-01, 5.060216784477234e-01, 4.154958426952362e-01, 1.159987673163414e-01, 1.160003766417503e-01, 1.160388514399529e-01, 1.160212382674217e-01, 1.160210222005844e-01, 1.160207614302635e-01, 1.160207614302635e-01, 2.130653858184814e-01, 5.062428712844849e-01, 5.006666779518127e-01, 2.828883083338951e-08, 2.609389149199615e-08, 3.697677275482647e-09, -7.588046302409168e-10, 3.556391570125328e-10, 1.474867872275354e-08, 2.443014679442967e-08, 2.974953794421253e-08, 3.114299573780954e-08, 2.695195178148424e-08, 2.54948009370537e-08, 2.248964925399832e-08, 1.512209912846174e-08, 3.575305029812625e-08, 2.760050676897663e-08, 2.969166601474176e-08, 3.389693858935064e-08, 1.026568519080238e-08, 1.231158019976419e-08, 1.676644600934196e-08, 9.919228460830709e-08, 2.757787598284267e-08, 4.499074816703796e-01, 4.501705765724182e-01, 4.512437880039215e-01, 4.517609775066376e-01, 4.520276188850403e-01, 4.521878659725189e-01, 4.937958121299744e-01, 4.932689070701599e-01, 4.930348694324493e-01, 4.929051995277405e-01, 4.927323460578918e-01, 4.953610897064209e-01, 4.998336732387543e-01, 4.998591542243958e-01, 4.999879002571106e-01, 4.999749362468719e-01, 2.672812640666962e-01, 1.16021141409874e-01, 1.160210892558098e-01, 1.160213202238083e-01, 1.160218715667725e-01, 1.160230562090874e-01, 1.160114631056786e-01, 1.159723550081253e-01, 1.159870177507401e-01, 2.659835517406464e-01, 4.93145078420639e-01, 4.929288327693939e-01, 2.518765818138036e-08, 2.364806306331957e-08, 2.582263469719237e-08, 4.184870405765651e-08, 6.292937371199514e-08, 5.837557992549591e-08, 1.60823248052111e-08, -3.394737269069026e-11, -6.466166035772047e-13, 1.461806231617402e-08, 1.624527357080296e-08]
wes.vav.m_flow=[2.387944171827056e-13, 2.132099830021161e-08, 2.183392844301579e-08, 1.871742227876894e-08, 1.603385157977755e-08, 1.072091393439223e-08, 7.981225458308927e-09, 1.018100004301914e-08, 1.168349417213221e-08, 1.272153404840992e-08, 1.446210617928045e-08, 1.04883284279822e-08, 3.33952784538269e-01, 3.340990543365479e-01, 3.341477513313293e-01, 3.341643214225769e-01, 3.341200053691864e-01, 3.34075391292572e-01, 3.534559011459351e-01, 3.648203313350677e-01, 3.642647862434387e-01, 3.637899458408356e-01, 3.710325658321381e-01, 3.737026751041412e-01, 3.735198676586151e-01, 3.733800947666168e-01, 3.733260929584503e-01, 3.733994960784912e-01, 3.737459182739258e-01, 3.754344284534454e-01, 3.776675462722778e-01, 3.721486330032349e-01, 1.444536447525024e-01, 8.569288998842239e-02, 8.569272607564926e-02, 8.569253981113434e-02, 8.569253981113434e-02, 8.564579486846924e-02, 3.739092648029327e-01, 3.697906732559204e-01, 2.089403317029337e-08, 1.927285886438312e-08, 2.731091797159024e-09, -5.604505193268494e-10, 2.626738548894281e-10, 1.089332357651074e-08, 1.804402316452069e-08, 2.197290704941679e-08, 2.30021104385969e-08, 1.990661857576015e-08, 1.88303719284022e-08, 1.66107785304348e-08, 1.116913139753706e-08, 2.64070809663508e-08, 2.038563984285702e-08, 2.193016257479033e-08, 2.503616158833213e-08, 7.582200645117679e-09, 9.093291453154961e-09, 1.23836398913113e-08, 7.326308093524858e-08, 2.036892432499826e-08, 3.323001563549042e-01, 3.324944674968719e-01, 3.332871198654175e-01, 3.336690962314606e-01, 3.338660597801208e-01, 3.339844048023224e-01, 3.647159039974213e-01, 3.643267154693604e-01, 3.641538918018341e-01, 3.640581071376801e-01, 3.639304339885712e-01, 3.658720254898071e-01, 3.691754341125488e-01, 3.691942691802979e-01, 3.69289368391037e-01, 3.692797720432281e-01, 8.569863438606262e-02, 8.569282293319702e-02, 8.569277822971344e-02, 8.569294959306717e-02, 8.5693359375e-02, 8.569423109292984e-02, 8.568567037582397e-02, 8.56567844748497e-02, 8.566761016845703e-02, 9.678864479064941e-02, 3.642352521419525e-01, 3.640755712985992e-01, 1.860351872551291e-08, 1.746637856570032e-08, 1.907251068189453e-08, 3.090931244287276e-08, 4.64794247534428e-08, 4.311600321216247e-08, 1.18783507474518e-08, -2.507341383128914e-11, -4.775888343654111e-13, 1.079685052474133e-08, 1.199870336421327e-08]
cor.vav.m_flow_turbulent=[1.618800044059753e+00, 1.618800044059753e+00]
conEco.yOA=[0e+00, 0e+00, 0e+00, 0e+00, 0e+00, 0e+00, 0e+00, 0e+00, 0e+00, 0e+00, 0e+00, 0e+00, 5.83507239818573e-01, 5.66362738609314e-01, 5.644871592521667e-01, 5.645866990089417e-01, 5.681650638580322e-01, 5.735666751861572e-01, 5.805081129074097e-01, 5.877800583839417e-01, 6.038018465042114e-01, 6.1983323097229e-01, 6.274774670600891e-01, 6.343720555305481e-01, 6.477677822113037e-01, 6.624261140823364e-01, 6.737089157104492e-01, 6.825448274612427e-01, 6.957387924194336e-01, 7.034682631492615e-01, 6.940163373947144e-01, 6.934305429458618e-01, 6.87107264995575e-01, 6.851950883865356e-01, 6.853655576705933e-01, 6.857189536094666e-01, 6.838515996932983e-01, 6.783886551856995e-01, 6.911530494689941e-01, 6.921628713607788e-01, 0e+00, 0e+00, 0e+00, 0e+00, 0e+00, 0e+00, 0e+00, 0e+00, 0e+00, 0e+00, 0e+00, 0e+00, 0e+00, 0e+00, 0e+00, 0e+00, 0e+00, 0e+00, 0e+00, 0e+00, 0e+00, 0e+00, 7.682268023490906e-01, 7.478554248809814e-01, 6.704699993133545e-01, 6.256841421127319e-01, 6.002971529960632e-01, 5.860171318054199e-01, 6.338231563568121e-01, 6.862892508506772e-01, 7.218282222747801e-01, 7.463763952255249e-01, 7.636945843696594e-01, 7.810205817222595e-01, 8.17827045917511e-01, 8.475392460823059e-01, 8.278570175170898e-01, 8.219144940376282e-01, 7.674543857574463e-01, 7.192053198814392e-01, 7.025726437568665e-01, 6.962491273880005e-01, 7.03249990940094e-01, 7.211414575576782e-01, 7.300001382827759e-01, 7.504765391349792e-01, 7.373233437538147e-01, 7.323830723762512e-01, 7.477697730064392e-01, 7.697873115539551e-01, 0e+00, 0e+00, 0e+00, 0e+00, 0e+00, 0e+00, 0e+00, 0e+00, 0e+00, 0e+00, 0e+00]
dpRetDuc.m_flow=[-1.743114506902455e-11, -2.733725295911427e-06, -2.781795728878933e-06, -2.534169425416621e-06, -2.159215227948152e-06, -1.640208097342111e-06, -1.129259544541128e-06, -1.200011411128799e-06, -1.446583041797567e-06, -1.525139396107988e-06, -1.824823016249866e-06, -1.461445208406076e-06, 3.503910541534424e+00, 3.504606485366821e+00, 3.503670692443848e+00, 3.503253698348999e+00, 3.503598213195801e+00, 3.503414869308472e+00, 3.074055671691895e+00, 2.186514854431152e+00, 2.213775634765625e+00, 2.235241174697876e+00, 1.820989608764648e+00, 1.563153147697449e+00, 1.575080275535583e+00, 1.582988619804382e+00, 1.584656476974487e+00, 1.576694846153259e+00, 1.545505166053772e+00, 1.438884615898132e+00, 1.158999085426331e+00, 1.159192562103271e+00, 9.576013088226318e-01, 9.130921363830566e-01, 9.156781435012817e-01, 9.187251329421997e-01, 9.190115332603455e-01, 1.007153630256653e+00, 1.674089550971985e+00, 1.846931338310242e+00, -2.076633336400846e-06, -2.644207825142075e-06, -1.137205913437356e-06, -9.240482512495873e-08, -8.682030205875435e-09, -1.014758368000912e-06, -2.091481064780965e-06, -2.625195975269889e-06, -2.953613375211717e-06, -2.641467744979309e-06, -2.454958575981436e-06, -2.305462885487941e-06, -1.517558416708198e-06, -2.837862439264427e-06, -2.831738584063714e-06, -2.704956841625974e-06, -2.999173602802334e-06, -1.578844603500342e-06, -1.11796305191092e-06, -1.270038296752318e-06, -7.034117970761145e-06, -3.632723974078544e-06, 3.478107929229736e+00, 3.481351137161255e+00, 3.492859363555908e+00, 3.498709678649902e+00, 3.501402139663696e+00, 3.502297401428223e+00, 2.185894012451172e+00, 2.187510967254639e+00, 2.185037851333618e+00, 2.181725025177002e+00, 2.182575941085815e+00, 2.102363586425781e+00, 1.851263046264648e+00, 1.841109275817871e+00, 1.841721177101135e+00, 1.843729496002197e+00, 1.053656578063965e+00, 9.099035263061523e-01, 9.126065969467163e-01, 9.106388092041016e-01, 9.030015468597412e-01, 8.863775730133057e-01, 9.033105373382568e-01, 1.358799576759338e+00, 1.259358882904053e+00, 1.755091667175293e+00, 2.171700716018677e+00, 2.172694206237793e+00, -2.505551719877985e-06, -2.279939053551061e-06, -2.348598627577303e-06, -3.261710844526533e-06, -5.279416654957458e-06, -5.803304702567402e-06, -3.489941263978835e-06, -2.957361573407979e-07, 7.871608746767844e-12, -5.97525286138989e-07, -1.409769765814417e-06]
dpRetDuc.m_flow_nominal=[6.714048862457275e+00, 6.714048862457275e+00]
fanSup.m_flow=[2.172656369051063e-12, 2.437777197883406e-07, 2.487781500803976e-07, 2.205552789291687e-07, 1.883666982394061e-07, 1.355296035399078e-07, 9.641926368431086e-08, 1.112681857762255e-07, 1.310765327389163e-07, 1.402856213417181e-07, 1.639179032508764e-07, 1.256076131994632e-07, 3.812391996383667e+00, 3.814062118530273e+00, 3.814617872238159e+00, 3.814806938171387e+00, 3.814301013946533e+00, 3.813791751861572e+00, 3.347683191299438e+00, 2.371268510818481e+00, 2.368463516235352e+00, 2.366065740585327e+00, 1.923231244087219e+00, 1.655746698379517e+00, 1.655301690101624e+00, 1.654961466789246e+00, 1.654829978942871e+00, 1.655008673667908e+00, 1.65585196018219e+00, 1.567151665687561e+00, 1.270068526268005e+00, 1.264562129974365e+00, 1.037164568901062e+00, 9.78266716003418e-01, 9.782649278640747e-01, 9.78262722492218e-01, 9.78262722492218e-01, 1.074834823608398e+00, 1.817950010299683e+00, 2.01160454750061e+00, 2.095265898560683e-07, 2.287993368099706e-07, 6.960129184108155e-08, 1.601074606227826e-09, 1.784596914689018e-09, 1.059270431369441e-07, 1.954802399950495e-07, 2.418625797417917e-07, 2.63209187778557e-07, 2.319494996072535e-07, 2.172787816334676e-07, 1.984871573768032e-07, 1.318712037345904e-07, 2.752099419467413e-07, 2.437090529383568e-07, 2.455309129345554e-07, 2.759709900601596e-07, 1.162725880021763e-07, 1.016308104340169e-07, 1.260965802885039e-07, 7.226195748444297e-07, 2.826784282206063e-07, 3.793525695800781e+00, 3.795743942260742e+00, 3.804792881011963e+00, 3.80915379524231e+00, 3.811401844024658e+00, 3.812753200531006e+00, 2.370741367340088e+00, 2.368776082992554e+00, 2.367903470993042e+00, 2.367419719696045e+00, 2.366775274276733e+00, 2.277446746826172e+00, 2.009323120117188e+00, 2.009392976760864e+00, 2.009745597839355e+00, 2.009710073471069e+00, 1.129586219787598e+00, 9.782659411430359e-01, 9.782654643058777e-01, 9.782674312591553e-01, 9.782720804214478e-01, 9.782820343971252e-01, 1.005193710327148e+00, 1.480022311210632e+00, 1.372013211250305e+00, 1.892058849334717e+00, 2.368314266204834e+00, 2.367507934570312e+00, 2.185705483270795e-07, 2.016770110913058e-07, 2.133478744781314e-07, 3.192074586877425e-07, 4.982711061529699e-07, 5.0638601578612e-07, 2.317189853329182e-07, 1.42895277832622e-08, -2.785232764909717e-12, 8.508294513376313e-08, 1.30914727947129e-07]
fanSup.m_flow_nominal=[1.342809772491455e+01, 1.342809772491455e+01]
