last-generated=2020-03-09
statistics-initialization=
{
  "nonlinear": "1, 1, 1, 1, 1, 1, 1, 1, 1, 0, 1, 1, 0",
  "numerical Jacobians": "0"
}
statistics-simulation=
{
  "linear": "0, 0, 0",
  "nonlinear": "1, 1, 0, 1, 1, 1, 1, 0, 1, 1, 1, 1, 0, 1, 1, 1",
  "number of continuous time states": "36",
  "numerical Jacobians": "0"
}
time=[1.58112e+07, 1.6416e+07]
rooSinSpe.vol.T=[2.931499938964844e+02, 2.901217346191406e+02, 2.894354553222656e+02, 2.891847534179688e+02, 2.919067993164062e+02, 2.943965454101562e+02, 2.966376342773438e+02, 2.97046142578125e+02, 2.973168029785156e+02, 2.965737609863281e+02, 2.975501708984375e+02, 2.970431518554688e+02, 2.97067626953125e+02, 2.972960205078125e+02, 2.97088134765625e+02, 2.953320617675781e+02, 2.941253356933594e+02, 2.94507568359375e+02, 2.959963989257812e+02, 2.974607543945312e+02, 2.968508605957031e+02, 2.971683654785156e+02, 2.969259643554688e+02, 2.972940063476562e+02, 2.976683654785156e+02, 2.968239135742188e+02, 2.966713256835938e+02, 2.970855712890625e+02, 2.974146728515625e+02, 2.974391479492188e+02, 2.969170227050781e+02, 2.970155029296875e+02, 2.975654602050781e+02, 2.974887084960938e+02, 2.974818420410156e+02, 2.977723083496094e+02, 2.984167785644531e+02, 2.994053344726562e+02, 2.990123901367188e+02, 2.98464599609375e+02, 2.970677490234375e+02, 2.976096496582031e+02, 2.968733825683594e+02, 2.967973022460938e+02, 2.975328979492188e+02, 2.967944641113281e+02, 2.971417846679688e+02, 2.970642700195312e+02, 2.975478515625e+02, 2.97622802734375e+02, 2.991080932617188e+02, 2.99748291015625e+02, 2.996502075195312e+02, 2.9883154296875e+02, 2.975281677246094e+02, 2.968016662597656e+02, 2.958992614746094e+02, 2.969294738769531e+02, 2.97537353515625e+02, 2.966076965332031e+02, 2.970059814453125e+02, 2.966683959960938e+02, 2.970251159667969e+02, 2.976024780273438e+02, 2.976553649902344e+02, 2.966810913085938e+02, 2.968628845214844e+02, 2.975188598632812e+02, 2.968839416503906e+02, 2.971901550292969e+02, 2.971403198242188e+02, 2.97186279296875e+02, 2.970267639160156e+02, 2.962994689941406e+02, 2.954253845214844e+02, 2.961966552734375e+02, 2.972403259277344e+02, 2.967745361328125e+02, 2.972320861816406e+02, 2.9757373046875e+02, 2.969067077636719e+02, 2.969468994140625e+02, 2.967876892089844e+02, 2.970480651855469e+02, 2.976499938964844e+02, 2.976195678710938e+02, 2.969620971679688e+02, 2.973977355957031e+02, 2.971946105957031e+02, 2.966078491210938e+02, 2.969601745605469e+02, 2.966842651367188e+02, 2.967888488769531e+02, 2.967802429199219e+02, 2.973479309082031e+02, 2.970730590820312e+02, 2.965942993164062e+02, 2.975525207519531e+02, 2.956685180664062e+02, 2.929978332519531e+02, 2.914365539550781e+02]
rooMulSpe.vol.T=[2.931499938964844e+02, 2.901217346191406e+02, 2.894354553222656e+02, 2.891847534179688e+02, 2.919067993164062e+02, 2.943965454101562e+02, 2.966376342773438e+02, 2.965756225585938e+02, 2.964868774414062e+02, 2.963068237304688e+02, 2.963034362792969e+02, 2.963028259277344e+02, 2.964989624023438e+02, 2.968374328613281e+02, 2.966323852539062e+02, 2.953248291015625e+02, 2.941252136230469e+02, 2.94507568359375e+02, 2.959963989257812e+02, 2.964527282714844e+02, 2.968600158691406e+02, 2.969129638671875e+02, 2.967055358886719e+02, 2.966930847167969e+02, 2.970193176269531e+02, 2.968230285644531e+02, 2.965931091308594e+02, 2.965966186523438e+02, 2.9692431640625e+02, 2.967169799804688e+02, 2.966432800292969e+02, 2.966429138183594e+02, 2.964334716796875e+02, 2.965677795410156e+02, 2.969798889160156e+02, 2.97149658203125e+02, 2.977894897460938e+02, 2.988044738769531e+02, 2.9840283203125e+02, 2.978404846191406e+02, 2.964095153808594e+02, 2.968782043457031e+02, 2.9654296875e+02, 2.968181457519531e+02, 2.963722839355469e+02, 2.965746154785156e+02, 2.9629736328125e+02, 2.965644226074219e+02, 2.967232666015625e+02, 2.970008239746094e+02, 2.985200500488281e+02, 2.991807250976562e+02, 2.990827026367188e+02, 2.982316284179688e+02, 2.968067321777344e+02, 2.966383972167969e+02, 2.956841735839844e+02, 2.962843627929688e+02, 2.964257507324219e+02, 2.966978759765625e+02, 2.965721435546875e+02, 2.967492980957031e+02, 2.966715393066406e+02, 2.966568908691406e+02, 2.967771301269531e+02, 2.969135437011719e+02, 2.968567504882812e+02, 2.968540344238281e+02, 2.967324523925781e+02, 2.967865600585938e+02, 2.968630065917969e+02, 2.964393310546875e+02, 2.967046508789062e+02, 2.961236877441406e+02, 2.954203186035156e+02, 2.961965637207031e+02, 2.963719177246094e+02, 2.968849792480469e+02, 2.966962280273438e+02, 2.964736022949219e+02, 2.967199096679688e+02, 2.966509094238281e+02, 2.964148559570312e+02, 2.966047058105469e+02, 2.968094177246094e+02, 2.968771362304688e+02, 2.968432922363281e+02, 2.962964172363281e+02, 2.96660400390625e+02, 2.968665466308594e+02, 2.966732177734375e+02, 2.957589416503906e+02, 2.964880981445312e+02, 2.965209655761719e+02, 2.968516540527344e+02, 2.967344970703125e+02, 2.964002685546875e+02, 2.967049865722656e+02, 2.956556091308594e+02, 2.929975891113281e+02, 2.914365539550781e+02]
rooVarSpe.vol.T=[2.931499938964844e+02, 2.901217346191406e+02, 2.894354553222656e+02, 2.891847534179688e+02, 2.919067993164062e+02, 2.943965454101562e+02, 2.966376342773438e+02, 2.973358764648438e+02, 2.973520812988281e+02, 2.97349609375e+02, 2.973526306152344e+02, 2.973558044433594e+02, 2.973428344726562e+02, 2.973695373535156e+02, 2.970914611816406e+02, 2.953320922851562e+02, 2.941253356933594e+02, 2.94507568359375e+02, 2.959963989257812e+02, 2.973357849121094e+02, 2.975429382324219e+02, 2.976242065429688e+02, 2.978818664550781e+02, 2.979781494140625e+02, 2.9799560546875e+02, 2.978656005859375e+02, 2.977802734375e+02, 2.976677551269531e+02, 2.976527404785156e+02, 2.97550048828125e+02, 2.97512451171875e+02, 2.974744873046875e+02, 2.974143371582031e+02, 2.975860900878906e+02, 2.978133239746094e+02, 2.980675354003906e+02, 2.981270751953125e+02, 2.988056640625e+02, 2.9840283203125e+02, 2.980792846679688e+02, 2.978935546875e+02, 2.976974182128906e+02, 2.976744995117188e+02, 2.97544677734375e+02, 2.97544677734375e+02, 2.97363525390625e+02, 2.973278503417969e+02, 2.975340576171875e+02, 2.977674560546875e+02, 2.98031005859375e+02, 2.985287475585938e+02, 2.991807556152344e+02, 2.990827026367188e+02, 2.982316284179688e+02, 2.975071105957031e+02, 2.967704162597656e+02, 2.9585595703125e+02, 2.973074645996094e+02, 2.973501281738281e+02, 2.973282470703125e+02, 2.973725891113281e+02, 2.972989501953125e+02, 2.973729248046875e+02, 2.973336791992188e+02, 2.976378173828125e+02, 2.975634155273438e+02, 2.975307312011719e+02, 2.974232482910156e+02, 2.973498229980469e+02, 2.970574951171875e+02, 2.973478698730469e+02, 2.973478088378906e+02, 2.973550720214844e+02, 2.963040466308594e+02, 2.954254760742188e+02, 2.961966552734375e+02, 2.973487243652344e+02, 2.976039733886719e+02, 2.977494506835938e+02, 2.978128967285156e+02, 2.977977294921875e+02, 2.978846130371094e+02, 2.977869567871094e+02, 2.975448913574219e+02, 2.974017333984375e+02, 2.974017333984375e+02, 2.9731591796875e+02, 2.973200378417969e+02, 2.97306640625e+02, 2.973762817382812e+02, 2.973457641601562e+02, 2.966431274414062e+02, 2.973319396972656e+02, 2.973144836425781e+02, 2.973413696289062e+02, 2.970850219726562e+02, 2.973518676757812e+02, 2.973118896484375e+02, 2.956648559570312e+02, 2.929977416992188e+02, 2.914365539550781e+02]
weaDat.weaBus.TDryBul=[2.875499877929688e+02, 2.859917907714844e+02, 2.851544189453125e+02, 2.854028625488281e+02, 2.887801818847656e+02, 2.907900085449219e+02, 2.933236999511719e+02, 2.963230285644531e+02, 2.971455688476562e+02, 2.970499877929688e+02, 2.970499877929688e+02, 2.970220031738281e+02, 2.951740112304688e+02, 2.938283996582031e+02, 2.928380126953125e+02, 2.908167724609375e+02, 2.898629150390625e+02, 2.906793823242188e+02, 2.926691589355469e+02, 2.963241577148438e+02, 2.991700134277344e+02, 2.999359436035156e+02, 3.025074157714844e+02, 3.034008483886719e+02, 3.036030883789062e+02, 3.020499877929688e+02, 3.011135864257812e+02, 2.998500061035156e+02, 2.998448486328125e+02, 2.9875e+02, 2.985387878417969e+02, 2.981499938964844e+02, 2.971109924316406e+02, 2.992169799804688e+02, 3.016056213378906e+02, 3.039719543457031e+02, 3.047843017578125e+02, 3.060049133300781e+02, 3.049792175292969e+02, 3.043008728027344e+02, 3.023299865722656e+02, 3.003797912597656e+02, 3.003500061035156e+02, 2.9925e+02, 2.9925e+02, 2.957225341796875e+02, 2.951087341308594e+02, 2.986834106445312e+02, 3.008953247070312e+02, 3.030986022949219e+02, 3.048500061035156e+02, 3.057769470214844e+02, 3.053533020019531e+02, 3.042118530273438e+02, 2.97881591796875e+02, 2.937292175292969e+02, 2.915068054199219e+02, 2.941919555664062e+02, 2.940217895507812e+02, 2.942686462402344e+02, 2.938259887695312e+02, 2.939751892089844e+02, 2.950067749023438e+02, 2.962919921875e+02, 3.016423034667969e+02, 3.002219543457031e+02, 2.998934326171875e+02, 2.97754638671875e+02, 2.964359436035156e+02, 2.959807434082031e+02, 2.952962036132812e+02, 2.94219482421875e+02, 2.937919311523438e+02, 2.918274230957031e+02, 2.911344299316406e+02, 2.931499938964844e+02, 2.944314270019531e+02, 2.988534851074219e+02, 3.003846435546875e+02, 3.009917297363281e+02, 3.00570556640625e+02, 3.014441528320312e+02, 3.005043334960938e+02, 2.986984252929688e+02, 2.964500122070312e+02, 2.964500122070312e+02, 2.948219909667969e+02, 2.943235473632812e+02, 2.943137512207031e+02, 2.946039428710938e+02, 2.948500061035156e+02, 2.9254345703125e+02, 2.943812561035156e+02, 2.950782470703125e+02, 2.964295654296875e+02, 2.961514892578125e+02, 2.957510070800781e+02, 2.93207275390625e+02, 2.909635925292969e+02, 2.884480895996094e+02, 2.870499877929688e+02]
rooSinSpe.vol.Xi[1]=[9.999999776482582e-03, 8.491280488669872e-03, 8.055155165493488e-03, 7.528989110141993e-03, 8.147278800606728e-03, 7.8685088083148e-03, 7.909165695309639e-03, 7.076944224536419e-03, 8.363514207303524e-03, 7.989670149981976e-03, 8.957383222877979e-03, 9.248753078281879e-03, 9.645532816648483e-03, 9.197243489325047e-03, 9.254228323698044e-03, 8.189513348042965e-03, 9.030623361468315e-03, 1.016542129218578e-02, 1.099788025021553e-02, 1.185198593884706e-02, 1.174349430948496e-02, 1.273400988429785e-02, 1.147840917110443e-02, 1.167004927992821e-02, 1.153563801199198e-02, 1.181034650653601e-02, 1.207344606518745e-02, 1.322656031697989e-02, 1.403974369168282e-02, 1.411921344697475e-02, 1.279951725155115e-02, 1.241622027009726e-02, 1.436647400259972e-02, 1.397368032485247e-02, 1.292408723384142e-02, 1.219591964036226e-02, 1.196441054344177e-02, 1.205820124596357e-02, 1.21256560087204e-02, 1.187143381685019e-02, 1.182704977691174e-02, 1.378718204796314e-02, 1.196738705039024e-02, 1.157717127352953e-02, 1.288409810513258e-02, 1.296437345445156e-02, 1.376073714345694e-02, 1.315895095467567e-02, 1.385183166712523e-02, 1.301309745758772e-02, 1.32024148479104e-02, 1.316506788134575e-02, 1.331885438412428e-02, 1.276877894997597e-02, 1.453009713441133e-02, 1.482720300555229e-02, 1.268089935183525e-02, 1.472696289420128e-02, 1.475368440151215e-02, 1.426938828080893e-02, 1.467063557356596e-02, 1.341990008950233e-02, 1.287387497723103e-02, 1.177374832332134e-02, 9.698424488306046e-03, 9.410406462848186e-03, 9.152142331004143e-03, 1.182902324944735e-02, 1.237101666629314e-02, 1.101711206138134e-02, 1.025249622762203e-02, 1.162338629364967e-02, 1.360416412353516e-02, 1.32818128913641e-02, 1.27221317961812e-02, 1.413528900593519e-02, 1.553594321012497e-02, 1.376658957451582e-02, 1.44277261570096e-02, 1.426492910832167e-02, 1.360888592898846e-02, 1.332139410078526e-02, 1.340223476290703e-02, 1.361129060387611e-02, 1.700459979474545e-02, 1.687506400048733e-02, 1.565653830766678e-02, 1.55831053853035e-02, 1.467100158333778e-02, 1.3573057949543e-02, 1.454237755388021e-02, 1.257042586803436e-02, 1.19458818808198e-02, 1.17170549929142e-02, 1.17018586024642e-02, 1.073456276208162e-02, 8.905323222279549e-03, 7.661666721105576e-03, 7.89288803935051e-03, 8.874141611158848e-03, 8.522684685885906e-03]
rooMulSpe.vol.Xi[1]=[9.999999776482582e-03, 8.491280488669872e-03, 8.055155165493488e-03, 7.528989110141993e-03, 8.147278800606728e-03, 7.8685088083148e-03, 7.909165695309639e-03, 7.017693948000669e-03, 8.105234242975712e-03, 8.15412774682045e-03, 8.386622183024883e-03, 8.784590288996696e-03, 9.505685418844223e-03, 9.528527967631817e-03, 9.277875535190105e-03, 8.189513348042965e-03, 9.030623361468315e-03, 1.016542129218578e-02, 1.099788025021553e-02, 1.128412876278162e-02, 1.256722770631313e-02, 1.269523613154888e-02, 1.148565206676722e-02, 1.131929829716682e-02, 1.118196919560432e-02, 1.23846186324954e-02, 1.223030872642994e-02, 1.305358950048685e-02, 1.357016339898109e-02, 1.354158762842417e-02, 1.272089220583439e-02, 1.262139435857534e-02, 1.305179856717587e-02, 1.288175489753485e-02, 1.285301707684994e-02, 1.183697767555714e-02, 1.160850562155247e-02, 1.170620042830706e-02, 1.176988892257214e-02, 1.151569932699203e-02, 1.146783120930195e-02, 1.299982704222202e-02, 1.203762553632259e-02, 1.210772152990103e-02, 1.131223235279322e-02, 1.319128461182117e-02, 1.292681135237217e-02, 1.298969797790051e-02, 1.288661267608404e-02, 1.264295540750027e-02, 1.283975690603256e-02, 1.280845422297716e-02, 1.295962557196617e-02, 1.240600552409887e-02, 1.38112623244524e-02, 1.486854162067175e-02, 1.271977741271257e-02, 1.373860239982605e-02, 1.446270942687988e-02, 1.535651087760925e-02, 1.475730538368225e-02, 1.353010348975658e-02, 1.281077973544598e-02, 1.137394458055496e-02, 9.152988903224468e-03, 1.031195651739836e-02, 9.958888404071331e-03, 1.160841062664986e-02, 1.276076771318913e-02, 1.10443439334631e-02, 1.078679878264666e-02, 1.151614729315042e-02, 1.362708210945129e-02, 1.330145820975304e-02, 1.272229757159948e-02, 1.413528993725777e-02, 1.46134290844202e-02, 1.477673463523388e-02, 1.354142464697361e-02, 1.277478225529194e-02, 1.379791740328074e-02, 1.349251065403223e-02, 1.321176532655954e-02, 1.325493212789297e-02, 1.598231494426727e-02, 1.611858792603016e-02, 1.579692773520947e-02, 1.445583999156952e-02, 1.470869034528732e-02, 1.531031355261803e-02, 1.461688708513975e-02, 1.290039345622063e-02, 1.179217919707298e-02, 1.171507034450769e-02, 1.164689473807812e-02, 1.075029652565718e-02, 9.135010652244091e-03, 7.709772326052189e-03, 7.892883382737637e-03, 8.874141611158848e-03, 8.522684685885906e-03]
rooVarSpe.vol.Xi[1]=[9.999999776482582e-03, 8.491280488669872e-03, 8.055155165493488e-03, 7.528989110141993e-03, 8.147278800606728e-03, 7.8685088083148e-03, 7.909165695309639e-03, 6.951605435460806e-03, 7.647456135600805e-03, 7.943144999444485e-03, 8.170376531779766e-03, 8.494234643876553e-03, 9.478691034018993e-03, 9.461876004934311e-03, 9.254314005374908e-03, 8.189513348042965e-03, 9.030623361468315e-03, 1.016542129218578e-02, 1.099788025021553e-02, 1.091080810874701e-02, 1.176175195723772e-02, 1.213980838656425e-02, 1.20576499029994e-02, 1.197096984833479e-02, 1.169932447373867e-02, 1.244397275149822e-02, 1.290067937225103e-02, 1.361307222396135e-02, 1.323527656495571e-02, 1.342265494167805e-02, 1.252424251288176e-02, 1.20852580294013e-02, 1.303657796233892e-02, 1.318692415952682e-02, 1.265351381152868e-02, 1.224074233323336e-02, 1.174534764140844e-02, 1.170630007982254e-02, 1.176988892257214e-02, 1.170649658888578e-02, 1.234313752502203e-02, 1.286293659359217e-02, 1.244632061570883e-02, 1.13788666203618e-02, 1.137649267911911e-02, 1.353731658309698e-02, 1.341426372528076e-02, 1.314185652881861e-02, 1.337236352264881e-02, 1.321342028677464e-02, 1.284051965922117e-02, 1.280845701694489e-02, 1.295962557196617e-02, 1.240600552409887e-02, 1.360667031258345e-02, 1.484240405261517e-02, 1.268733665347099e-02, 1.445646677166224e-02, 1.471492182463408e-02, 1.523612905293703e-02, 1.457476615905762e-02, 1.324704568833113e-02, 1.266858540475368e-02, 1.069578249007463e-02, 8.096375502645969e-03, 8.974209427833557e-03, 8.559580892324448e-03, 1.027038879692554e-02, 1.158071961253881e-02, 1.154762599617243e-02, 1.066471263766289e-02, 1.151395961642265e-02, 1.350634265691042e-02, 1.328172162175179e-02, 1.27221317961812e-02, 1.413528900593519e-02, 1.523444056510925e-02, 1.48214427754283e-02, 1.421363465487957e-02, 1.384360436350107e-02, 1.459463126957417e-02, 1.404308248311281e-02, 1.443035528063774e-02, 1.332167070358992e-02, 1.600464433431625e-02, 1.600879058241844e-02, 1.565561629831791e-02, 1.561105623841286e-02, 1.446173246949911e-02, 1.507609151303768e-02, 1.452468708157539e-02, 1.25852394849062e-02, 1.17096733301878e-02, 1.159099396318197e-02, 1.065597683191299e-02, 1.116572692990303e-02, 9.269454516470432e-03, 7.675883360207081e-03, 7.892887108027935e-03, 8.874141611158848e-03, 8.522684685885906e-03]
sinSpePow.y=[0e+00, 0e+00, 0e+00, 0e+00, 0e+00, 0e+00, 0e+00, 1.795330375e+06, 4.901439e+06, 8.0305695e+06, 1.0854556e+07, 1.4371103e+07, 1.6646874e+07, 1.7611378e+07, 1.7812164e+07, 1.7812164e+07, 1.7812164e+07, 1.7812164e+07, 1.7812164e+07, 1.930907e+07, 2.4455326e+07, 3.370146e+07, 4.6405092e+07, 6.4428064e+07, 8.2600096e+07, 1.00647256e+08, 1.16347344e+08, 1.29324008e+08, 1.41060064e+08, 1.51129536e+08, 1.59531712e+08, 1.65017056e+08, 1.7071824e+08, 1.77640944e+08, 1.90173504e+08, 2.08260768e+08, 2.26713616e+08, 2.45403072e+08, 2.64124528e+08, 2.8269232e+08, 3.00848608e+08, 3.15601152e+08, 3.28018688e+08, 3.37477536e+08, 3.44264416e+08, 3.4809632e+08, 3.49180192e+08, 3.53599296e+08, 3.64494112e+08, 3.82746016e+08, 4.01485568e+08, 4.2047296e+08, 4.39518784e+08, 4.5837824e+08, 4.75689248e+08, 4.7705008e+08, 4.7705008e+08, 4.7756192e+08, 4.78106624e+08, 4.79188672e+08, 4.79743616e+08, 4.80220224e+08, 4.81206752e+08, 4.8334448e+08, 4.88540288e+08, 4.96215296e+08, 5.01375392e+08, 5.05689312e+08, 5.08738208e+08, 5.10834592e+08, 5.13025344e+08, 5.14091136e+08, 5.1502208e+08, 5.1502208e+08, 5.1502208e+08, 5.1502208e+08, 5.15556544e+08, 5.2232688e+08, 5.34315584e+08, 5.5003008e+08, 5.66013056e+08, 5.84352448e+08, 6.01944448e+08, 6.13309376e+08, 6.21755072e+08, 6.28323072e+08, 6.33095104e+08, 6.33095104e+08, 6.34221056e+08, 6.35331776e+08, 6.36476032e+08, 6.37040832e+08, 6.37481024e+08, 6.3889824e+08, 6.409712e+08, 6.43586112e+08, 6.45901184e+08, 6.46660416e+08, 6.46660416e+08, 6.46660416e+08, 6.46660416e+08]
varSpePow.y=[0e+00, 0e+00, 0e+00, 0e+00, 0e+00, 0e+00, 0e+00, 7.576691875e+05, 2.47645025e+06, 3.590176e+06, 5.455591e+06, 7.7342825e+06, 8.49585e+06, 8.838579e+06, 8.893341e+06, 8.893341e+06, 8.893341e+06, 8.893341e+06, 8.893341e+06, 9.676663e+06, 1.3776188e+07, 2.2286644e+07, 3.3231166e+07, 4.847646e+07, 6.5513844e+07, 8.1107256e+07, 9.439456e+07, 1.05610416e+08, 1.15605856e+08, 1.2379236e+08, 1.30657112e+08, 1.35774592e+08, 1.408312e+08, 1.46330944e+08, 1.56936688e+08, 1.72292224e+08, 1.91355808e+08, 2.1200912e+08, 2.32724208e+08, 2.53022352e+08, 2.69505984e+08, 2.82350112e+08, 2.92801888e+08, 3.01436704e+08, 3.08276736e+08, 3.1179872e+08, 3.12151264e+08, 3.15300704e+08, 3.2459152e+08, 3.39813312e+08, 3.60168768e+08, 3.81309856e+08, 4.02512672e+08, 4.23468032e+08, 4.41049248e+08, 4.41845408e+08, 4.41845408e+08, 4.41983744e+08, 4.4230128e+08, 4.42557184e+08, 4.42811136e+08, 4.42967296e+08, 4.43388192e+08, 4.44886208e+08, 4.4992016e+08, 4.58285408e+08, 4.64608928e+08, 4.69736224e+08, 4.72278272e+08, 4.73649408e+08, 4.74385728e+08, 4.74799744e+08, 4.7509824e+08, 4.75117056e+08, 4.75117056e+08, 4.75117056e+08, 4.75308096e+08, 4.79692544e+08, 4.8928272e+08, 5.02402656e+08, 5.15334912e+08, 5.29792832e+08, 5.43939008e+08, 5.5350816e+08, 5.59739776e+08, 5.63146112e+08, 5.65382016e+08, 5.65443648e+08, 5.6584352e+08, 5.661744e+08, 5.66744576e+08, 5.67049472e+08, 5.67170688e+08, 5.67726144e+08, 5.6895936e+08, 5.70569664e+08, 5.71200832e+08, 5.71607232e+08, 5.71607232e+08, 5.71607232e+08, 5.71607232e+08]
mulSpePow.y=[0e+00, 0e+00, 0e+00, 0e+00, 0e+00, 0e+00, 0e+00, 2.3117035e+06, 5.9874825e+06, 9.371507e+06, 1.2931115e+07, 1.6721673e+07, 1.927128e+07, 2.0494072e+07, 2.116965e+07, 2.116965e+07, 2.116965e+07, 2.116965e+07, 2.116965e+07, 2.3301724e+07, 2.8785416e+07, 3.9451956e+07, 5.3258588e+07, 7.2360432e+07, 9.2384928e+07, 1.1152788e+08, 1.2825912e+08, 1.42674448e+08, 1.55603968e+08, 1.66963456e+08, 1.76467328e+08, 1.83125392e+08, 1.9044208e+08, 1.98572848e+08, 2.12088336e+08, 2.31231632e+08, 2.51623456e+08, 2.72302848e+08, 2.9301792e+08, 3.1355584e+08, 3.33556544e+08, 3.49277536e+08, 3.62681536e+08, 3.73199872e+08, 3.8173664e+08, 3.86214784e+08, 3.87843072e+08, 3.9296272e+08, 4.05231968e+08, 4.2457952e+08, 4.45396576e+08, 4.66537536e+08, 4.87740352e+08, 5.08695712e+08, 5.27939456e+08, 5.29876928e+08, 5.29876928e+08, 5.30788864e+08, 5.3206944e+08, 5.33030304e+08, 5.343536e+08, 5.346392e+08, 5.36117664e+08, 5.38914112e+08, 5.4459776e+08, 5.52957888e+08, 5.59137984e+08, 5.64222528e+08, 5.67433344e+08, 5.6967136e+08, 5.72106944e+08, 5.73676032e+08, 5.74809152e+08, 5.75090432e+08, 5.75090432e+08, 5.75090432e+08, 5.76355584e+08, 5.83824832e+08, 5.97454208e+08, 6.14559104e+08, 6.31260096e+08, 6.50188608e+08, 6.686864e+08, 6.81268672e+08, 6.91232e+08, 6.99028032e+08, 7.04884544e+08, 7.0658944e+08, 7.07916992e+08, 7.08886912e+08, 7.10939008e+08, 7.11942016e+08, 7.12478656e+08, 7.1420384e+08, 7.16730176e+08, 7.19618304e+08, 7.22220288e+08, 7.23617152e+08, 7.23617152e+08, 7.23617152e+08, 7.23617152e+08]
