last-generated=2020-03-09
statistics-initialization=
{
  "linear": "2, 2",
  "nonlinear": "4, 4",
  "numerical Jacobians": "0"
}
statistics-simulation=
{
  "linear": "0, 0, 0, 0",
  "nonlinear": "3, 3, 1",
  "number of continuous time states": "14",
  "numerical Jacobians": "0"
}
time=[0e+00, 1.2096e+06]
conExt[1].opa.T[1]=[2.931499938964844e+02, 2.615614318847656e+02, 2.620180053710938e+02, 2.891540222167969e+02, 2.765855712890625e+02, 2.714514465332031e+02, 2.71388427734375e+02, 2.701156005859375e+02, 2.684232482910156e+02, 2.711299133300781e+02, 2.759644470214844e+02, 2.787994689941406e+02, 2.737444458007812e+02, 2.734846496582031e+02, 2.726460266113281e+02, 2.727828674316406e+02, 2.706956176757812e+02, 2.722665100097656e+02, 2.754572143554688e+02, 2.721070251464844e+02, 2.697515869140625e+02, 2.697835998535156e+02, 2.697641296386719e+02, 2.692807006835938e+02, 2.725595092773438e+02, 2.764497375488281e+02, 2.7355126953125e+02, 2.679447937011719e+02, 2.675336303710937e+02, 2.651751708984375e+02, 2.603384704589844e+02, 2.655526123046875e+02, 2.96608154296875e+02, 2.827911071777344e+02, 2.664810791015625e+02, 2.631866149902344e+02, 2.606628723144531e+02, 2.577577819824219e+02, 2.592630615234375e+02, 2.74848876953125e+02, 2.677291564941406e+02, 2.566468811035156e+02, 2.529482269287109e+02, 2.528804473876953e+02, 2.513712158203125e+02, 2.508779296875e+02, 2.890283203125e+02, 2.892800598144531e+02, 2.55705322265625e+02, 2.528437194824219e+02, 2.518710327148438e+02, 2.508121643066406e+02, 2.503306274414062e+02, 2.82773193359375e+02, 2.89657958984375e+02, 2.631833190917969e+02, 2.621227111816406e+02, 2.628623657226562e+02, 2.631425476074219e+02, 2.632319030761719e+02, 2.783782653808594e+02, 2.895364074707031e+02, 2.7436376953125e+02, 2.72702392578125e+02, 2.718865051269531e+02, 2.712309875488281e+02, 2.7046630859375e+02, 2.874081115722656e+02, 3.027822875976562e+02, 2.807740173339847e+02, 2.669727478027344e+02, 2.678869934082031e+02, 2.691680297851562e+02, 2.693000793457031e+02, 2.706234741210938e+02, 2.938194274902344e+02, 2.908416442871094e+02, 2.739931640625e+02, 2.735643920898438e+02, 2.726151733398438e+02, 2.747215576171875e+02, 2.767219848632814e+02, 2.787040100097656e+02, 2.772391662597656e+02, 2.71519775390625e+02, 2.650045776367188e+02, 2.62147705078125e+02, 2.618402404785156e+02, 2.626465148925781e+02, 2.922582397460938e+02, 2.795326843261719e+02, 2.641733093261719e+02, 2.653433227539062e+02, 2.656718139648438e+02, 2.682788391113281e+02, 2.672151489257812e+02, 2.718290710449219e+02, 2.957077331542969e+02, 2.6584521484375e+02, 2.631725158691406e+02, 2.574440002441406e+02]
conExt[1].opa.T[2]=[2.931499938964844e+02, 2.769682922363281e+02, 2.770808410644531e+02, 2.878429565429688e+02, 2.855260314941406e+02, 2.82037109375e+02, 2.814306945800781e+02, 2.810498046875e+02, 2.800833129882812e+02, 2.811652526855469e+02, 2.830385131835938e+02, 2.850799865722656e+02, 2.827298889160156e+02, 2.822138061523438e+02, 2.823979187011719e+02, 2.819012451171875e+02, 2.81190185546875e+02, 2.812270812988281e+02, 2.830905456542969e+02, 2.819903869628906e+02, 2.803327026367188e+02, 2.803060913085938e+02, 2.802684020996094e+02, 2.800101013183594e+02, 2.811785278320312e+02, 2.83412109375e+02, 2.826863708496094e+02, 2.796409912109375e+02, 2.792529296875e+02, 2.776923522949219e+02, 2.762518005371094e+02, 2.756876831054688e+02, 2.921949462890625e+02, 2.892906799316406e+02, 2.789199523925781e+02, 2.771578369140625e+02, 2.758432922363281e+02, 2.742659301757812e+02, 2.740588684082031e+02, 2.847120666503906e+02, 2.782893981933594e+02, 2.740192565917969e+02, 2.716715393066406e+02, 2.713731689453125e+02, 2.70589599609375e+02, 2.69624267578125e+02, 2.871365966796875e+02, 2.90586669921875e+02, 2.749319458007812e+02, 2.714873046875e+02, 2.708045043945312e+02, 2.700581970214844e+02, 2.697090454101562e+02, 2.836227722167969e+02, 2.898591003417969e+02, 2.791991271972656e+02, 2.757941284179688e+02, 2.76318359375e+02, 2.762442932128906e+02, 2.764172973632812e+02, 2.82117431640625e+02, 2.897744445800781e+02, 2.842264709472656e+02, 2.811087341308594e+02, 2.812080383300781e+02, 2.807482604980469e+02, 2.808251342773438e+02, 2.859778442382812e+02, 2.965365905761719e+02, 2.888287658691408e+02, 2.793166198730469e+02, 2.791345520019531e+02, 2.795786437988281e+02, 2.800229187011719e+02, 2.801219787597656e+02, 2.905664672851562e+02, 2.928106994628906e+02, 2.824842224121094e+02, 2.824726257324219e+02, 2.817045593261719e+02, 2.828728942871094e+02, 2.830323486328126e+02, 2.8458642578125e+02, 2.846866455078125e+02, 2.816551208496094e+02, 2.781897277832031e+02, 2.7647216796875e+02, 2.763074645996094e+02, 2.758170776367188e+02, 2.898014831542969e+02, 2.851745910644531e+02, 2.77515625e+02, 2.778283386230469e+02, 2.78089111328125e+02, 2.791159973144531e+02, 2.784632568359375e+02, 2.809263916015625e+02, 2.9138330078125e+02, 2.799534301757812e+02, 2.77177001953125e+02, 2.744828186035156e+02]
conExt[1].opa.T[3]=[2.931499938964844e+02, 2.927640686035156e+02, 2.924400939941406e+02, 2.922835083007812e+02, 2.923435668945312e+02, 2.922006225585938e+02, 2.920354309082031e+02, 2.918990478515625e+02, 2.917512512207031e+02, 2.916311950683594e+02, 2.915581665039062e+02, 2.915529479980469e+02, 2.915179443359375e+02, 2.914443054199219e+02, 2.913993530273438e+02, 2.913391418457031e+02, 2.912838439941406e+02, 2.912079162597656e+02, 2.911935424804688e+02, 2.911824340820312e+02, 2.911093139648438e+02, 2.910440673828125e+02, 2.909882507324219e+02, 2.90935302734375e+02, 2.908936462402344e+02, 2.909171447753906e+02, 2.909461059570312e+02, 2.909000854492188e+02, 2.908263244628906e+02, 2.907385864257812e+02, 2.906502990722656e+02, 2.904950256347656e+02, 2.906713256835938e+02, 2.909615783691406e+02, 2.908951110839844e+02, 2.907744445800781e+02, 2.906519775390625e+02, 2.905186157226562e+02, 2.90374267578125e+02, 2.904558715820312e+02, 2.904452819824219e+02, 2.903566284179688e+02, 2.901817016601562e+02, 2.900220947265625e+02, 2.898712768554688e+02, 2.8971337890625e+02, 2.898157348632812e+02, 2.901781616210938e+02, 2.902373657226562e+02, 2.900280456542969e+02, 2.898607482910156e+02, 2.897081298828125e+02, 2.895681457519531e+02, 2.896144409179688e+02, 2.899489135742188e+02, 2.901231079101562e+02, 2.900163269042969e+02, 2.899687805175781e+02, 2.899355163574219e+02, 2.899133605957031e+02, 2.899421081542969e+02, 2.901885375976562e+02, 2.903953552246094e+02, 2.903923645019531e+02, 2.904224853515625e+02, 2.904389038085938e+02, 2.904603271484375e+02, 2.904907836914062e+02, 2.908390502929688e+02, 2.911059875488281e+02, 2.910057678222656e+02, 2.908916320800781e+02, 2.908256530761719e+02, 2.907937316894531e+02, 2.907552795410156e+02, 2.908539733886719e+02, 2.911458129882812e+02, 2.911474914550781e+02, 2.911084594726562e+02, 2.910735778808594e+02, 2.910621643066406e+02, 2.910514831542969e+02, 2.910875549316406e+02, 2.911347351074219e+02, 2.911131286621094e+02, 2.910156860351562e+02, 2.908828430175781e+02, 2.907561645507812e+02, 2.906278991699219e+02, 2.907257995605469e+02, 2.909355773925781e+02, 2.908350830078125e+02, 2.907210388183594e+02, 2.906520080566406e+02, 2.905940856933594e+02, 2.905507507324219e+02, 2.905508117675781e+02, 2.906443176269531e+02, 2.907744445800781e+02, 2.906485290527344e+02, 2.905233459472656e+02]
conExt[1].opa.T[4]=[2.931499938964844e+02, 2.930095520019531e+02, 2.92763916015625e+02, 2.925512084960938e+02, 2.925050354003906e+02, 2.924337463378906e+02, 2.923185424804688e+02, 2.922001342773438e+02, 2.920807800292969e+02, 2.919659729003906e+02, 2.91878662109375e+02, 2.918345336914062e+02, 2.918107299804688e+02, 2.917642211914062e+02, 2.917184143066406e+02, 2.916726989746094e+02, 2.916268615722656e+02, 2.915705261230469e+02, 2.915323791503906e+02, 2.915166931152344e+02, 2.914798889160156e+02, 2.914287719726562e+02, 2.913793640136719e+02, 2.913332214355469e+02, 2.912903137207031e+02, 2.912771606445312e+02, 2.912915649414062e+02, 2.912853698730469e+02, 2.912427368164062e+02, 2.911852722167969e+02, 2.911172180175781e+02, 2.910174255371094e+02, 2.910046081542969e+02, 2.911716918945312e+02, 2.912500610351562e+02, 2.91210205078125e+02, 2.91130859375e+02, 2.910333557128906e+02, 2.90920654296875e+02, 2.908740234375e+02, 2.908907470703125e+02, 2.908586730957031e+02, 2.907603454589844e+02, 2.9063525390625e+02, 2.905095825195312e+02, 2.903811950683594e+02, 2.903230590820312e+02, 2.904869995117188e+02, 2.906460266113281e+02, 2.906045837402344e+02, 2.904935913085938e+02, 2.903709411621094e+02, 2.902498779296875e+02, 2.901805725097656e+02, 2.903125e+02, 2.904982604980469e+02, 2.905301513671875e+02, 2.905064086914062e+02, 2.904794921875e+02, 2.904562377929688e+02, 2.904471740722656e+02, 2.905440063476562e+02, 2.907147521972656e+02, 2.907959594726562e+02, 2.908353576660156e+02, 2.908608703613281e+02, 2.908800048828125e+02, 2.908942260742188e+02, 2.910368957519531e+02, 2.912685852050781e+02, 2.913456420898438e+02, 2.913039855957031e+02, 2.912478637695312e+02, 2.912062683105469e+02, 2.911719055175781e+02, 2.911770324707031e+02, 2.913228454589844e+02, 2.914320373535156e+02, 2.91440673828125e+02, 2.91427001953125e+02, 2.914096984863281e+02, 2.913999328613281e+02, 2.914081726074219e+02, 2.91435546875e+02, 2.914477233886719e+02, 2.914110717773438e+02, 2.913294372558594e+02, 2.91229248046875e+02, 2.911253967285156e+02, 2.910859680175781e+02, 2.912039794921875e+02, 2.912322082519531e+02, 2.911712951660156e+02, 2.911078796386719e+02, 2.910508117675781e+02, 2.91008544921875e+02, 2.909821472167969e+02, 2.909971618652344e+02, 2.911049194335938e+02, 2.910907592773438e+02, 2.910210876464844e+02]
conExt[1].opa.T[5]=[2.931499938964844e+02, 2.930679016113281e+02, 2.928572387695312e+02, 2.926493530273438e+02, 2.925747680664062e+02, 2.925224914550781e+02, 2.924261474609375e+02, 2.923184814453125e+02, 2.922117309570312e+02, 2.921051330566406e+02, 2.920196838378906e+02, 2.919691772460938e+02, 2.919470825195312e+02, 2.919097595214844e+02, 2.918665466308594e+02, 2.918262939453125e+02, 2.917847900390625e+02, 2.917364196777344e+02, 2.916956176757812e+02, 2.916783752441406e+02, 2.916515197753906e+02, 2.9160693359375e+02, 2.915617065429688e+02, 2.915194396972656e+02, 2.91479248046875e+02, 2.91458984375e+02, 2.91468017578125e+02, 2.914698791503906e+02, 2.914377136230469e+02, 2.913897705078125e+02, 2.913297729492188e+02, 2.912484741210938e+02, 2.912012329101562e+02, 2.913234252929688e+02, 2.914264526367188e+02, 2.914099731445312e+02, 2.913453979492188e+02, 2.912611389160156e+02, 2.911622314453125e+02, 2.9109423828125e+02, 2.911094665527344e+02, 2.91091064453125e+02, 2.910164794921875e+02, 2.90906982421875e+02, 2.907936401367188e+02, 2.906785888671875e+02, 2.905960388183594e+02, 2.907006530761719e+02, 2.90863525390625e+02, 2.908669738769531e+02, 2.907769775390625e+02, 2.906679382324219e+02, 2.905577392578125e+02, 2.904730529785156e+02, 2.905489807128906e+02, 2.90718505859375e+02, 2.907828063964844e+02, 2.907679748535156e+02, 2.907440795898438e+02, 2.907218933105469e+02, 2.907077026367188e+02, 2.907667236328125e+02, 2.909137573242188e+02, 2.9101025390625e+02, 2.910509948730469e+02, 2.910773010253906e+02, 2.9109521484375e+02, 2.9110791015625e+02, 2.911986083984375e+02, 2.914017028808594e+02, 2.915135498046875e+02, 2.91494384765625e+02, 2.914444580078125e+02, 2.914028625488281e+02, 2.9137109375e+02, 2.913599243164062e+02, 2.914615173339844e+02, 2.915833129882812e+02, 2.916056518554688e+02, 2.915978088378906e+02, 2.915810546875e+02, 2.915717468261719e+02, 2.915736389160156e+02, 2.915945739746094e+02, 2.916122436523438e+02, 2.915908508300781e+02, 2.915258483886719e+02, 2.914378662109375e+02, 2.913451232910156e+02, 2.912835083007812e+02, 2.913655700683594e+02, 2.914198913574219e+02, 2.913776550292969e+02, 2.913193664550781e+02, 2.912661743164062e+02, 2.912255554199219e+02, 2.911957092285156e+02, 2.911971130371094e+02, 2.912836608886719e+02, 2.912979431152344e+02, 2.912449645996094e+02]
conExt[1].win.glaUns.glass_a.T=[2.668628540039062e+02, 2.682950439453125e+02, 2.6790869140625e+02, 2.693366394042969e+02, 2.742868041992188e+02, 2.785523071289062e+02, 2.760574645996094e+02, 2.750151672363281e+02, 2.736134338378906e+02, 2.755870361328125e+02, 2.765643310546875e+02, 2.808306884765625e+02, 2.764461669921875e+02, 2.771122436523438e+02, 2.800201721191406e+02, 2.757452697753906e+02, 2.737127075195312e+02, 2.718279113769531e+02, 2.736545104980469e+02, 2.756278076171875e+02, 2.746340637207031e+02, 2.736282348632812e+02, 2.732839965820312e+02, 2.731293029785156e+02, 2.738238220214844e+02, 2.753943481445312e+02, 2.754834289550781e+02, 2.708965759277344e+02, 2.702957153320312e+02, 2.692131958007812e+02, 2.650890197753906e+02, 2.629049377441406e+02, 2.673362731933594e+02, 2.710544738769531e+02, 2.702544860839844e+02, 2.677218627929688e+02, 2.65465576171875e+02, 2.641304321289062e+02, 2.634749450683594e+02, 2.653515319824219e+02, 2.669209594726562e+02, 2.634942626953125e+02, 2.617705078125e+02, 2.594702758789062e+02, 2.583834838867188e+02, 2.587947387695312e+02, 2.615979309082031e+02, 2.639088134765625e+02, 2.610055541992188e+02, 2.61026611328125e+02, 2.609654846191406e+02, 2.601822509765625e+02, 2.605661010742188e+02, 2.635164184570312e+02, 2.659238586425781e+02, 2.672671203613281e+02, 2.673955993652344e+02, 2.671102600097656e+02, 2.674930725097656e+02, 2.675958862304688e+02, 2.707525329589844e+02, 2.753520202636719e+02, 2.759893493652344e+02, 2.758988952636719e+02, 2.757390747070312e+02, 2.750349731445312e+02, 2.744352722167969e+02, 2.746564331054688e+02, 2.774715576171875e+02, 2.763597412109376e+02, 2.725304565429688e+02, 2.720717163085938e+02, 2.724675598144531e+02, 2.730234069824219e+02, 2.725791931152344e+02, 2.752468872070312e+02, 2.7869287109375e+02, 2.773298034667969e+02, 2.768143920898438e+02, 2.75956787109375e+02, 2.777031860351562e+02, 2.758217468261719e+02, 2.776485900878906e+02, 2.771509704589844e+02, 2.738362731933594e+02, 2.688992919921875e+02, 2.665513610839844e+02, 2.654794616699219e+02, 2.653954162597656e+02, 2.694600219726562e+02, 2.702648620605469e+02, 2.695962829589844e+02, 2.706259155273438e+02, 2.701825561523438e+02, 2.733578491210938e+02, 2.721142272949219e+02, 2.715651550292969e+02, 2.722908020019531e+02, 2.702944946289062e+02, 2.690122680664062e+02, 2.653136901855469e+02]
conExt[1].win.glaUns.glass_b.T=[2.8969384765625e+02, 2.89951171875e+02, 2.898813781738281e+02, 2.901141357421875e+02, 2.909740295410156e+02, 2.917142639160156e+02, 2.912890014648438e+02, 2.911155395507812e+02, 2.9087060546875e+02, 2.912079772949219e+02, 2.91382568359375e+02, 2.921159973144531e+02, 2.913782348632812e+02, 2.914794921875e+02, 2.919895629882812e+02, 2.912446899414062e+02, 2.908976135253906e+02, 2.905625305175781e+02, 2.908714599609375e+02, 2.912211608886719e+02, 2.910458984375e+02, 2.908777770996094e+02, 2.908163146972656e+02, 2.907844543457031e+02, 2.909026794433594e+02, 2.911754760742188e+02, 2.912003479003906e+02, 2.904069519042969e+02, 2.903012390136719e+02, 2.900972900390625e+02, 2.894127502441406e+02, 2.889943542480469e+02, 2.89768798828125e+02, 2.904154968261719e+02, 2.902904357910156e+02, 2.898460083007812e+02, 2.894563903808594e+02, 2.892117919921875e+02, 2.890858764648438e+02, 2.894198303222656e+02, 2.897015991210938e+02, 2.891008605957031e+02, 2.8879345703125e+02, 2.883655700683594e+02, 2.881799011230469e+02, 2.882489624023438e+02, 2.887472229003906e+02, 2.891739196777344e+02, 2.886472473144531e+02, 2.886627502441406e+02, 2.886490783691406e+02, 2.884984741210938e+02, 2.885579223632812e+02, 2.890932922363281e+02, 2.895311584472656e+02, 2.897611389160156e+02, 2.897818603515625e+02, 2.897388916015625e+02, 2.897986755371094e+02, 2.898183898925781e+02, 2.903543701171875e+02, 2.911671752929688e+02, 2.913004150390625e+02, 2.912576904296875e+02, 2.912479858398438e+02, 2.9111767578125e+02, 2.910243225097656e+02, 2.910484619140625e+02, 2.915424194335938e+02, 2.913600769042969e+02, 2.906856384277344e+02, 2.906055603027344e+02, 2.906668701171875e+02, 2.907686767578125e+02, 2.906916198730469e+02, 2.911483459472656e+02, 2.917700500488281e+02, 2.9152001953125e+02, 2.914341735839844e+02, 2.912776794433594e+02, 2.915932006835938e+02, 2.912505493164062e+02, 2.91576416015625e+02, 2.914965209960938e+02, 2.909304809570312e+02, 2.900579833984375e+02, 2.896389770507812e+02, 2.894575805664062e+02, 2.894441223144531e+02, 2.901386413574219e+02, 2.902816772460938e+02, 2.901705627441406e+02, 2.903473510742188e+02, 2.902925415039062e+02, 2.908319091796875e+02, 2.906210021972656e+02, 2.905128173828125e+02, 2.906420593261719e+02, 2.902999877929688e+02, 2.900815734863281e+02, 2.894247131347656e+02]
bouConExt.weaBus.TDryBul=[2.609500122070312e+02, 2.621011047363281e+02, 2.625499877929688e+02, 2.665859985351562e+02, 2.715532531738281e+02, 2.720499877929688e+02, 2.720211181640625e+02, 2.714474182128906e+02, 2.698616027832031e+02, 2.721641845703125e+02, 2.73510009765625e+02, 2.748500061035156e+02, 2.73848876953125e+02, 2.740790100097656e+02, 2.731499938964844e+02, 2.733664245605469e+02, 2.712139892578125e+02, 2.687122497558594e+02, 2.701607055664062e+02, 2.703500061035156e+02, 2.703500061035156e+02, 2.703500061035156e+02, 2.703500061035156e+02, 2.698500061035156e+02, 2.707337341308594e+02, 2.720499877929688e+02, 2.7205712890625e+02, 2.684580078125e+02, 2.6806201171875e+02, 2.661690368652344e+02, 2.615640869140625e+02, 2.592766723632812e+02, 2.64716796875e+02, 2.690650634765625e+02, 2.680060119628906e+02, 2.646900024414062e+02, 2.62093994140625e+02, 2.591625671386719e+02, 2.582370910644531e+02, 2.609939880371094e+02, 2.618193054199219e+02, 2.578509826660156e+02, 2.543108673095703e+02, 2.542709197998047e+02, 2.5264599609375e+02, 2.503481140136719e+02, 2.581070861816406e+02, 2.603697204589844e+02, 2.568208923339844e+02, 2.541324615478516e+02, 2.531499938964844e+02, 2.520500030517578e+02, 2.514499969482422e+02, 2.589198913574219e+02, 2.628139953613281e+02, 2.632027893066406e+02, 2.63836669921875e+02, 2.645320129394531e+02, 2.648261413574219e+02, 2.649047546386719e+02, 2.686072998046875e+02, 2.737038879394531e+02, 2.744391784667969e+02, 2.740384216308594e+02, 2.725255432128906e+02, 2.721736450195312e+02, 2.718446960449219e+02, 2.721820068359375e+02, 2.751186218261719e+02, 2.740066528320313e+02, 2.685275573730469e+02, 2.684140014648438e+02, 2.697689208984375e+02, 2.698258056640625e+02, 2.695376586914062e+02, 2.731499938964844e+02, 2.771539916992188e+02, 2.758175354003906e+02, 2.753078918457031e+02, 2.744216003417969e+02, 2.766254577636719e+02, 2.743133239746094e+02, 2.759500122070312e+02, 2.754525146484375e+02, 2.720597534179688e+02, 2.666798706054688e+02, 2.6375e+02, 2.628267211914062e+02, 2.620499877929688e+02, 2.659939880371094e+02, 2.671028137207031e+02, 2.648287658691406e+02, 2.660057678222656e+02, 2.662762145996094e+02, 2.689168090820312e+02, 2.67787841796875e+02, 2.687315063476562e+02, 2.698032531738281e+02, 2.671799926757812e+02, 2.645320739746094e+02, 2.5875e+02]
