last-generated=2020-03-09
statistics-initialization=
{
  "nonlinear": "1, 1, 1, 1, 1, 13",
  "numerical Jacobians": "0"
}
statistics-simulation=
{
  "linear": "0, 0, 0, 0, 0, 0, 0, 0, 0, 0, 0",
  "nonlinear": "1, 1, 1, 1, 1, 1, 1, 11",
  "number of continuous time states": "35",
  "numerical Jacobians": "0"
}
time=[0e+00, 8.64e+04]
nPer.y=[0e+00, 0e+00, 0e+00, 0e+00, 0e+00, 0e+00, 0e+00, 0e+00, 0e+00, 0e+00, 0e+00, 0e+00, 0e+00, 0e+00, 0e+00, 0e+00, 0e+00, 0e+00, 0e+00, 0e+00, 0e+00, 0e+00, 0e+00, 0e+00, 0e+00, 0e+00, 0e+00, 0e+00, 0e+00, 0e+00, 0e+00, 0e+00, 0e+00, 0e+00, 0e+00, 0e+00, 0e+00, 0e+00, 0e+00, 0e+00, 0e+00, 0e+00, 0e+00, 0e+00, 0e+00, 0e+00, 0e+00, 0e+00, 0e+00, 0e+00, 0e+00, 5e+00, 5e+00, 5e+00, 5e+00, 5e+00, 5e+00, 5e+00, 5e+00, 0e+00, 0e+00, 0e+00, 0e+00, 0e+00, 0e+00, 0e+00, 0e+00, 0e+00, 0e+00, 0e+00, 0e+00, 0e+00, 0e+00, 0e+00, 0e+00, 0e+00, 0e+00, 0e+00, 0e+00, 0e+00, 0e+00, 0e+00, 0e+00, 0e+00, 0e+00, 0e+00, 0e+00, 0e+00, 0e+00, 0e+00, 0e+00, 0e+00, 0e+00, 0e+00, 0e+00, 0e+00, 0e+00, 0e+00, 0e+00, 0e+00, 0e+00]
senCO2.ppm=[0e+00, 0e+00, 0e+00, -4.29507163777443e-18, -2.325612088338243e-18, -1.129914551279446e-18, -8.956381834454928e-19, -5.562063768431593e-19, -3.454515876607937e-19, -2.144515239633507e-19, -1.331026663416734e-19, -8.261684795253866e-20, -5.127877117266909e-20, -3.183874400148863e-20, -1.977458941721546e-20, -1.22814462070203e-20, -7.62716747206151e-21, -4.735558115871361e-21, -2.941216363033101e-21, -1.826691259865372e-21, -1.134321700112882e-21, -7.042826468423255e-22, -4.374120375915648e-22, -2.716553472526264e-22, -1.686782146133191e-22, -1.046278209280387e-22, -6.497700232632741e-23, -4.035367473560152e-23, -2.50597838192011e-23, -1.555576433794116e-23, -9.662739084251354e-24, -6.001810355811144e-24, -3.727904202584831e-24, -2.315565305985356e-24, -1.438391027994396e-24, -8.932415996932738e-25, -5.547360604518255e-25, -3.445920448594857e-25, -2.141081649005919e-25, -1.330432528842219e-25, -8.267100200452084e-26, -5.137046191062092e-26, -3.192075424723875e-26, -1.983510319343757e-26, -1.232541700592575e-26, -7.659384870229149e-27, -4.759468241762556e-27, -2.957831267824262e-27, -1.838143746406132e-27, -1.142179397977158e-27, -7.095896287100332e-28, 3.235570373535156e+02, 5.244826049804688e+02, 6.492747802734375e+02, 7.101552124023438e+02, 6.982776489257814e+02, 7.000643310546875e+02, 7.000579833984375e+02, 6.999766235351562e+02, 5.075779724121094e+02, 3.151431274414062e+02, 1.956423797607422e+02, 1.214439468383789e+02, 7.537090301513672e+01, 4.676007843017578e+01, 2.90086555480957e+01, 1.800052833557129e+01, 1.117374324798584e+01, 6.936997413635227e+00, 4.306724071502703e+00, 2.673624515533458e+00, 1.659758567810059e+00, 1.030381202697754e+00, 6.396406888961792e-01, 3.970439732074738e-01, 2.464641332626343e-01, 1.529906541109085e-01, 9.496771544218063e-02, 5.89519776403904e-02, 3.659779578447342e-02, 2.271964587271214e-02, 1.410344615578651e-02, 8.755577728152275e-03, 5.431132391095161e-03, 3.369592595845461e-03, 2.092834794893861e-03, 1.299840398132801e-03, 8.072436321526766e-04, 5.01272501423955e-04, 3.113339771516621e-04, 1.933567255036905e-04, 1.200449551106431e-04, 7.453790021827444e-05, 4.629327668226324e-05, 2.875012978620362e-05, 1.785531821951736e-05, 1.108904598368099e-05, 6.886857136123581e-06, 4.277085736248409e-06, 2.656078777363291e-06, 1.647725639486453e-06]
CO2Set.y=[7e+02, 7e+02]
conPI.y=[0e+00, 0e+00, 0e+00, 0e+00, 0e+00, 0e+00, 0e+00, 0e+00, 0e+00, 0e+00, 0e+00, 0e+00, 0e+00, 0e+00, 0e+00, 0e+00, 0e+00, 0e+00, 0e+00, 0e+00, 0e+00, 0e+00, 0e+00, 0e+00, 0e+00, 0e+00, 0e+00, 0e+00, 0e+00, 0e+00, 0e+00, 0e+00, 0e+00, 0e+00, 0e+00, 0e+00, 0e+00, 0e+00, 0e+00, 0e+00, 0e+00, 0e+00, 0e+00, 0e+00, 0e+00, 0e+00, 0e+00, 0e+00, 0e+00, 0e+00, 0e+00, 0e+00, 0e+00, 0e+00, 2.469596713781357e-01, 1.98124259710312e-01, 2.265618592500685e-01, 2.194167077541351e-01, 2.204079180955887e-01, 0e+00, 0e+00, 0e+00, 0e+00, 0e+00, 0e+00, 0e+00, 0e+00, 0e+00, 0e+00, 0e+00, 0e+00, 0e+00, 0e+00, 0e+00, 0e+00, 0e+00, 0e+00, 0e+00, 0e+00, 0e+00, 0e+00, 0e+00, 0e+00, 0e+00, 0e+00, 0e+00, 0e+00, 0e+00, 0e+00, 0e+00, 0e+00, 0e+00, 0e+00, 0e+00, 0e+00, 0e+00, 0e+00, 0e+00, 0e+00, 0e+00, 0e+00]
bou.ports[1].m_flow=[3.133333474397659e-02, 3.133333474397659e-02, 3.133333474397659e-02, 3.133333474397659e-02, 3.133333474397659e-02, 3.133333474397659e-02, 3.133333474397659e-02, 3.133333474397659e-02, 3.133333474397659e-02, 3.133333474397659e-02, 3.133333474397659e-02, 3.133333474397659e-02, 3.133333474397659e-02, 3.133333474397659e-02, 3.133333474397659e-02, 3.133333474397659e-02, 3.133333474397659e-02, 3.133333474397659e-02, 3.133333474397659e-02, 3.133333474397659e-02, 3.133333474397659e-02, 3.133333474397659e-02, 3.133333474397659e-02, 3.133333474397659e-02, 3.133333474397659e-02, 3.133333474397659e-02, 3.133333474397659e-02, 3.133333474397659e-02, 3.133333474397659e-02, 3.133333474397659e-02, 3.133333474397659e-02, 3.133333474397659e-02, 3.133333474397659e-02, 3.133333474397659e-02, 3.133333474397659e-02, 3.133333474397659e-02, 3.133333474397659e-02, 3.133333474397659e-02, 3.133333474397659e-02, 3.133333474397659e-02, 3.133333474397659e-02, 3.133333474397659e-02, 3.133333474397659e-02, 3.133333474397659e-02, 3.133333474397659e-02, 3.133333474397659e-02, 3.133333474397659e-02, 3.133333474397659e-02, 3.133333474397659e-02, 3.133333474397659e-02, 3.133333474397659e-02, 3.133333474397659e-02, 3.133333474397659e-02, 3.133333474397659e-02, 3.907140344381332e-02, 3.75412255525589e-02, 3.84322702884674e-02, 3.820839151740074e-02, 3.823944926261902e-02, 3.133333474397659e-02, 3.133333474397659e-02, 3.133333474397659e-02, 3.133333474397659e-02, 3.133333474397659e-02, 3.133333474397659e-02, 3.133333474397659e-02, 3.133333474397659e-02, 3.133333474397659e-02, 3.133333474397659e-02, 3.133333474397659e-02, 3.133333474397659e-02, 3.133333474397659e-02, 3.133333474397659e-02, 3.133333474397659e-02, 3.133333474397659e-02, 3.133333474397659e-02, 3.133333474397659e-02, 3.133333474397659e-02, 3.133333474397659e-02, 3.133333474397659e-02, 3.133333474397659e-02, 3.133333474397659e-02, 3.133333474397659e-02, 3.133333474397659e-02, 3.133333474397659e-02, 3.133333474397659e-02, 3.133333474397659e-02, 3.133333474397659e-02, 3.133333474397659e-02, 3.133333474397659e-02, 3.133333474397659e-02, 3.133333474397659e-02, 3.133333474397659e-02, 3.133333474397659e-02, 3.133333474397659e-02, 3.133333474397659e-02, 3.133333474397659e-02, 3.133333474397659e-02, 3.133333474397659e-02, 3.133333474397659e-02, 3.133333474397659e-02]
