last-generated=2020-03-09
statistics-initialization=
{
  "linear": "2",
  "nonlinear": "4",
  "numerical Jacobians": "0"
}
statistics-simulation=
{
  "linear": "0, 0",
  "nonlinear": "3, 1",
  "number of continuous time states": "7",
  "numerical Jacobians": "0"
}
time=[0e+00, 1.2096e+06]
conExt[1].opa.T[1]=[2.931499938964844e+02, 2.615616455078125e+02, 2.620180053710938e+02, 2.893663940429688e+02, 2.765652160644531e+02, 2.714519348144531e+02, 2.713883972167969e+02, 2.701151733398438e+02, 2.684232788085938e+02, 2.711297912597656e+02, 2.759775695800781e+02, 2.787925109863281e+02, 2.737393188476562e+02, 2.734848022460938e+02, 2.726459655761719e+02, 2.72782958984375e+02, 2.706956481933594e+02, 2.722969970703125e+02, 2.754522705078125e+02, 2.720782165527344e+02, 2.697515869140625e+02, 2.697836303710938e+02, 2.697641296386719e+02, 2.6928076171875e+02, 2.725802917480469e+02, 2.764500122070312e+02, 2.735359497070312e+02, 2.679447937011719e+02, 2.675346679687499e+02, 2.6517529296875e+02, 2.603391723632812e+02, 2.657020568847656e+02, 2.966842041015625e+02, 2.825985412597656e+02, 2.6648095703125e+02, 2.631864318847656e+02, 2.60663330078125e+02, 2.577578735351562e+02, 2.593159790039062e+02, 2.749080810546875e+02, 2.676761474609375e+02, 2.566466369628906e+02, 2.5294775390625e+02, 2.528803100585938e+02, 2.513712310791016e+02, 2.509313659667969e+02, 2.892477722167969e+02, 2.890255432128906e+02, 2.556966094970703e+02, 2.528438720703125e+02, 2.518706817626953e+02, 2.508179779052734e+02, 2.503343963623047e+02, 2.829987182617188e+02, 2.894892578125e+02, 2.631430053710938e+02, 2.621230163574219e+02, 2.628626403808594e+02, 2.631425476074219e+02, 2.63232177734375e+02, 2.784893188476562e+02, 2.894781799316406e+02, 2.743359069824219e+02, 2.727024536132812e+02, 2.718865966796875e+02, 2.712319641113281e+02, 2.704663391113281e+02, 2.876526489257812e+02, 3.027319946289062e+02, 2.806129760742191e+02, 2.669727172851562e+02, 2.678874816894531e+02, 2.691680603027344e+02, 2.693003234863281e+02, 2.706338195800781e+02, 2.938269348144531e+02, 2.905884399414062e+02, 2.739930419921875e+02, 2.735685119628906e+02, 2.726147766113281e+02, 2.747211608886719e+02, 2.767988891601564e+02, 2.787061462402344e+02, 2.77228515625e+02, 2.715194702148438e+02, 2.65004638671875e+02, 2.62147705078125e+02, 2.618417358398438e+02, 2.626954956054688e+02, 2.923860473632812e+02, 2.794058532714844e+02, 2.641732788085938e+02, 2.653434143066406e+02, 2.656715393066406e+02, 2.682782287597656e+02, 2.672158508300781e+02, 2.718370666503906e+02, 2.9548291015625e+02, 2.658359985351562e+02, 2.631726379394531e+02, 2.574442138671875e+02]
conExt[1].opa.T[2]=[2.931499938964844e+02, 2.769682006835938e+02, 2.770806579589844e+02, 2.879503479003906e+02, 2.855204772949219e+02, 2.820348510742188e+02, 2.814324340820312e+02, 2.810506591796875e+02, 2.800838623046875e+02, 2.811651000976562e+02, 2.830439147949219e+02, 2.850787658691406e+02, 2.82726318359375e+02, 2.822140502929688e+02, 2.823981323242188e+02, 2.819007263183594e+02, 2.811901245117188e+02, 2.8123974609375e+02, 2.830916137695312e+02, 2.819766540527344e+02, 2.803321533203125e+02, 2.803062133789062e+02, 2.802684936523438e+02, 2.800108337402344e+02, 2.811887512207031e+02, 2.834144897460938e+02, 2.826790466308594e+02, 2.796408081054688e+02, 2.792529602050781e+02, 2.776925659179688e+02, 2.762518615722656e+02, 2.757258911132812e+02, 2.9226953125e+02, 2.89189453125e+02, 2.789170837402344e+02, 2.771580505371094e+02, 2.758428649902344e+02, 2.742661437988281e+02, 2.740691833496094e+02, 2.847816772460938e+02, 2.782787780761719e+02, 2.740140991210938e+02, 2.716716918945312e+02, 2.713737487792969e+02, 2.70590087890625e+02, 2.696333618164062e+02, 2.872737426757812e+02, 2.904951477050781e+02, 2.748921203613281e+02, 2.714873962402344e+02, 2.708042907714844e+02, 2.700587158203125e+02, 2.69709716796875e+02, 2.837516174316406e+02, 2.898097229003906e+02, 2.791346130371094e+02, 2.757938232421875e+02, 2.763183898925781e+02, 2.762443237304688e+02, 2.764177551269531e+02, 2.821680297851562e+02, 2.897627563476562e+02, 2.841876220703125e+02, 2.811090393066406e+02, 2.812080078125e+02, 2.807478637695312e+02, 2.808252258300781e+02, 2.860774230957031e+02, 2.965470581054688e+02, 2.887261047363283e+02, 2.793155212402344e+02, 2.791344909667969e+02, 2.795784912109375e+02, 2.800227966308594e+02, 2.801246643066406e+02, 2.905856323242188e+02, 2.926886901855469e+02, 2.824805603027344e+02, 2.824727783203125e+02, 2.817040710449219e+02, 2.828721313476562e+02, 2.830589294433594e+02, 2.845882263183594e+02, 2.846809387207031e+02, 2.816545104980469e+02, 2.781884460449219e+02, 2.764718933105469e+02, 2.763069152832031e+02, 2.758262023925781e+02, 2.898894348144531e+02, 2.851342468261719e+02, 2.775160522460938e+02, 2.778300476074219e+02, 2.780893859863281e+02, 2.791162719726562e+02, 2.784636535644531e+02, 2.80932861328125e+02, 2.913064270019531e+02, 2.799202270507812e+02, 2.771758117675781e+02, 2.744819641113281e+02]
conExt[1].opa.T[3]=[2.931499938964844e+02, 2.927640686035156e+02, 2.924400939941406e+02, 2.922850036621094e+02, 2.923456726074219e+02, 2.922019653320312e+02, 2.920366821289062e+02, 2.919001770019531e+02, 2.917522888183594e+02, 2.916321105957031e+02, 2.915590209960938e+02, 2.915537719726562e+02, 2.915185546875e+02, 2.914448547363281e+02, 2.913998718261719e+02, 2.91339599609375e+02, 2.912842712402344e+02, 2.912084350585938e+02, 2.911942443847656e+02, 2.911827697753906e+02, 2.911095275878906e+02, 2.910443115234375e+02, 2.909884643554688e+02, 2.909354858398438e+02, 2.908939208984375e+02, 2.909175415039062e+02, 2.909463195800781e+02, 2.909001770019531e+02, 2.908264465332031e+02, 2.907387084960938e+02, 2.90650390625e+02, 2.904952697753906e+02, 2.906743469238281e+02, 2.909626159667969e+02, 2.908951721191406e+02, 2.907746887207031e+02, 2.906522521972656e+02, 2.905188598632812e+02, 2.9037451171875e+02, 2.9045849609375e+02, 2.904473876953125e+02, 2.903578186035156e+02, 2.901828308105469e+02, 2.900231628417969e+02, 2.898722534179688e+02, 2.897142639160156e+02, 2.898197631835938e+02, 2.901815490722656e+02, 2.902371215820312e+02, 2.900282287597656e+02, 2.898610534667969e+02, 2.897084350585938e+02, 2.895683898925781e+02, 2.896171569824219e+02, 2.899518737792969e+02, 2.901225280761719e+02, 2.900160827636719e+02, 2.899687194824219e+02, 2.899354858398438e+02, 2.89913330078125e+02, 2.89942626953125e+02, 2.901895751953125e+02, 2.903948059082031e+02, 2.903919677734375e+02, 2.904221801757812e+02, 2.904386291503906e+02, 2.904600830078125e+02, 2.904914245605469e+02, 2.90841552734375e+02, 2.911056823730469e+02, 2.910052185058594e+02, 2.908912658691406e+02, 2.908253479003906e+02, 2.907934875488281e+02, 2.907550659179688e+02, 2.908543395996094e+02, 2.911444091796875e+02, 2.911452331542969e+02, 2.911066589355469e+02, 2.910719909667969e+02, 2.910607299804688e+02, 2.910503234863281e+02, 2.910868530273438e+02, 2.911339721679688e+02, 2.911123962402344e+02, 2.910150146484375e+02, 2.908822326660156e+02, 2.907555847167969e+02, 2.9062744140625e+02, 2.907276611328125e+02, 2.909368896484375e+02, 2.908357543945312e+02, 2.907217102050781e+02, 2.906526489257812e+02, 2.905946350097656e+02, 2.9055126953125e+02, 2.905514831542969e+02, 2.9064453125e+02, 2.907723083496094e+02, 2.906469116210938e+02, 2.905220031738281e+02]
conExt[1].opa.T[4]=[2.931499938964844e+02, 2.930095520019531e+02, 2.92763916015625e+02, 2.925515747070312e+02, 2.925064086914062e+02, 2.924350280761719e+02, 2.923196716308594e+02, 2.92201171875e+02, 2.920817260742188e+02, 2.919668273925781e+02, 2.918794250488281e+02, 2.918352661132812e+02, 2.918113708496094e+02, 2.917647399902344e+02, 2.917188720703125e+02, 2.916731262207031e+02, 2.916272583007812e+02, 2.915709228515625e+02, 2.915328979492188e+02, 2.915171203613281e+02, 2.914801635742188e+02, 2.914289855957031e+02, 2.913795471191406e+02, 2.913334045410156e+02, 2.912904663085938e+02, 2.912774353027344e+02, 2.912918395996094e+02, 2.912855224609375e+02, 2.912428588867188e+02, 2.911853637695312e+02, 2.911173095703125e+02, 2.910175476074219e+02, 2.91005859375e+02, 2.911732177734375e+02, 2.912506408691406e+02, 2.912105407714844e+02, 2.91131103515625e+02, 2.910335693359375e+02, 2.909208374023438e+02, 2.908750915527344e+02, 2.908924255371094e+02, 2.908599853515625e+02, 2.907614440917969e+02, 2.9063623046875e+02, 2.905104675292969e+02, 2.903819885253906e+02, 2.903248901367188e+02, 2.904898986816406e+02, 2.906472778320312e+02, 2.906050415039062e+02, 2.904939270019531e+02, 2.903712158203125e+02, 2.902501220703125e+02, 2.901815490722656e+02, 2.903146667480469e+02, 2.904992065429688e+02, 2.905302734375e+02, 2.905063781738281e+02, 2.904794616699219e+02, 2.904562072753906e+02, 2.90447265625e+02, 2.905446472167969e+02, 2.907149353027344e+02, 2.907957458496094e+02, 2.908351135253906e+02, 2.908606262207031e+02, 2.908798217773438e+02, 2.908941955566406e+02, 2.910381774902344e+02, 2.912694091796875e+02, 2.913455505371094e+02, 2.913037414550781e+02, 2.912476196289062e+02, 2.912060546875e+02, 2.911716918945312e+02, 2.911770629882812e+02, 2.913225708007812e+02, 2.914306335449219e+02, 2.914391479492188e+02, 2.914255676269531e+02, 2.914083862304688e+02, 2.913987731933594e+02, 2.914073791503906e+02, 2.914348754882812e+02, 2.914470520019531e+02, 2.914104614257812e+02, 2.913288879394531e+02, 2.912287292480469e+02, 2.911249389648438e+02, 2.910863647460938e+02, 2.91205078125e+02, 2.912329406738281e+02, 2.911719055175781e+02, 2.911084594726562e+02, 2.910513305664062e+02, 2.91009033203125e+02, 2.909826354980469e+02, 2.909976501464844e+02, 2.911041564941406e+02, 2.910895385742188e+02, 2.910198669433594e+02]
conExt[1].opa.T[5]=[2.931499938964844e+02, 2.930679016113281e+02, 2.928572387695312e+02, 2.926495361328125e+02, 2.925758666992188e+02, 2.92523681640625e+02, 2.924272155761719e+02, 2.923194274902344e+02, 2.922126159667969e+02, 2.921059265136719e+02, 2.920204162597656e+02, 2.919698486328125e+02, 2.919476928710938e+02, 2.919102478027344e+02, 2.918670043945312e+02, 2.918266906738281e+02, 2.9178515625e+02, 2.917367553710938e+02, 2.91696044921875e+02, 2.916788024902344e+02, 2.916517944335938e+02, 2.916071472167969e+02, 2.915618896484375e+02, 2.915195922851562e+02, 2.914794006347656e+02, 2.91459228515625e+02, 2.9146826171875e+02, 2.914700317382812e+02, 2.914378356933594e+02, 2.91389892578125e+02, 2.913298645019531e+02, 2.9124853515625e+02, 2.912020263671875e+02, 2.913249206542969e+02, 2.914271240234375e+02, 2.914102783203125e+02, 2.913456420898438e+02, 2.912613525390625e+02, 2.911624145507812e+02, 2.910949096679688e+02, 2.911109008789062e+02, 2.910923461914062e+02, 2.910175170898438e+02, 2.909078979492188e+02, 2.9079443359375e+02, 2.906793212890625e+02, 2.905972900390625e+02, 2.907032165527344e+02, 2.908650817871094e+02, 2.908675231933594e+02, 2.907772827148438e+02, 2.90668212890625e+02, 2.905579528808594e+02, 2.904736328125e+02, 2.9055078125e+02, 2.907197570800781e+02, 2.907830200195312e+02, 2.907679748535156e+02, 2.907440490722656e+02, 2.907218627929688e+02, 2.907077331542969e+02, 2.907671813964844e+02, 2.909140625e+02, 2.910101013183594e+02, 2.9105078125e+02, 2.910771179199219e+02, 2.910950317382812e+02, 2.911077880859375e+02, 2.91199462890625e+02, 2.914026794433594e+02, 2.915135803222656e+02, 2.914942016601562e+02, 2.914442443847656e+02, 2.914026489257812e+02, 2.913709106445312e+02, 2.9135986328125e+02, 2.9146142578125e+02, 2.915822143554688e+02, 2.916042785644531e+02, 2.915964965820312e+02, 2.91579833984375e+02, 2.915706481933594e+02, 2.915728454589844e+02, 2.915939331054688e+02, 2.916116333007812e+02, 2.915903015136719e+02, 2.915253295898438e+02, 2.914373779296875e+02, 2.913446960449219e+02, 2.912835693359375e+02, 2.913664855957031e+02, 2.91420654296875e+02, 2.913782348632812e+02, 2.913198852539062e+02, 2.912666625976562e+02, 2.912260131835938e+02, 2.911961364746094e+02, 2.911975708007812e+02, 2.912832641601562e+02, 2.91296875e+02, 2.912438659667969e+02]
conExt[1].win.glaUns.glass_a.T=[2.668628540039062e+02, 2.682950439453125e+02, 2.679088134765625e+02, 2.693366394042969e+02, 2.742868041992188e+02, 2.785523071289062e+02, 2.760574645996094e+02, 2.7501513671875e+02, 2.736134338378906e+02, 2.755870361328125e+02, 2.765643310546875e+02, 2.808300170898438e+02, 2.764461669921875e+02, 2.771122436523438e+02, 2.800202636718749e+02, 2.757452697753906e+02, 2.737127075195312e+02, 2.718279418945312e+02, 2.736545104980469e+02, 2.756278076171875e+02, 2.746340637207031e+02, 2.736282958984375e+02, 2.732839965820312e+02, 2.731293029785156e+02, 2.738237915039062e+02, 2.753943481445312e+02, 2.754833679199219e+02, 2.708965759277344e+02, 2.702957458496094e+02, 2.692131958007812e+02, 2.650890502929688e+02, 2.629049377441406e+02, 2.673362731933594e+02, 2.710544738769531e+02, 2.702544860839844e+02, 2.67721923828125e+02, 2.65465576171875e+02, 2.641304321289062e+02, 2.634749450683594e+02, 2.653515319824219e+02, 2.669209594726562e+02, 2.634942626953125e+02, 2.617704772949219e+02, 2.594702758789062e+02, 2.583836059570312e+02, 2.587947387695312e+02, 2.61597900390625e+02, 2.639087829589844e+02, 2.610055236816406e+02, 2.610266418457031e+02, 2.609654541015625e+02, 2.601824951171875e+02, 2.605661010742188e+02, 2.635164184570312e+02, 2.659238586425781e+02, 2.672671203613281e+02, 2.673955993652344e+02, 2.671102600097656e+02, 2.674930725097656e+02, 2.675958862304688e+02, 2.707525329589844e+02, 2.753520202636719e+02, 2.759893798828125e+02, 2.758988952636719e+02, 2.757391052246094e+02, 2.750350952148438e+02, 2.744352722167969e+02, 2.74656494140625e+02, 2.774715576171875e+02, 2.763597412109376e+02, 2.725304565429688e+02, 2.720717468261719e+02, 2.724675598144531e+02, 2.730234375e+02, 2.725791931152344e+02, 2.752469177246094e+02, 2.7869287109375e+02, 2.773297729492188e+02, 2.768144836425781e+02, 2.75956787109375e+02, 2.777031860351562e+02, 2.758217163085938e+02, 2.776485900878906e+02, 2.771509704589844e+02, 2.738362731933594e+02, 2.688993225097656e+02, 2.665513610839844e+02, 2.654794616699219e+02, 2.653954162597656e+02, 2.694600219726562e+02, 2.702648620605469e+02, 2.695962829589844e+02, 2.706259155273438e+02, 2.701824645996094e+02, 2.733578491210938e+02, 2.721142578125e+02, 2.715651550292969e+02, 2.722908020019531e+02, 2.702944946289062e+02, 2.690122680664062e+02, 2.65313720703125e+02]
conExt[1].win.glaUns.glass_b.T=[2.8969384765625e+02, 2.899512329101562e+02, 2.898818054199219e+02, 2.901141662597656e+02, 2.909740295410156e+02, 2.917142333984375e+02, 2.912889709472656e+02, 2.911154479980469e+02, 2.9087060546875e+02, 2.912079772949219e+02, 2.91382568359375e+02, 2.921144409179688e+02, 2.913782348632812e+02, 2.914795227050781e+02, 2.919898071289062e+02, 2.912446594238281e+02, 2.90897705078125e+02, 2.905626831054688e+02, 2.908714599609375e+02, 2.912211608886719e+02, 2.910458679199219e+02, 2.908779602050781e+02, 2.908163757324219e+02, 2.907844848632812e+02, 2.909026184082031e+02, 2.911754760742188e+02, 2.912001037597656e+02, 2.904070434570312e+02, 2.903013305664062e+02, 2.900972900390625e+02, 2.894129638671875e+02, 2.889943542480469e+02, 2.897689208984375e+02, 2.904154968261719e+02, 2.902904357910156e+02, 2.898463439941406e+02, 2.894564514160156e+02, 2.892117919921875e+02, 2.890858764648438e+02, 2.894198303222656e+02, 2.897015991210938e+02, 2.891008605957031e+02, 2.887933959960938e+02, 2.883655395507812e+02, 2.881805419921875e+02, 2.882489624023438e+02, 2.887471923828125e+02, 2.891739196777344e+02, 2.886469116210938e+02, 2.88662841796875e+02, 2.886490173339844e+02, 2.884992065429688e+02, 2.885578918457031e+02, 2.890933227539062e+02, 2.895311584472656e+02, 2.897611389160156e+02, 2.897819213867188e+02, 2.897388610839844e+02, 2.897986755371094e+02, 2.898184204101562e+02, 2.903543701171875e+02, 2.911671752929688e+02, 2.913006286621094e+02, 2.912576904296875e+02, 2.912481384277344e+02, 2.911182556152344e+02, 2.910243225097656e+02, 2.910487365722656e+02, 2.9154248046875e+02, 2.913600769042969e+02, 2.906856384277344e+02, 2.906056213378906e+02, 2.906668701171875e+02, 2.90768798828125e+02, 2.906916198730469e+02, 2.911484375e+02, 2.917700500488281e+02, 2.915198974609375e+02, 2.914348754882812e+02, 2.91277587890625e+02, 2.915931396484375e+02, 2.912503356933594e+02, 2.915764770507812e+02, 2.914965209960938e+02, 2.90930419921875e+02, 2.900581665039062e+02, 2.896390075683594e+02, 2.894577026367188e+02, 2.894441223144531e+02, 2.901386413574219e+02, 2.902816772460938e+02, 2.901705932617188e+02, 2.903473510742188e+02, 2.902921142578125e+02, 2.908318481445312e+02, 2.9062109375e+02, 2.905128479003906e+02, 2.906420593261719e+02, 2.902999572753906e+02, 2.900815734863281e+02, 2.894247436523438e+02]
bouConExt.weaBus.TDryBul=[2.609500122070312e+02, 2.621011047363281e+02, 2.625499877929688e+02, 2.665859985351562e+02, 2.715532531738281e+02, 2.720499877929688e+02, 2.720211181640625e+02, 2.714474182128906e+02, 2.698616027832031e+02, 2.721641845703125e+02, 2.73510009765625e+02, 2.748500061035156e+02, 2.73848876953125e+02, 2.740790100097656e+02, 2.731499938964844e+02, 2.733664245605469e+02, 2.712139892578125e+02, 2.687122497558594e+02, 2.701607055664062e+02, 2.703500061035156e+02, 2.703500061035156e+02, 2.703500061035156e+02, 2.703500061035156e+02, 2.698500061035156e+02, 2.707337341308594e+02, 2.720499877929688e+02, 2.7205712890625e+02, 2.684580078125e+02, 2.6806201171875e+02, 2.661690368652344e+02, 2.615640869140625e+02, 2.592766723632812e+02, 2.64716796875e+02, 2.690650634765625e+02, 2.680060119628906e+02, 2.646900024414062e+02, 2.62093994140625e+02, 2.591625671386719e+02, 2.582370910644531e+02, 2.609939880371094e+02, 2.618193054199219e+02, 2.578509826660156e+02, 2.543108673095703e+02, 2.542709197998047e+02, 2.5264599609375e+02, 2.503481140136719e+02, 2.581070861816406e+02, 2.603697204589844e+02, 2.568208923339844e+02, 2.541324615478516e+02, 2.531499938964844e+02, 2.520500030517578e+02, 2.514499969482422e+02, 2.589198913574219e+02, 2.628139953613281e+02, 2.632027893066406e+02, 2.63836669921875e+02, 2.645320129394531e+02, 2.648261413574219e+02, 2.649047546386719e+02, 2.686072998046875e+02, 2.737038879394531e+02, 2.744391784667969e+02, 2.740384216308594e+02, 2.725255432128906e+02, 2.721736450195312e+02, 2.718446960449219e+02, 2.721820068359375e+02, 2.751186218261719e+02, 2.740066528320313e+02, 2.685275573730469e+02, 2.684140014648438e+02, 2.697689208984375e+02, 2.698258056640625e+02, 2.695376586914062e+02, 2.731499938964844e+02, 2.771539916992188e+02, 2.758175354003906e+02, 2.753078918457031e+02, 2.744216003417969e+02, 2.766254577636719e+02, 2.743133239746094e+02, 2.759500122070312e+02, 2.754525146484375e+02, 2.720597534179688e+02, 2.666798706054688e+02, 2.6375e+02, 2.628267211914062e+02, 2.620499877929688e+02, 2.659939880371094e+02, 2.671028137207031e+02, 2.648287658691406e+02, 2.660057678222656e+02, 2.662762145996094e+02, 2.689168090820312e+02, 2.67787841796875e+02, 2.687315063476562e+02, 2.698032531738281e+02, 2.671799926757812e+02, 2.645320739746094e+02, 2.5875e+02]
