last-generated=2020-03-09
statistics-initialization=
{
  "linear": "19",
  "nonlinear": "14, 1",
  "numerical Jacobians": "0"
}
statistics-simulation=
{
  "linear": "11, 0, 0, 0, 0, 0, 0, 0, 0, 0, 0, 0, 0",
  "nonlinear": "1, 1",
  "number of continuous time states": "59",
  "numerical Jacobians": "0"
}
time=[0e+00, 5.048e+05]
con.TRoo=[2.931499938964844e+02, 2.881178397813778e+02, 2.88096943359375e+02, 2.880879956054687e+02, 2.880841578504774e+02, 2.880922356499566e+02, 2.930458066708512e+02, 2.931191208224826e+02, 2.968652395369888e+02, 2.982853515625e+02, 2.983025485568576e+02, 2.98255561319987e+02, 2.967043304164825e+02, 2.922373947122296e+02, 2.881354728320852e+02, 2.881070526123047e+02, 2.880919232855903e+02, 2.880738675265842e+02, 2.88060927734375e+02, 2.880495393880208e+02, 2.880422166612413e+02, 2.880349517822266e+02, 2.880291604275174e+02, 2.892750404866537e+02, 2.930050122070313e+02, 2.930200924343533e+02, 2.930186857096354e+02, 2.93016371459961e+02, 2.930121004231771e+02, 2.930018094211155e+02, 2.912877083514816e+02, 2.880211208089192e+02, 2.880066734483507e+02, 2.879992458089193e+02, 2.879965119086372e+02, 2.879955546061198e+02, 2.879967944335938e+02, 2.879961190456814e+02, 2.879917953830295e+02, 2.879885052490234e+02, 2.884362175835503e+02, 2.929760961914063e+02, 2.930213346354167e+02, 2.938373667435828e+02, 2.952643482801649e+02, 2.933995528396507e+02, 2.930749687145175e+02, 2.930144368489583e+02, 2.880209452311198e+02, 2.880001631673177e+02, 2.879928419325087e+02, 2.879875703938802e+02, 2.879790645345052e+02, 2.879742409261067e+02, 2.879748425292969e+02, 2.879741770426432e+02, 2.879748029242622e+02, 2.879978843180339e+02, 2.930454470486111e+02, 2.938944548859417e+02, 2.982276713053386e+02, 2.982541852484809e+02, 2.982312325032552e+02, 2.952743620064716e+02, 2.930527924262153e+02, 2.880408772786458e+02, 2.880118969726562e+02, 2.879994387478299e+02, 2.879983779568142e+02, 2.879984326171875e+02, 2.87999550374349e+02, 2.880314185926649e+02, 2.880331945800781e+02, 2.880341632758247e+02, 2.880646590169271e+02, 2.931351810417513e+02, 2.976151128529963e+02, 2.982683523898655e+02, 2.982910005696614e+02, 2.982711375596788e+02, 2.978968444824219e+02, 2.931404515025606e+02, 2.881446494371489e+02, 2.880997487225551e+02, 2.880815779622396e+02, 2.880737447102865e+02, 2.880704988606771e+02, 2.880668153889974e+02, 2.880781233723959e+02, 2.880733629692925e+02, 2.880702026367188e+02, 2.88085950656467e+02, 2.931181982537126e+02, 2.981532223408242e+02, 2.98297204047309e+02, 2.983265363905165e+02, 2.982973282877604e+02, 2.982072891593029e+02, 2.945633447194456e+02, 2.898493859955911e+02, 2.881219177246094e+02]
con.TSetRooHea=[2.881499938964844e+02, 2.881499938964844e+02, 2.881499938964844e+02, 2.881499938964844e+02, 2.881499938964844e+02, 2.881499938964844e+02, 2.931499938964844e+02, 2.931499938964844e+02, 2.931499938964844e+02, 2.931499938964844e+02, 2.931499938964844e+02, 2.931499938964844e+02, 2.931499938964844e+02, 2.881499938964844e+02, 2.881499938964844e+02, 2.881499938964844e+02, 2.881499938964844e+02, 2.881499938964844e+02, 2.881499938964844e+02, 2.881499938964844e+02, 2.881499938964844e+02, 2.881499938964844e+02, 2.881499938964844e+02, 2.894055494520399e+02, 2.931499938964844e+02, 2.931499938964844e+02, 2.931499938964844e+02, 2.931499938964844e+02, 2.931499938964844e+02, 2.931499938964844e+02, 2.914023548021619e+02, 2.881499938964844e+02, 2.881499938964844e+02, 2.881499938964844e+02, 2.881499938964844e+02, 2.881499938964844e+02, 2.881499938964844e+02, 2.881499938964844e+02, 2.881499938964844e+02, 2.881499938964844e+02, 2.885944383409288e+02, 2.931499938964844e+02, 2.931499938964844e+02, 2.931499938964844e+02, 2.931499938964844e+02, 2.931499938964844e+02, 2.931499938964844e+02, 2.931499938964844e+02, 2.881499938964844e+02, 2.881499938964844e+02, 2.881499938964844e+02, 2.881499938964844e+02, 2.881499938964844e+02, 2.881499938964844e+02, 2.881499938964844e+02, 2.881499938964844e+02, 2.881499938964844e+02, 2.881499938964844e+02, 2.931499938964844e+02, 2.931499938964844e+02, 2.931499938964844e+02, 2.931499938964844e+02, 2.931499938964844e+02, 2.931499938964844e+02, 2.931499938964844e+02, 2.881499938964844e+02, 2.881499938964844e+02, 2.881499938964844e+02, 2.881499938964844e+02, 2.881499938964844e+02, 2.881499938964844e+02, 2.881499938964844e+02, 2.881499938964844e+02, 2.881499938964844e+02, 2.881499938964844e+02, 2.931499938964844e+02, 2.931499938964844e+02, 2.931499938964844e+02, 2.931499938964844e+02, 2.931499938964844e+02, 2.931499938964844e+02, 2.931499938964844e+02, 2.881499938964844e+02, 2.881499938964844e+02, 2.881499938964844e+02, 2.881499938964844e+02, 2.881499938964844e+02, 2.881499938964844e+02, 2.881499938964844e+02, 2.881499938964844e+02, 2.881499938964844e+02, 2.881499938964844e+02, 2.931499938964844e+02, 2.931499938964844e+02, 2.931499938964844e+02, 2.931499938964844e+02, 2.931499938964844e+02, 2.931499938964844e+02, 2.931499938964844e+02, 2.881499938964844e+02, 2.881499938964844e+02]
con.TSetRooCoo=[3.031499938964844e+02, 3.031499938964844e+02, 3.031499938964844e+02, 3.031499938964844e+02, 3.031499938964844e+02, 3.031499938964844e+02, 2.981499938964844e+02, 2.981499938964844e+02, 2.981499938964844e+02, 2.981499938964844e+02, 2.981499938964844e+02, 2.981499938964844e+02, 2.981499938964844e+02, 3.031499938964844e+02, 3.031499938964844e+02, 3.031499938964844e+02, 3.031499938964844e+02, 3.031499938964844e+02, 3.031499938964844e+02, 3.031499938964844e+02, 3.031499938964844e+02, 3.031499938964844e+02, 3.031499938964844e+02, 3.018944383409288e+02, 2.981499938964844e+02, 2.981499938964844e+02, 2.981499938964844e+02, 2.981499938964844e+02, 2.981499938964844e+02, 2.981499938964844e+02, 2.998976329908068e+02, 3.031499938964844e+02, 3.031499938964844e+02, 3.031499938964844e+02, 3.031499938964844e+02, 3.031499938964844e+02, 3.031499938964844e+02, 3.031499938964844e+02, 3.031499938964844e+02, 3.031499938964844e+02, 3.027055494520399e+02, 2.981499938964844e+02, 2.981499938964844e+02, 2.981499938964844e+02, 2.981499938964844e+02, 2.981499938964844e+02, 2.981499938964844e+02, 2.981499938964844e+02, 3.031499938964844e+02, 3.031499938964844e+02, 3.031499938964844e+02, 3.031499938964844e+02, 3.031499938964844e+02, 3.031499938964844e+02, 3.031499938964844e+02, 3.031499938964844e+02, 3.031499938964844e+02, 3.031499938964844e+02, 2.981499938964844e+02, 2.981499938964844e+02, 2.981499938964844e+02, 2.981499938964844e+02, 2.981499938964844e+02, 2.981499938964844e+02, 2.981499938964844e+02, 3.031499938964844e+02, 3.031499938964844e+02, 3.031499938964844e+02, 3.031499938964844e+02, 3.031499938964844e+02, 3.031499938964844e+02, 3.031499938964844e+02, 3.031499938964844e+02, 3.031499938964844e+02, 3.031499938964844e+02, 2.981499938964844e+02, 2.981499938964844e+02, 2.981499938964844e+02, 2.981499938964844e+02, 2.981499938964844e+02, 2.981499938964844e+02, 2.981499938964844e+02, 3.031499938964844e+02, 3.031499938964844e+02, 3.031499938964844e+02, 3.031499938964844e+02, 3.031499938964844e+02, 3.031499938964844e+02, 3.031499938964844e+02, 3.031499938964844e+02, 3.031499938964844e+02, 3.031499938964844e+02, 2.981499938964844e+02, 2.981499938964844e+02, 2.981499938964844e+02, 2.981499938964844e+02, 2.981499938964844e+02, 2.981499938964844e+02, 2.981499938964844e+02, 3.031499938964844e+02, 3.031499938964844e+02]
EFan.y=[0e+00, 2.641090154986599e+04, 5.282180579861111e+04, 7.923270755208333e+04, 1.05643613125e+05, 1.320545125e+05, 1.584654173698595e+05, 1.84876326875e+05, 2.112872276456585e+05, 5.028938725e+05, 1.195430030555556e+06, 1.676026733888889e+06, 1.801587881586616e+06, 1.827998837798233e+06, 1.854409710109162e+06, 1.8808205875e+06, 1.907231563888889e+06, 1.933642419444444e+06, 1.960053305e+06, 1.986464255555555e+06, 2.012875111111111e+06, 2.0392860225e+06, 2.065696947222222e+06, 2.092107834166667e+06, 2.118518783333333e+06, 2.144929638888889e+06, 2.171340494444444e+06, 2.19775135e+06, 2.224162455555555e+06, 2.250573311111111e+06, 2.276984178689271e+06, 2.303395022222222e+06, 2.329805877777778e+06, 2.356216983333333e+06, 2.382627838888889e+06, 2.409038694444444e+06, 2.43544955e+06, 2.461860405555556e+06, 2.488271332222222e+06, 2.514682366666667e+06, 2.541093222222222e+06, 2.567504077777778e+06, 2.593914933333333e+06, 2.620326033456651e+06, 2.646736894444444e+06, 2.673147752345996e+06, 2.699558618429835e+06, 2.725969461111111e+06, 2.752380393333334e+06, 2.778791422222222e+06, 2.805202277777778e+06, 2.831613133333333e+06, 2.858023988888889e+06, 2.884434844444444e+06, 2.91084588e+06, 2.937256805555556e+06, 2.963667661111111e+06, 2.990078516666667e+06, 3.016489372222222e+06, 3.042900456348247e+06, 3.08939475e+06, 3.286612026111111e+06, 3.483073082222222e+06, 3.532675972595026e+06, 3.559086755555556e+06, 3.585497611111111e+06, 3.611908603333334e+06, 3.638319572222222e+06, 3.664730427777778e+06, 3.691141283333333e+06, 3.717552138888889e+06, 3.743963133888889e+06, 3.7703741e+06, 3.796784955555555e+06, 3.823195811111111e+06, 3.849606637422984e+06, 3.876017605410555e+06, 4.039709746666667e+06, 4.546633226666667e+06, 5.068914415555555e+06, 5.278771672941176e+06, 5.307703193158121e+06, 5.334113781332102e+06, 5.360524950744728e+06, 5.386935866666666e+06, 5.413346722222222e+06, 5.439757577777778e+06, 5.466168433333334e+06, 5.492579288888888e+06, 5.518990144444444e+06, 5.545401e+06, 5.571812156666666e+06, 5.598223208575925e+06, 5.625967776552722e+06, 5.982714875555555e+06, 6.946281816666666e+06, 7.901112153333333e+06, 8.308810616209724e+06, 8.345198162255038e+06, 8.371609106375149e+06, 8.39802e+06]
EHea.y=[0e+00, 1.833530146094522e+06, 8.252669657777777e+06, 1.654094486666667e+07, 2.572216027555555e+07, 3.476912604444444e+07, 4.699621384017361e+07, 5.57850112e+07, 5.7601344e+07, 5.7601344e+07, 5.7601344e+07, 5.7601344e+07, 5.7601344e+07, 5.7716444e+07, 5.800423281506086e+07, 6.233328946666667e+07, 6.972951047111112e+07, 7.912455093333334e+07, 9.097619072e+07, 1.0453976304e+08, 1.194158556444445e+08, 1.353828616533333e+08, 1.522375950933333e+08, 1.712762599111111e+08, 1.953101124266667e+08, 2.148328168888889e+08, 2.334051800177778e+08, 2.5233052608e+08, 2.716703566222222e+08, 2.920458487466667e+08, 3.127364232126522e+08, 3.285432489955556e+08, 3.480971812977778e+08, 3.691517572266667e+08, 3.909529968355556e+08, 4.129317560888889e+08, 4.3489480832e+08, 4.567636488533334e+08, 4.790438523733333e+08, 5.019259808e+08, 5.253276807111111e+08, 5.5383102464e+08, 5.768299477333333e+08, 5.84501504e+08, 5.84501504e+08, 5.846546274145603e+08, 5.898245753592525e+08, 6.053833605688889e+08, 6.197999701333333e+08, 6.400282730666667e+08, 6.619948373333334e+08, 6.848077376e+08, 7.085278546488889e+08, 7.333810831644444e+08, 7.5840425984e+08, 7.834664597333333e+08, 8.085374552177777e+08, 8.3280001024e+08, 8.560565967644445e+08, 8.637216e+08, 8.637216e+08, 8.637216e+08, 8.637216e+08, 8.637289814494604e+08, 8.711842719288889e+08, 8.821420586666666e+08, 9.0021559552e+08, 9.2093515776e+08, 9.4253981184e+08, 9.6422936704e+08, 9.858065322666667e+08, 1.005625322382222e+09, 1.02137791488e+09, 1.037972114488889e+09, 1.053617768106667e+09, 1.066396695127779e+09, 1.06684352e+09, 1.06684352e+09, 1.06684352e+09, 1.06684352e+09, 1.06684352e+09, 1.066863568851671e+09, 1.067783009949053e+09, 1.072911499665536e+09, 1.081673074346667e+09, 1.092061799822222e+09, 1.103139701191111e+09, 1.114797707946667e+09, 1.125766212835556e+09, 1.13605083392e+09, 1.1472752896e+09, 1.158364592071111e+09, 1.169062975164123e+09, 1.16948544e+09, 1.16948544e+09, 1.16948544e+09, 1.16948544e+09, 1.16948544e+09, 1.169500186541269e+09, 1.16960448e+09, 1.171326208e+09]
ECoo.y=[0e+00, 0e+00, 0e+00, 0e+00, 0e+00, 0e+00, 0e+00, 0e+00, 0e+00, 7.773332046875e+05, 2.57962015e+06, 4.001597795e+06, 4.55127e+06, 4.55127e+06, 4.55127e+06, 4.55127e+06, 4.55127e+06, 4.55127e+06, 4.55127e+06, 4.55127e+06, 4.55127e+06, 4.55127e+06, 4.55127e+06, 4.55127e+06, 4.55127e+06, 4.55127e+06, 4.55127e+06, 4.55127e+06, 4.55127e+06, 4.55127e+06, 4.55127e+06, 4.55127e+06, 4.55127e+06, 4.55127e+06, 4.55127e+06, 4.55127e+06, 4.55127e+06, 4.55127e+06, 4.55127e+06, 4.55127e+06, 4.55127e+06, 4.55127e+06, 4.55127e+06, 4.55127e+06, 4.55127e+06, 4.55127e+06, 4.55127e+06, 4.55127e+06, 4.55127e+06, 4.55127e+06, 4.55127e+06, 4.55127e+06, 4.55127e+06, 4.55127e+06, 4.55127e+06, 4.55127e+06, 4.55127e+06, 4.55127e+06, 4.55127e+06, 4.55127e+06, 4.663654766666667e+06, 5.288583981111111e+06, 5.912564744444445e+06, 6.118984e+06, 6.118984e+06, 6.118984e+06, 6.118984e+06, 6.118984e+06, 6.118984e+06, 6.118984e+06, 6.118984e+06, 6.118984e+06, 6.118984e+06, 6.118984e+06, 6.118984e+06, 6.118984e+06, 6.118984e+06, 6.664669764444444e+06, 8.040497826666666e+06, 9.5027465e+06, 1.022068435529412e+07, 1.0298056e+07, 1.0298056e+07, 1.0298056e+07, 1.0298056e+07, 1.0298056e+07, 1.0298056e+07, 1.0298056e+07, 1.0298056e+07, 1.0298056e+07, 1.0298056e+07, 1.0298056e+07, 1.0298056e+07, 1.030527648316376e+07, 1.138083712e+07, 1.382548975555556e+07, 1.632122565333333e+07, 1.765471875888346e+07, 1.783524e+07, 1.783524e+07, 1.783524e+07]
EHVAC.y=[0e+00, 1.859941026784117e+06, 8.305491368888889e+06, 1.662017722666667e+07, 2.582780330666666e+07, 3.490118328888889e+07, 4.715467738118055e+07, 5.596988900444444e+07, 5.781263336993572e+07, 5.890599704e+07, 6.142909555555555e+07, 6.335994579555555e+07, 6.406111555596703e+07, 6.420262152797538e+07, 6.451682413795279e+07, 6.887228933333333e+07, 7.629492085333334e+07, 8.571637466666667e+07, 9.759442431999999e+07, 1.111844093688889e+08, 1.260869089777778e+08, 1.4208032928e+08, 1.589614829511111e+08, 1.780265448533333e+08, 2.02086816e+08, 2.216359271111111e+08, 2.402346968888889e+08, 2.591864496e+08, 2.785527069866667e+08, 2.989546069333333e+08, 3.19671595920355e+08, 3.355048226133333e+08, 3.550851561244444e+08, 3.761661482666667e+08, 3.979937937066666e+08, 4.199989795555556e+08, 4.4198843136e+08, 4.638836727466667e+08, 4.861903015822222e+08, 5.090988590933334e+08, 5.325269504e+08, 5.610566808177778e+08, 5.840820206933334e+08, 5.917799973268259e+08, 5.918064093866667e+08, 5.919859755338278e+08, 5.971823405065911e+08, 6.1276754048e+08, 6.272105403733333e+08, 6.4746522752e+08, 6.694581831111112e+08, 6.9229752448e+08, 7.160440843377777e+08, 7.409237024711111e+08, 7.6597326336e+08, 7.910618552888889e+08, 8.161592911644444e+08, 8.404482897066667e+08, 8.637312651377778e+08, 8.714227201392987e+08, 8.715910144e+08, 8.724414205155555e+08, 8.732901393066666e+08, 8.735747524294697e+08, 8.810564610844444e+08, 8.920406485333333e+08, 9.101405696e+08, 9.308865767822223e+08, 9.525176408177778e+08, 9.7423362176e+08, 9.958371712e+08, 1.015682345528889e+09, 1.03146138368e+09, 1.048081970062222e+09, 1.063754056817778e+09, 1.076559429126172e+09, 1.077032679257382e+09, 1.07776806144e+09, 1.079679122773333e+09, 1.081691942115556e+09, 1.082647956781177e+09, 1.082782607847367e+09, 1.083728419945838e+09, 1.088883442635599e+09, 1.09767146496e+09, 1.108086577777778e+09, 1.1191908352e+09, 1.130875278506667e+09, 1.141870167608889e+09, 1.152181275022222e+09, 1.1634320128e+09, 1.174547776568889e+09, 1.185272593664201e+09, 1.185730360652165e+09, 1.187190981404444e+09, 1.190627514311111e+09, 1.19410630656e+09, 1.195875837487286e+09, 1.196121873823095e+09, 1.196252631972185e+09, 1.198000768e+09]
EPum.y=[0e+00, 0e+00, 0e+00, 0e+00, 0e+00, 0e+00, 0e+00, 0e+00, 0e+00, 2.442322625e+04, 5.269972760416667e+04, 8.097623269097222e+04, 1.069104375e+05, 1.069104375e+05, 1.069104375e+05, 1.069104375e+05, 1.069104375e+05, 1.069104375e+05, 1.069104375e+05, 1.069104375e+05, 1.069104375e+05, 1.069104375e+05, 1.069104375e+05, 1.069104375e+05, 1.069104375e+05, 1.069104375e+05, 1.069104375e+05, 1.069104375e+05, 1.069104375e+05, 1.069104375e+05, 1.069104375e+05, 1.069104375e+05, 1.069104375e+05, 1.069104375e+05, 1.069104375e+05, 1.069104375e+05, 1.069104375e+05, 1.069104375e+05, 1.069104375e+05, 1.069104375e+05, 1.069104375e+05, 1.069104375e+05, 1.069104375e+05, 1.069104375e+05, 1.069104375e+05, 1.069104375e+05, 1.069104375e+05, 1.069104375e+05, 1.069104375e+05, 1.069104375e+05, 1.069104375e+05, 1.069104375e+05, 1.069104375e+05, 1.069104375e+05, 1.069104375e+05, 1.069104375e+05, 1.069104375e+05, 1.069104375e+05, 1.069104375e+05, 1.069104375e+05, 1.16322965625e+05, 1.445994643055556e+05, 1.72875961875e+05, 1.94109421875e+05, 1.94109421875e+05, 1.94109421875e+05, 1.94109421875e+05, 1.94109421875e+05, 1.94109421875e+05, 1.94109421875e+05, 1.94109421875e+05, 1.94109421875e+05, 1.94109421875e+05, 1.94109421875e+05, 1.94109421875e+05, 1.94109421875e+05, 1.94109421875e+05, 2.201692848611111e+05, 2.484457814583333e+05, 2.767222815625e+05, 3.049987630882353e+05, 3.1331696875e+05, 3.1331696875e+05, 3.1331696875e+05, 3.1331696875e+05, 3.1331696875e+05, 3.1331696875e+05, 3.1331696875e+05, 3.1331696875e+05, 3.1331696875e+05, 3.1331696875e+05, 3.1331696875e+05, 3.1331696875e+05, 3.136882445737197e+05, 3.419647426388889e+05, 3.702412548611111e+05, 3.985177479166667e+05, 4.267942469197797e+05, 4.4127396875e+05, 4.4127396875e+05, 4.4127396875e+05]
