last-generated=2020-03-09
statistics-initialization=
{
  "linear": "19",
  "nonlinear": "14",
  "numerical Jacobians": "0"
}
statistics-simulation=
{
  "linear": "11, 0, 0, 0, 0, 0, 0, 0, 0, 0, 0, 0, 0",
  "nonlinear": "1, 1",
  "number of continuous time states": "62",
  "numerical Jacobians": "0"
}
time=[0e+00, 8.64e+05]
controller.TZonCooSet=[3.031499938964844e+02, 3.031499938964844e+02, 3.031499938964844e+02, 3.031499938964844e+02, 2.981499938964844e+02, 2.981499938964844e+02, 2.981499938964844e+02, 2.981499938964844e+02, 3.031499938964844e+02, 3.031499938964844e+02, 3.031499938964844e+02, 3.031499938964844e+02, 3.031499938964844e+02, 3.031499938964844e+02, 2.981499938964844e+02, 2.981499938964844e+02, 2.981499938964844e+02, 2.981499938964844e+02, 3.031499938964844e+02, 3.031499938964844e+02, 3.031499938964844e+02, 3.031499938964844e+02, 3.031499938964844e+02, 3.031499938964844e+02, 2.981499938964844e+02, 2.981499938964844e+02, 2.981499938964844e+02, 2.981499938964844e+02, 3.031499938964844e+02, 3.031499938964844e+02, 3.031499938964844e+02, 3.031499938964844e+02, 3.031499938964844e+02, 3.031499938964844e+02, 2.981499938964844e+02, 2.981499938964844e+02, 2.981499938964844e+02, 2.981499938964844e+02, 3.031499938964844e+02, 3.031499938964844e+02, 3.031499938964844e+02, 3.031499938964844e+02, 3.031499938964844e+02, 3.031499938964844e+02, 2.981499938964844e+02, 2.981499938964844e+02, 2.981499938964844e+02, 2.981499938964844e+02, 3.031499938964844e+02, 3.031499938964844e+02, 3.031499938964844e+02, 3.031499938964844e+02, 3.031499938964844e+02, 3.031499938964844e+02, 2.981499938964844e+02, 2.981499938964844e+02, 2.981499938964844e+02, 2.981499938964844e+02, 3.031499938964844e+02, 3.031499938964844e+02, 3.031499938964844e+02, 3.031499938964844e+02, 3.031499938964844e+02, 3.031499938964844e+02, 2.981499938964844e+02, 2.981499938964844e+02, 2.981499938964844e+02, 2.981499938964844e+02, 3.031499938964844e+02, 3.031499938964844e+02, 3.031499938964844e+02, 3.031499938964844e+02, 3.031499938964844e+02, 3.031499938964844e+02, 2.981499938964844e+02, 2.981499938964844e+02, 2.981499938964844e+02, 2.981499938964844e+02, 3.031499938964844e+02, 3.031499938964844e+02, 3.031499938964844e+02, 3.031499938964844e+02, 3.031499938964844e+02, 3.031499938964844e+02, 2.981499938964844e+02, 2.981499938964844e+02, 2.981499938964844e+02, 2.981499938964844e+02, 3.031499938964844e+02, 3.031499938964844e+02, 3.031499938964844e+02, 3.031499938964844e+02, 3.031499938964844e+02, 3.031499938964844e+02, 2.981499938964844e+02, 2.981499938964844e+02, 2.981499938964844e+02, 2.981499938964844e+02, 3.031499938964844e+02, 3.031499938964844e+02, 3.031499938964844e+02]
controller.TZonHeaSet=[2.881499938964844e+02, 2.881499938964844e+02, 2.881499938964844e+02, 2.881499938964844e+02, 2.931499938964844e+02, 2.931499938964844e+02, 2.931499938964844e+02, 2.931499938964844e+02, 2.881499938964844e+02, 2.881499938964844e+02, 2.881499938964844e+02, 2.881499938964844e+02, 2.881499938964844e+02, 2.881499938964844e+02, 2.931499938964844e+02, 2.931499938964844e+02, 2.931499938964844e+02, 2.931499938964844e+02, 2.881499938964844e+02, 2.881499938964844e+02, 2.881499938964844e+02, 2.881499938964844e+02, 2.881499938964844e+02, 2.881499938964844e+02, 2.931499938964844e+02, 2.931499938964844e+02, 2.931499938964844e+02, 2.931499938964844e+02, 2.881499938964844e+02, 2.881499938964844e+02, 2.881499938964844e+02, 2.881499938964844e+02, 2.881499938964844e+02, 2.881499938964844e+02, 2.931499938964844e+02, 2.931499938964844e+02, 2.931499938964844e+02, 2.931499938964844e+02, 2.881499938964844e+02, 2.881499938964844e+02, 2.881499938964844e+02, 2.881499938964844e+02, 2.881499938964844e+02, 2.881499938964844e+02, 2.931499938964844e+02, 2.931499938964844e+02, 2.931499938964844e+02, 2.931499938964844e+02, 2.881499938964844e+02, 2.881499938964844e+02, 2.881499938964844e+02, 2.881499938964844e+02, 2.881499938964844e+02, 2.881499938964844e+02, 2.931499938964844e+02, 2.931499938964844e+02, 2.931499938964844e+02, 2.931499938964844e+02, 2.881499938964844e+02, 2.881499938964844e+02, 2.881499938964844e+02, 2.881499938964844e+02, 2.881499938964844e+02, 2.881499938964844e+02, 2.931499938964844e+02, 2.931499938964844e+02, 2.931499938964844e+02, 2.931499938964844e+02, 2.881499938964844e+02, 2.881499938964844e+02, 2.881499938964844e+02, 2.881499938964844e+02, 2.881499938964844e+02, 2.881499938964844e+02, 2.931499938964844e+02, 2.931499938964844e+02, 2.931499938964844e+02, 2.931499938964844e+02, 2.881499938964844e+02, 2.881499938964844e+02, 2.881499938964844e+02, 2.881499938964844e+02, 2.881499938964844e+02, 2.881499938964844e+02, 2.931499938964844e+02, 2.931499938964844e+02, 2.931499938964844e+02, 2.931499938964844e+02, 2.881499938964844e+02, 2.881499938964844e+02, 2.881499938964844e+02, 2.881499938964844e+02, 2.881499938964844e+02, 2.881499938964844e+02, 2.931499938964844e+02, 2.931499938964844e+02, 2.931499938964844e+02, 2.931499938964844e+02, 2.881499938964844e+02, 2.881499938964844e+02, 2.881499938964844e+02]
controller.TZon=[2.931499938964844e+02, 2.881473969935054e+02, 2.881482971191406e+02, 2.881518249511719e+02, 2.931684936523437e+02, 2.9847998046875e+02, 2.985045959472656e+02, 2.982935729980469e+02, 2.929600553365883e+02, 2.885351155312699e+02, 2.881438903808594e+02, 2.881469909667969e+02, 2.881483154296875e+02, 2.881490234375e+02, 2.931566528320312e+02, 2.931499938964844e+02, 2.931493225097656e+02, 2.931472900390625e+02, 2.881440673828125e+02, 2.881481628417969e+02, 2.881499938964844e+02, 2.881502258300781e+02, 2.88149267578125e+02, 2.881501220703125e+02, 2.931499389648437e+02, 2.949120483398438e+02, 2.982094758776282e+02, 2.932517130357635e+02, 2.881426940917969e+02, 2.881475952148438e+02, 2.881486511230469e+02, 2.881494689941406e+02, 2.881498291015625e+02, 2.881515014648438e+02, 2.931792663574219e+02, 2.9844873046875e+02, 2.984605224609375e+02, 2.961673082653947e+02, 2.8814794921875e+02, 2.881466674804688e+02, 2.881494140625e+02, 2.881506103515625e+02, 2.881483825683594e+02, 2.881520935058594e+02, 2.956006110001292e+02, 2.984863891601562e+02, 2.984938659667969e+02, 2.982421875e+02, 2.916465148925781e+02, 2.881530151367188e+02, 2.881488342285156e+02, 2.881505737304688e+02, 2.881479614257813e+02, 2.881509338378906e+02, 2.967722148351274e+02, 2.985200500488281e+02, 2.985274658203125e+02, 2.982958374023438e+02, 2.92790341492779e+02, 2.886387687638254e+02, 2.881504516601562e+02, 2.881480163574219e+02, 2.88149560546875e+02, 2.881517822265625e+02, 2.971344251471858e+02, 2.985229187011719e+02, 2.985069885253906e+02, 2.982922424316406e+02, 2.922734008789063e+02, 2.881548745201374e+02, 2.881473083496094e+02, 2.881494201660156e+02, 2.881511596679687e+02, 2.881510070800781e+02, 2.958035559342241e+02, 2.98514404296875e+02, 2.985062744140625e+02, 2.983048217773438e+02, 2.924947937011719e+02, 2.881566786782811e+02, 2.881472473144531e+02, 2.881495178222656e+02, 2.881502197265625e+02, 2.881535705566406e+02, 2.973260601933703e+02, 2.985199279785156e+02, 2.985255676269531e+02, 2.983308410644531e+02, 2.929347516624421e+02, 2.883354858202084e+02, 2.881475830078125e+02, 2.881506103515625e+02, 2.881489501953125e+02, 2.881522033691406e+02, 2.972364593490611e+02, 2.985709838867188e+02, 2.985785095214844e+02, 2.983740539550781e+02, 2.933539974077667e+02, 2.887424091594885e+02, 2.881472778320312e+02]
controller.yFan=[0e+00, 1.000000014901161e-01, 1.000000014901161e-01, 1.000000014901161e-01, 1.000000014901161e-01, 3.878807723522186e-01, 4.765218019485474e-01, 1.322606623172757e-01, 1.000000014901161e-01, 1.000000014901161e-01, 1.000000014901161e-01, 1.000000014901161e-01, 1.000000014901161e-01, 1.000000014901161e-01, 1.403508007526397e-01, 1.16476446390152e-01, 1.20539616048336e-01, 1.354623526334763e-01, 1.012916132807732e-01, 1.182053685188293e-01, 1.248568296432495e-01, 1.24736413359642e-01, 1.267126709222794e-01, 1.315343409776688e-01, 1.640980809926987e-01, 1.000000014901161e-01, 1.000000014901161e-01, 1.000000014901161e-01, 1.010258406400681e-01, 1.22414056956768e-01, 1.32692813873291e-01, 1.425320655107498e-01, 1.436171740293503e-01, 1.411208778619766e-01, 1.06185682117939e-01, 2.75421530008316e-01, 3.178864657878876e-01, 1.000000014901161e-01, 1.000000014901161e-01, 1.167475715279579e-01, 1.234374418854713e-01, 1.224411204457283e-01, 1.000000014901161e-01, 1.000000014901161e-01, 1.000000014901161e-01, 4.109664857387543e-01, 4.379320442676544e-01, 1.258638799190521e-01, 1.000000014901161e-01, 1.000000014901161e-01, 1.000000014901161e-01, 1.000000014901161e-01, 1.000000014901161e-01, 1.000000014901161e-01, 1.000000014901161e-01, 5.321267843246489e-01, 5.588999032974222e-01, 1.334617137908963e-01, 1.000000014901161e-01, 1.000000014901161e-01, 1.000000014901161e-01, 1.000000014901161e-01, 1.000000014901161e-01, 1.000000014901161e-01, 1.000000014901161e-01, 5.424535274505615e-01, 4.851758003234863e-01, 1.323751628398895e-01, 1.000000014901161e-01, 1.000000014901161e-01, 1.000000014901161e-01, 1.000000014901161e-01, 1.000000014901161e-01, 1.000000014901161e-01, 1.000000014901161e-01, 5.118316411972046e-01, 4.826022386550903e-01, 1.331999182701111e-01, 1.000000014901161e-01, 1.000000014901161e-01, 1.000000014901161e-01, 1.000000014901161e-01, 1.000000014901161e-01, 1.000000014901161e-01, 1.000000014901161e-01, 5.317230820655823e-01, 5.520643711090087e-01, 1.362592697143555e-01, 1.000000014901161e-01, 1.000000014901161e-01, 1.000000014901161e-01, 1.000000014901161e-01, 1.000000014901161e-01, 1.000000014901161e-01, 1.000000014901161e-01, 7.15490996837616e-01, 7.426711201667786e-01, 1.381051123142242e-01, 1.000000014901161e-01, 1.000000014901161e-01, 1.000000014901161e-01]
controller.yHeaCoi=[0e+00, 1.346736635721804e-01, 1.934535324573517e-01, 1.787966549396515e-01, 2.120408535003662e-01, 0e+00, 0e+00, 8.407350182533285e-02, 2.891245027565937e-02, 2.45125946980177e-01, 2.243566811084747e-01, 2.982299387454986e-01, 3.419431149959564e-01, 3.730325520038605e-01, 6.962907433509822e-01, 5.779422521591187e-01, 5.980009913444519e-01, 6.719825029373169e-01, 3.67663699388504e-01, 4.460632920265198e-01, 4.710936546325684e-01, 4.706248819828033e-01, 4.780766487121582e-01, 4.96225118637085e-01, 8.136443853378296e-01, 1.990048885345459e-01, 1.836722427886391e-01, 9.554001535560708e-01, 3.441091716289525e-01, 4.618884444236753e-01, 5.005984306335449e-01, 5.376220703125e-01, 5.416850328445435e-01, 5.322397828102112e-01, 3.310796290636063e-01, 2.029485702514648e-01, 2.33462929725647e-01, 1.997623155266297e-01, 2.925680160522461e-01, 4.405461013317108e-01, 4.657212793827057e-01, 4.619576811790466e-01, 3.511629641056061e-01, 3.430887758731842e-01, 1.988062708902638e-01, 0e+00, 0e+00, 1.286084175109863e-01, 4.310332536697388e-02, 1.671720445156097e-01, 2.285823076963425e-01, 2.438277065753937e-01, 2.371786713600159e-01, 2.394735932350159e-01, 1.493043800125291e-01, 0e+00, 0e+00, 9.611929655074879e-02, 3.077096929789866e-02, 2.796850959763365e-01, 1.479269415140152e-01, 2.11389696598053e-01, 2.389654040336609e-01, 2.259849071502686e-01, 1.675898623626579e-01, 0e+00, 0e+00, 1.012295961380005e-01, 3.635078147053718e-02, 1.579762502168787e-01, 2.451848685741425e-01, 2.643157243728638e-01, 2.513198971748352e-01, 2.440393626689911e-01, 1.992701276789416e-01, 0e+00, 0e+00, 9.58817958831787e-02, 3.395395800471306e-02, 1.528952173951837e-01, 2.528494000434875e-01, 2.750336408615112e-01, 2.724794507026672e-01, 2.380372107028961e-01, 1.513661348150117e-01, 0e+00, 0e+00, 7.317720651626587e-02, 2.920969634524199e-02, 3.260606797660153e-01, 1.892113387584686e-01, 1.707153856754303e-01, 1.707518756389618e-01, 1.693418055772781e-01, 1.227916505243382e-01, 0e+00, 0e+00, 3.100445866584777e-02, 2.47018851789892e-02, 2.420455679959136e-01, 1.855059266090393e-01]
controller.yCooCoi=[0e+00, 0e+00, 0e+00, 0e+00, 0e+00, 0e+00, 0e+00, 0e+00, 0e+00, 0e+00, 0e+00, 0e+00, 0e+00, 0e+00, 0e+00, 0e+00, 0e+00, 0e+00, 0e+00, 0e+00, 0e+00, 0e+00, 0e+00, 0e+00, 0e+00, 0e+00, 0e+00, 0e+00, 0e+00, 0e+00, 0e+00, 0e+00, 0e+00, 0e+00, 0e+00, 0e+00, 0e+00, 0e+00, 0e+00, 0e+00, 0e+00, 0e+00, 0e+00, 0e+00, 0e+00, 0e+00, 0e+00, 0e+00, 0e+00, 0e+00, 0e+00, 0e+00, 0e+00, 0e+00, 0e+00, 0e+00, 0e+00, 0e+00, 0e+00, 0e+00, 0e+00, 0e+00, 0e+00, 0e+00, 0e+00, 0e+00, 0e+00, 0e+00, 0e+00, 0e+00, 0e+00, 0e+00, 0e+00, 0e+00, 0e+00, 0e+00, 0e+00, 0e+00, 0e+00, 0e+00, 0e+00, 0e+00, 0e+00, 0e+00, 0e+00, 0e+00, 0e+00, 0e+00, 0e+00, 0e+00, 0e+00, 0e+00, 0e+00, 0e+00, 0e+00, 0e+00, 0e+00, 0e+00, 0e+00, 0e+00, 0e+00]
