last-generated=2020-03-09
statistics-initialization=
{
  "nonlinear": "1, 1, 1, 1, 1, 1, 1, 1, 1, 1, 1, 1, 1, 1, 1, 1, 1, 1, 1, 1, 1, 1, 1, 1, 1, 1, 2,   1, 1",
  "numerical Jacobians": "0"
}
statistics-simulation=
{
  "linear": "0, 0, 0, 0, 0, 0",
  "nonlinear": "1, 1, 1, 1, 1, 1, 1, 1, 1, 1, 1, 1, 1, 1, 1, 1, 1, 1, 1, 1, 1, 1, 1, 1, 1, 1, 1,   1",
  "number of continuous time states": "61",
  "numerical Jacobians": "0"
}
time=[0e+00, 3.1536e+07]
weaDat.weaBus.TDryBul=[2.803500061035156e+02, 2.835484008789062e+02, 2.770389404296875e+02, 2.831499938964844e+02, 2.855327758789062e+02, 2.859500122070312e+02, 2.863263549804688e+02, 2.820830078125e+02, 2.786632690429688e+02, 2.815326538085938e+02, 2.859500122070312e+02, 2.817511901855469e+02, 2.885028076171875e+02, 2.879779968261719e+02, 2.866836853027344e+02, 2.846499938964844e+02, 2.832253112792969e+02, 2.852710876464844e+02, 2.905267944335938e+02, 2.85869384765625e+02, 2.8375e+02, 2.885899963378906e+02, 2.800525817871094e+02, 2.8375e+02, 2.9037841796875e+02, 2.864500122070312e+02, 2.831499938964844e+02, 2.8875e+02, 2.875617980957031e+02, 2.864657287597656e+02, 2.920499877929688e+02, 2.8204345703125e+02, 2.851651916503906e+02, 2.994768371582031e+02, 2.831355895996094e+02, 2.859500122070312e+02, 2.925713195800781e+02, 2.891605834960938e+02, 2.900167846679688e+02, 2.889595947265625e+02, 2.8425e+02, 2.885757751464844e+02, 2.889704284667969e+02, 2.870499877929688e+02, 2.915001220703125e+02, 2.848500061035156e+02, 2.852939147949219e+02, 2.8925e+02, 2.859500122070312e+02, 2.883904724121094e+02, 2.9275e+02, 2.859880065917969e+02, 2.891083984375e+02, 2.930523986816406e+02, 2.881499938964844e+02, 2.896499938964844e+02, 2.903481750488281e+02, 2.864500122070312e+02, 2.922699890136719e+02, 2.905599975585938e+02, 2.875499877929688e+02, 2.968235778808594e+02, 2.86503662109375e+02, 2.893653564453125e+02, 2.93510009765625e+02, 2.864500122070312e+02, 2.875499877929688e+02, 2.920499877929688e+02, 2.849372863769531e+02, 2.896205444335938e+02, 2.925499877929688e+02, 2.853434448242188e+02, 2.880203857421875e+02, 2.939845275878906e+02, 2.8875e+02, 2.875499877929688e+02, 2.918733215332031e+02, 2.863281860351562e+02, 2.911700134277344e+02, 2.900556030273438e+02, 2.875499877929688e+02, 2.897840576171875e+02, 2.850614318847656e+02, 2.842689208984375e+02, 2.870499877929688e+02, 2.848500061035156e+02, 2.872200012207031e+02, 2.894700012207031e+02, 2.847069702148438e+02, 2.871203002929688e+02, 2.875499877929688e+02, 2.824481201171875e+02, 2.853500061035156e+02, 2.864500122070312e+02, 2.812572937011719e+02, 2.825499877929688e+02, 2.839954528808594e+02, 2.825499877929688e+02, 2.854684143066406e+02, 2.796802978515625e+02, 2.845499877929688e+02]
pla.sta_a.T=[2.931499938964844e+02, 2.838339538574219e+02, 2.834425964355469e+02, 2.82753662109375e+02, 2.850327758789062e+02, 2.851499938964844e+02, 2.838070983886719e+02, 2.837615661621094e+02, 2.839895324707031e+02, 2.842195129394531e+02, 2.851499938964844e+02, 2.844335632324219e+02, 2.891499938964844e+02, 2.8721728515625e+02, 2.873179626464844e+02, 2.851499938964844e+02, 2.851499938964844e+02, 2.890558166503906e+02, 2.891499938964844e+02, 2.851499938964844e+02, 2.891358337402344e+02, 2.890691833496094e+02, 2.851499938964844e+02, 2.831260681152344e+02, 2.891499938964844e+02, 2.891498718261719e+02, 2.877228088378906e+02, 2.851576843261719e+02, 2.891496276855469e+02, 2.886796875e+02, 2.891499938964844e+02, 2.891486511230469e+02, 2.890595397949219e+02, 2.891499938964844e+02, 2.890945739746094e+02, 2.891498413085938e+02, 2.891499938964844e+02, 2.891499938964844e+02, 2.891499938964844e+02, 2.891499938964844e+02, 2.8839990234375e+02, 2.891466064453125e+02, 2.891499938964844e+02, 2.891500549316406e+02, 2.891499938964844e+02, 2.881772155761719e+02, 2.891500854492188e+02, 2.891499938964844e+02, 2.891461791992188e+02, 2.891499938964844e+02, 2.891499938964844e+02, 2.891497192382812e+02, 2.891499938964844e+02, 2.891499938964844e+02, 2.891499938964844e+02, 2.891499938964844e+02, 2.891499938964844e+02, 2.891499938964844e+02, 2.891499938964844e+02, 2.891499938964844e+02, 2.891493835449219e+02, 2.891499938964844e+02, 2.890573120117188e+02, 2.891499938964844e+02, 2.891499938964844e+02, 2.890836791992188e+02, 2.891505432128906e+02, 2.891499938964844e+02, 2.891420288085938e+02, 2.891499938964844e+02, 2.891499938964844e+02, 2.891499938964844e+02, 2.891499938964844e+02, 2.891499938964844e+02, 2.891499938964844e+02, 2.891474609375e+02, 2.891499938964844e+02, 2.891499938964844e+02, 2.891499938964844e+02, 2.891499938964844e+02, 2.891499938964844e+02, 2.891499938964844e+02, 2.882266235351562e+02, 2.884629516601562e+02, 2.891499938964844e+02, 2.851499938964844e+02, 2.891500549316406e+02, 2.891499938964844e+02, 2.886896362304688e+02, 2.891207275390625e+02, 2.852353820800781e+02, 2.845319213867188e+02, 2.837847900390625e+02, 2.851499938964844e+02, 2.851122741699219e+02, 2.851499938964844e+02, 2.851482543945312e+02, 2.84706787109375e+02, 2.849684143066406e+02, 2.845175170898438e+02, 2.843166809082031e+02]
pla.sta_b.T=[2.931499938964844e+02, 2.851499938964844e+02, 2.851499938964844e+02, 2.851499938964844e+02, 2.851499938964844e+02, 2.851499938964844e+02, 2.851499938964844e+02, 2.851499938964844e+02, 2.851499938964844e+02, 2.851499938964844e+02, 2.851499938964844e+02, 2.851499938964844e+02, 2.891499938964844e+02, 2.8721728515625e+02, 2.873179626464844e+02, 2.851499938964844e+02, 2.851499938964844e+02, 2.890558166503906e+02, 2.891499938964844e+02, 2.851499938964844e+02, 2.891358337402344e+02, 2.890691833496094e+02, 2.851499938964844e+02, 2.851499938964844e+02, 2.891499938964844e+02, 2.891498718261719e+02, 2.877228088378906e+02, 2.851576843261719e+02, 2.891496276855469e+02, 2.886796875e+02, 2.891499938964844e+02, 2.891486511230469e+02, 2.890595397949219e+02, 2.898870544433594e+02, 2.890945739746094e+02, 2.891498413085938e+02, 2.90476318359375e+02, 2.891499938964844e+02, 2.905167846679688e+02, 2.894595947265625e+02, 2.8839990234375e+02, 2.891466064453125e+02, 2.894704284667969e+02, 2.891500549316406e+02, 2.915208435058594e+02, 2.881772155761719e+02, 2.891500854492188e+02, 2.8975e+02, 2.891461791992188e+02, 2.891499938964844e+02, 2.891499938964844e+02, 2.891497192382812e+02, 2.896083984375e+02, 2.925388793945312e+02, 2.891499938964844e+02, 2.901499938964844e+02, 2.908481750488281e+02, 2.891499938964844e+02, 2.925388793945312e+02, 2.910599975585938e+02, 2.891493835449219e+02, 2.925388793945312e+02, 2.890573120117188e+02, 2.891499938964844e+02, 2.925388793945312e+02, 2.890836791992188e+02, 2.891505432128906e+02, 2.925435180664062e+02, 2.891420288085938e+02, 2.891499938964844e+02, 2.924323120117188e+02, 2.891499938964844e+02, 2.891499938964844e+02, 2.919669494628906e+02, 2.891499938964844e+02, 2.891474609375e+02, 2.915472717285156e+02, 2.891499938964844e+02, 2.910428771972656e+02, 2.9056298828125e+02, 2.891499938964844e+02, 2.897890319824219e+02, 2.882266235351562e+02, 2.884629516601562e+02, 2.891499938964844e+02, 2.851499938964844e+02, 2.891500549316406e+02, 2.891499938964844e+02, 2.886896362304688e+02, 2.891207275390625e+02, 2.852353820800781e+02, 2.851499938964844e+02, 2.851499938964844e+02, 2.851499938964844e+02, 2.851499938964844e+02, 2.851499938964844e+02, 2.851499938964844e+02, 2.851499938964844e+02, 2.851499938964844e+02, 2.851499938964844e+02, 2.851499938964844e+02]
watTem.y[1]=[2.848166809082031e+02, 2.843339538574219e+02, 2.839425964355469e+02, 2.837068786621094e+02, 2.83691162109375e+02, 2.838516845703125e+02, 2.840456237792969e+02, 2.842615661621094e+02, 2.844895324707031e+02, 2.847195129394531e+02, 2.849415893554688e+02, 2.85145751953125e+02, 2.853220520019531e+02, 2.854700622558594e+02, 2.856149291992188e+02, 2.85758544921875e+02, 2.859005737304688e+02, 2.86040771484375e+02, 2.861788330078125e+02, 2.86314453125e+02, 2.864474182128906e+02, 2.865636596679688e+02, 2.866377563476562e+02, 2.866899719238281e+02, 2.867427368164062e+02, 2.868185119628906e+02, 2.869397583007812e+02, 2.871381225585938e+02, 2.8747802734375e+02, 2.879055786132812e+02, 2.883445129394531e+02, 2.887188415527344e+02, 2.890557556152344e+02, 2.893870544433594e+02, 2.896651611328125e+02, 2.898452453613281e+02, 2.89976318359375e+02, 2.900993347167969e+02, 2.902210693359375e+02, 2.903484191894531e+02, 2.904834594726562e+02, 2.906195068359375e+02, 2.907552185058594e+02, 2.908895568847656e+02, 2.910208435058594e+02, 2.911480407714844e+02, 2.912731628417969e+02, 2.913982849121094e+02, 2.915299682617188e+02, 2.917096557617188e+02, 2.918949279785156e+02, 2.92019775390625e+02, 2.920388793945312e+02, 2.920388793945312e+02, 2.920388793945312e+02, 2.920388793945312e+02, 2.920388793945312e+02, 2.920388793945312e+02, 2.920388793945312e+02, 2.920388793945312e+02, 2.920388793945312e+02, 2.920388793945312e+02, 2.920388793945312e+02, 2.920388793945312e+02, 2.920388793945312e+02, 2.920388793945312e+02, 2.920388793945312e+02, 2.920388793945312e+02, 2.920388793945312e+02, 2.920252075195312e+02, 2.919323120117188e+02, 2.917832946777344e+02, 2.916157836914062e+02, 2.914669494628906e+02, 2.913346557617188e+02, 2.911974792480469e+02, 2.910472717285156e+02, 2.908677978515625e+02, 2.905428771972656e+02, 2.901087951660156e+02, 2.896595153808594e+02, 2.892890319824219e+02, 2.890063171386719e+02, 2.887277526855469e+02, 2.884545593261719e+02, 2.881888122558594e+02, 2.879325866699219e+02, 2.876879577636719e+02, 2.87454345703125e+02, 2.87222412109375e+02, 2.86991455078125e+02, 2.867618103027344e+02, 2.865338745117188e+02, 2.863080139160156e+02, 2.860846252441406e+02, 2.858640747070312e+02, 2.856466979980469e+02, 2.854328918457031e+02, 2.852230529785156e+02, 2.850175170898438e+02, 2.848166809082031e+02]
pla.m_flow=[2.145250082015991e+00, 1.709420585632324e+01, 1.395989036560059e+01, 8.47398579120636e-01, 3.196170330047607e+00, 7.456494140625e+01, 7.387587428092957e-01, 1.551855373382568e+01, 3.174145460128784e+00, 5.157915878295898e+01, -7.504591941833496e+00, 1.087489247322083e+00, -1.421632194519043e+01, -6.053737258911133e+01, 6.621807813644409e-01, 3.168782234191895e+01, 1.807376289367676e+01, 2.297403961420059e-01, -6.554685974121094e+01, 7.543070793151855e+00, 2.471396923065186e-01, -3.763974380493164e+01, 4.459074401855469e+01, 3.748333752155304e-01, -8.286191558837891e+01, 5.341345310211182e+00, 5.298001170158386e-01, -1.453443717956543e+01, 1.567555618286133e+01, 6.968489289283752e-01, -7.693582153320312e+01, 9.162219166755676e-01, 3.977426910400391e+01, -9.156953430175781e+01, 2.636120319366455e-01, 1.82213077545166e+01, -8.709348297119141e+01, 1.977987289428711e-01, -6.847740173339844e+01, -6.365224838256836e+01, 2.48663991689682e-01, -5.84240837097168e+01, -6.445811462402344e+01, 2.002184689044952e-01, -7.241464996337891e+01, 2.684175491333008e+01, 4.453902244567871e-01, -7.233049774169922e+01, 7.376245975494385e+00, -2.295376205444336e+01, 2.723397314548492e-01, 4.982705414295197e-01, -7.058480739593506e+00, -8.443305206298828e+01, 1.711408942937851e-01, -6.682632446289062e+01, -7.8413818359375e+01, 1.829685419797897e-01, -8.304146575927734e+01, -8.879560852050781e+01, 1.849255561828613e-01, -9.359754180908203e+01, -3.21267557144165e+00, 1.0273627191782e-01, -8.874695587158203e+01, 2.882680130004883e+01, 4.139887988567352e-01, -8.291361999511719e+01, 5.472160339355469e+01, 4.33966726064682e-01, -8.902952575683594e+01, 3.40943843126297e-01, -5.522288131713867e+01, -7.583880615234375e+01, 1.627453714609146e-01, 6.90591037273407e-01, -8.088552856445312e+01, 2.092619985342026e-01, -7.752358245849609e+01, -5.994326782226562e+01, 1.748517602682114e-01, -7.166164398193359e+01, 8.773670196533203e+00, 3.059470951557159e-01, -2.163391876220703e+01, 7.511975860595703e+01, 4.797065734863281e+00, -8.048797607421875e+01, 9.068016409873962e-01, 2.376863098144531e+01, -2.497243881225586e+01, 9.190534353256226e-01, 7.303380370140076e-01, 2.364858627319336e+00, 1.309397459030151e+00, 4.199614334106445e+01, 4.391867637634277e+00, 1.097184896469116e+00, 4.403821468353271e+00, 3.479304122924805e+01, 2.077305793762207e+00]
EEleHea.y=[0e+00, 3.2121585664e+10, 8.633307136e+10, 1.40308103168e+11, 1.82817521664e+11, 2.10622906368e+11, 2.44520894464e+11, 3.04920526848e+11, 3.40281229312e+11, 3.92665595904e+11, 4.22852984832e+11, 4.57383739392e+11, 4.8371564544e+11, 5.00927102976e+11, 5.089845248e+11, 5.40379906048e+11, 5.63375767552e+11, 5.8353975296e+11, 5.95726368768e+11, 6.17860038656e+11, 6.28729905152e+11, 6.47403208704e+11, 6.66357465088e+11, 7.03660163072e+11, 7.18924742656e+11, 7.30994245632e+11, 7.43713538048e+11, 7.6347080704e+11, 7.78293805056e+11, 7.87797639168e+11, 8.01719517184e+11, 8.12961759232e+11, 8.28512796672e+11, 8.3982811136e+11, 8.50123882496e+11, 8.61764911104e+11, 8.74605379584e+11, 8.81892261888e+11, 8.93272326144e+11, 9.02315442176e+11, 9.11529148416e+11, 9.1974795264e+11, 9.2999417856e+11, 9.36447901696e+11, 9.4634704896e+11, 9.55503804416e+11, 9.7429848064e+11, 9.86566885376e+11, 9.9698966528e+11, 1.00713988096e+12, 1.013282635776e+12, 1.020400828416e+12, 1.02824116224e+12, 1.036663128064e+12, 1.04238874624e+12, 1.05307308032e+12, 1.060359241728e+12, 1.068809977856e+12, 1.075821871104e+12, 1.083659583488e+12, 1.08979290112e+12, 1.0978066432e+12, 1.104266919936e+12, 1.113832423424e+12, 1.120955531264e+12, 1.13020043264e+12, 1.13887543296e+12, 1.147368636416e+12, 1.15236274176e+12, 1.161957081088e+12, 1.1694276608e+12, 1.176638324736e+12, 1.184902545408e+12, 1.192066678784e+12, 1.20039866368e+12, 1.207483498496e+12, 1.218042527744e+12, 1.224303706112e+12, 1.234676744192e+12, 1.243194064896e+12, 1.254652248064e+12, 1.263697657856e+12, 1.27689097216e+12, 1.289371123712e+12, 1.305395593216e+12, 1.327466151936e+12, 1.352711012352e+12, 1.36153137152e+12, 1.375974981632e+12, 1.38879369216e+12, 1.405557276672e+12, 1.425965187072e+12, 1.461828059136e+12, 1.482851221504e+12, 1.522767888384e+12, 1.554421121024e+12, 1.590498689024e+12, 1.621816508416e+12, 1.655446831104e+12, 1.694535385088e+12, 1.722109919232e+12]
EEleCoo.y=[0e+00, 3.66633344e+08, 3.68723104e+08, 3.82869376e+08, 3.88837632e+08, 7.16652224e+08, 1.259137792e+09, 1.260845568e+09, 1.276930432e+09, 1.386541184e+09, 1.536924928e+09, 2.064475648e+09, 4.007327744e+09, 1.4174327808e+10, 1.9889498112e+10, 2.0024610816e+10, 2.0701771776e+10, 2.9027782656e+10, 3.6552474624e+10, 3.9300046848e+10, 5.016938496e+10, 5.4527729664e+10, 5.5674957824e+10, 5.5846916096e+10, 6.101999616e+10, 7.1353696256e+10, 8.1861083136e+10, 8.3556810752e+10, 9.1740848128e+10, 9.9845644288e+10, 1.07353923584e+11, 1.11846940672e+11, 1.2427444224e+11, 1.31540844544e+11, 1.53013223424e+11, 1.61868447744e+11, 1.81718581248e+11, 2.06335721472e+11, 2.40231038976e+11, 2.50766098432e+11, 2.83808366592e+11, 2.915229696e+11, 3.28266940416e+11, 3.70712838144e+11, 4.00935190528e+11, 4.16696041472e+11, 4.26230317056e+11, 4.4234801152e+11, 4.67614007296e+11, 4.95211839488e+11, 5.50623903744e+11, 5.67219257344e+11, 6.0255404032e+11, 6.495420416e+11, 6.89280647168e+11, 7.18381187072e+11, 7.45481437184e+11, 7.9760457728e+11, 8.3331055616e+11, 8.95937282048e+11, 9.42246068224e+11, 1.009262067712e+12, 1.04490336256e+12, 1.08823150592e+12, 1.121185824768e+12, 1.159898595328e+12, 1.185535229952e+12, 1.236254326784e+12, 1.27851102208e+12, 1.326231977984e+12, 1.362305089536e+12, 1.42028505088e+12, 1.460830470144e+12, 1.503305138176e+12, 1.542823346176e+12, 1.5809708032e+12, 1.602775678976e+12, 1.639704690688e+12, 1.660421668864e+12, 1.677618446336e+12, 1.702788595712e+12, 1.718693527552e+12, 1.734555205632e+12, 1.742494629888e+12, 1.750765797376e+12, 1.75136964608e+12, 1.75688318976e+12, 1.76225124352e+12, 1.772726779904e+12, 1.77925259264e+12, 1.781453553664e+12, 1.781926330368e+12, 1.782294642688e+12, 1.783839850496e+12, 1.784356929536e+12, 1.784556552192e+12, 1.784688672768e+12, 1.785093029888e+12, 1.785166823424e+12, 1.785171935232e+12, 1.785399738368e+12]
ETheHea.y=[0e+00, 1.23575730176e+11, 3.0206885888e+11, 4.65931534336e+11, 6.02135658496e+11, 7.12559951872e+11, 8.51573997568e+11, 1.049491341312e+12, 1.164711165952e+12, 1.346186903552e+12, 1.451208343552e+12, 1.58093017088e+12, 1.677089439744e+12, 1.752146509824e+12, 1.782964027392e+12, 1.903259287552e+12, 1.990326222848e+12, 2.06663909376e+12, 2.118733922304e+12, 2.216758345728e+12, 2.255414624256e+12, 2.337698742272e+12, 2.412366266368e+12, 2.555520483328e+12, 2.612224065536e+12, 2.662541819904e+12, 2.71480127488e+12, 2.796793626624e+12, 2.853199675392e+12, 2.890948149248e+12, 2.947258515456e+12, 2.996436992e+12, 3.06409897984e+12, 3.110872285184e+12, 3.146128031744e+12, 3.19423905792e+12, 3.247332917248e+12, 3.274229940224e+12, 3.32584845312e+12, 3.366403178496e+12, 3.39734822912e+12, 3.428866850816e+12, 3.46944700416e+12, 3.486104420352e+12, 3.526997311488e+12, 3.565571801088e+12, 3.648308903936e+12, 3.702354608128e+12, 3.74925295616e+12, 3.79391574016e+12, 3.809727217664e+12, 3.8374014976e+12, 3.869347414016e+12, 3.900440576e+12, 3.916283510784e+12, 3.961782796288e+12, 3.993795821568e+12, 4.022647652352e+12, 4.048180740096e+12, 4.07493148672e+12, 4.092440870912e+12, 4.115638779904e+12, 4.141231112192e+12, 4.179111182336e+12, 4.206551629824e+12, 4.245918056448e+12, 4.283154300928e+12, 4.315686371328e+12, 4.329648160768e+12, 4.368286089216e+12, 4.395528617984e+12, 4.418393604096e+12, 4.448189939712e+12, 4.474841595904e+12, 4.507675131904e+12, 4.531855818752e+12, 4.578547859456e+12, 4.596500529152e+12, 4.638342905856e+12, 4.680299577344e+12, 4.724318273536e+12, 4.75904606208e+12, 4.827191443456e+12, 4.8914366464e+12, 4.96405839872e+12, 5.060020404224e+12, 5.17901123584e+12, 5.214444716032e+12, 5.284664180736e+12, 5.345625767936e+12, 5.42074994688e+12, 5.502230069248e+12, 5.639444103168e+12, 5.729610104832e+12, 5.897347661824e+12, 6.013934108672e+12, 6.158174650368e+12, 6.277615845376e+12, 6.40199426048e+12, 6.533830672384e+12, 6.632928444416e+12]
ETheCoo.y=[0e+00, -2.2810114048e+10, -2.2994817024e+10, -2.422398976e+10, -2.4745285632e+10, -5.044420608e+10, -9.1357421568e+10, -9.1507990528e+10, -9.2904906752e+10, -1.02319693824e+11, -1.14977636352e+11, -1.55247034368e+11, -2.20298887168e+11, -3.6374511616e+11, -4.435714048e+11, -4.54539247616e+11, -4.83979558912e+11, -6.12294197248e+11, -7.21297670144e+11, -7.86292342784e+11, -9.48035190784e+11, -1.037680902144e+12, -1.081910099968e+12, -1.09671579648e+12, -1.19746854912e+12, -1.340202811392e+12, -1.486877229056e+12, -1.53423446016e+12, -1.668312465408e+12, -1.7821958144e+12, -1.89853794304e+12, -1.978236010496e+12, -2.141489856512e+12, -2.234733559808e+12, -2.42143330304e+12, -2.52556476416e+12, -2.684875702272e+12, -2.86814633984e+12, -3.13726468096e+12, -3.23350429696e+12, -3.444047872e+12, -3.523133046784e+12, -3.725701677056e+12, -3.944098824192e+12, -4.141043417088e+12, -4.265694461952e+12, -4.378239696896e+12, -4.500321468416e+12, -4.659567132672e+12, -4.828014051328e+12, -5.041131880448e+12, -5.178532560896e+12, -5.38041122816e+12, -5.611578720256e+12, -5.79340075008e+12, -6.00339644416e+12, -6.164099629056e+12, -6.408768585728e+12, -6.607595896832e+12, -6.868021280768e+12, -7.082662166528e+12, -7.344588587008e+12, -7.521220165632e+12, -7.770347667456e+12, -7.957025128448e+12, -8.170674061312e+12, -8.337681809408e+12, -8.576529072128e+12, -8.748844187648e+12, -8.992867745792e+12, -9.193198190592e+12, -9.414035636224e+12, -9.645302218752e+12, -9.88616327168e+12, -1.012953776128e+13, -1.033895411712e+13, -1.051539275776e+13, -1.0704436330496e+13, -1.0865689493504e+13, -1.1022344650752e+13, -1.1220776124416e+13, -1.1356698836992e+13, -1.1535404498944e+13, -1.1650458451968e+13, -1.1782986924032e+13, -1.1819163844608e+13, -1.1953694048256e+13, -1.2032830078976e+13, -1.2178375573504e+13, -1.2284590030848e+13, -1.233652809728e+13, -1.2374252716032e+13, -1.2394591944704e+13, -1.2463330295808e+13, -1.2505440059392e+13, -1.2521676210176e+13, -1.253262753792e+13, -1.2565865299968e+13, -1.2572267905024e+13, -1.2572716695552e+13, -1.2592180363264e+13]
ETheHotWat.y=[0e+00, 1.2160106496e+10, 2.3934820352e+10, 3.6905508864e+10, 4.8302411776e+10, 5.8968436736e+10, 7.07207168e+10, 8.4627521536e+10, 9.482641408e+10, 1.0989375488e+11, 1.20270487552e+11, 1.3411950592e+11, 1.45745690624e+11, 1.592451072e+11, 1.68122990592e+11, 1.82848405504e+11, 1.92900612096e+11, 2.07295725568e+11, 2.18469269504e+11, 2.31548977152e+11, 2.4297504768e+11, 2.56229441536e+11, 2.67129667584e+11, 2.80353243136e+11, 2.92361601024e+11, 3.0398431232e+11, 3.166953472e+11, 3.27789084672e+11, 3.40017938432e+11, 3.51370838016e+11, 3.64624052224e+11, 3.74399991808e+11, 3.88675141632e+11, 3.98430666752e+11, 4.11482292224e+11, 4.2235789312e+11, 4.34900074496e+11, 4.45012017152e+11, 4.5860077568e+11, 4.67840139264e+11, 4.810964992e+11, 4.89508831232e+11, 5.01439463424e+11, 5.11902056448e+11, 5.23866046464e+11, 5.33636481024e+11, 5.45841905664e+11, 5.56565397504e+11, 5.6720719872e+11, 5.78750971904e+11, 5.88825165824e+11, 5.98197075968e+11, 6.0850864128e+11, 6.20336381952e+11, 6.29567586304e+11, 6.42480340992e+11, 6.51307122688e+11, 6.6358673408e+11, 6.73465761792e+11, 6.85006782464e+11, 6.94673866752e+11, 7.0719373312e+11, 7.15826921472e+11, 7.28566136832e+11, 7.38037202944e+11, 7.49541195776e+11, 7.59682301952e+11, 7.71192193024e+11, 7.78939400192e+11, 7.90933536768e+11, 8.01338359808e+11, 8.12047925248e+11, 8.23527079936e+11, 8.33658814464e+11, 8.44950929408e+11, 8.55339565056e+11, 8.6726344704e+11, 8.77023330304e+11, 8.88485052416e+11, 8.97580597248e+11, 9.10703525888e+11, 9.20935661568e+11, 9.33086101504e+11, 9.43636611072e+11, 9.56805087232e+11, 9.65970100224e+11, 9.80019707904e+11, 9.8933407744e+11, 1.002035347456e+12, 1.013160542208e+12, 1.023785107456e+12, 1.034304815104e+12, 1.04738095104e+12, 1.05840541696e+12, 1.070800175104e+12, 1.083176845312e+12, 1.094495240192e+12, 1.107080773632e+12, 1.118384422912e+12, 1.129214377984e+12, 1.140454064128e+12]
