last-generated=2020-03-09
statistics-simulation=
{
  "linear": "0, 0",
  "nonlinear": "1, 1",
  "number of continuous time states": "5",
  "numerical Jacobians": "0"
}
time=[0e+00, 1.2096e+06]
conExt[1].opa.T[1]=[2.931499938964844e+02, 2.690997924804688e+02, 2.694338989257812e+02, 2.860055847167969e+02, 2.816603698730469e+02, 2.767296447753906e+02, 2.761268615722656e+02, 2.754205932617188e+02, 2.740653991699219e+02, 2.758850402832031e+02, 2.793031005859375e+02, 2.837388000488281e+02, 2.7848681640625e+02, 2.776640014648438e+02, 2.775035095214844e+02, 2.770590209960938e+02, 2.759460144042969e+02, 2.772848510742188e+02, 2.808294372558594e+02, 2.785359497070312e+02, 2.749221801757812e+02, 2.749671020507812e+02, 2.749684753417969e+02, 2.746089477539062e+02, 2.767021179199219e+02, 2.801833801269531e+02, 2.794303588867188e+02, 2.738601379394531e+02, 2.733974609375e+02, 2.709669494628906e+02, 2.686490173339844e+02, 2.690924987792969e+02, 2.903557434082031e+02, 2.857469787597656e+02, 2.729178771972656e+02, 2.703554077148438e+02, 2.681824645996094e+02, 2.655879821777344e+02, 2.661273193359375e+02, 2.852391967773438e+02, 2.741826782226562e+02, 2.653844909667969e+02, 2.618700256347656e+02, 2.616121520996094e+02, 2.60464599609375e+02, 2.596364440917969e+02, 2.899674072265625e+02, 2.941039733886719e+02, 2.669385070800781e+02, 2.616451721191406e+02, 2.606711730957031e+02, 2.597269592285156e+02, 2.596275634765625e+02, 2.820774841308594e+02, 2.879068603515625e+02, 2.726995849609375e+02, 2.687174987792969e+02, 2.696735534667969e+02, 2.696167297363281e+02, 2.69826416015625e+02, 2.783226928710938e+02, 2.882170715332031e+02, 2.803783264160156e+02, 2.766259155273438e+02, 2.765497741699219e+02, 2.757457885742188e+02, 2.754836120605469e+02, 2.876052856445312e+02, 3.045768127441406e+02, 2.88796844482422e+02, 2.731322631835938e+02, 2.733371887207031e+02, 2.741434936523438e+02, 2.746635437011719e+02, 2.751007080078125e+02, 2.90034423828125e+02, 2.922592468261719e+02, 2.781413269042969e+02, 2.781806030273438e+02, 2.771419067382812e+02, 2.789684448242188e+02, 2.793621215820313e+02, 2.813839111328125e+02, 2.812249145507812e+02, 2.767087707519531e+02, 2.713334045410156e+02, 2.688721618652344e+02, 2.689110107421875e+02, 2.685376281738281e+02, 2.943105163574219e+02, 2.82216552734375e+02, 2.708249206542969e+02, 2.714069519042969e+02, 2.718193664550781e+02, 2.734395751953125e+02, 2.723057250976562e+02, 2.7712744140625e+02, 2.961037292480469e+02, 2.740916442871094e+02, 2.697761840820312e+02, 2.660315856933594e+02]
conExt[1].opa.T[2]=[2.931499938964844e+02, 2.847273559570312e+02, 2.846160583496094e+02, 2.893865966796875e+02, 2.891429138183594e+02, 2.871556396484375e+02, 2.865454406738281e+02, 2.863534851074219e+02, 2.857472229003906e+02, 2.862189636230469e+02, 2.871199340820312e+02, 2.886493835449219e+02, 2.872073669433594e+02, 2.866969299316406e+02, 2.868377075195312e+02, 2.864549865722656e+02, 2.861543273925781e+02, 2.862694702148438e+02, 2.876084899902344e+02, 2.870970458984375e+02, 2.856247253417969e+02, 2.855716857910156e+02, 2.855359191894531e+02, 2.853888549804688e+02, 2.858880004882812e+02, 2.871817626953125e+02, 2.872410888671875e+02, 2.852357788085938e+02, 2.849212951660156e+02, 2.839608459472656e+02, 2.833744506835938e+02, 2.826206359863281e+02, 2.90061767578125e+02, 2.896882019042969e+02, 2.848795166015625e+02, 2.838819885253906e+02, 2.830693054199219e+02, 2.821295776367188e+02, 2.818315734863281e+02, 2.889902954101562e+02, 2.847856140136719e+02, 2.822665710449219e+02, 2.806632385253906e+02, 2.803866577148438e+02, 2.798889465332031e+02, 2.79305908203125e+02, 2.889886169433594e+02, 2.917923278808594e+02, 2.835240783691406e+02, 2.804793090820312e+02, 2.799707336425781e+02, 2.795267639160156e+02, 2.793822937011719e+02, 2.863336791992188e+02, 2.893048095703125e+02, 2.850968627929688e+02, 2.826959838867188e+02, 2.830069885253906e+02, 2.829439086914062e+02, 2.830372314453125e+02, 2.85314453125e+02, 2.892932434082031e+02, 2.875091857910156e+02, 2.855714721679688e+02, 2.856978454589844e+02, 2.85432861328125e+02, 2.854325561523438e+02, 2.882365112304688e+02, 2.952423400878906e+02, 2.911814880371094e+02, 2.851231994628906e+02, 2.848041381835938e+02, 2.850360717773438e+02, 2.853266296386719e+02, 2.852878723144531e+02, 2.898582153320312e+02, 2.918416748046875e+02, 2.8674365234375e+02, 2.867440185546875e+02, 2.862987060546875e+02, 2.869139099121094e+02, 2.868346557617188e+02, 2.876689453125e+02, 2.878746643066406e+02, 2.863281860351562e+02, 2.844393615722656e+02, 2.834219360351562e+02, 2.833121032714844e+02, 2.828550720214844e+02, 2.911576843261719e+02, 2.88384765625e+02, 2.841405029296875e+02, 2.841008911132812e+02, 2.842386169433594e+02, 2.846232299804688e+02, 2.842413330078125e+02, 2.858811950683594e+02, 2.911834411621094e+02, 2.860165710449219e+02, 2.836489868164062e+02, 2.824244384765625e+02]
conExt[1].opa.T[3]=[2.931499938964844e+02, 2.927253112792969e+02, 2.923968200683594e+02, 2.922587585449219e+02, 2.923278503417969e+02, 2.921755676269531e+02, 2.919951782226562e+02, 2.918569641113281e+02, 2.917032165527344e+02, 2.915817565917969e+02, 2.915128173828125e+02, 2.91525634765625e+02, 2.915050964355469e+02, 2.914179077148438e+02, 2.913706665039062e+02, 2.913016052246094e+02, 2.912430725097656e+02, 2.911653747558594e+02, 2.911839904785156e+02, 2.911949462890625e+02, 2.911028442382812e+02, 2.910275268554688e+02, 2.90967529296875e+02, 2.909107971191406e+02, 2.908654174804688e+02, 2.908970642089844e+02, 2.909425659179688e+02, 2.908828125e+02, 2.907950439453125e+02, 2.906949768066406e+02, 2.905979309082031e+02, 2.904318542480469e+02, 2.906069946289062e+02, 2.908620910644531e+02, 2.907770080566406e+02, 2.906542053222656e+02, 2.905313720703125e+02, 2.903956604003906e+02, 2.902414855957031e+02, 2.904094848632812e+02, 2.904256896972656e+02, 2.903312377929688e+02, 2.901209716796875e+02, 2.899469909667969e+02, 2.897854919433594e+02, 2.896171264648438e+02, 2.897962646484375e+02, 2.902474975585938e+02, 2.90310302734375e+02, 2.900244750976562e+02, 2.898323364257812e+02, 2.8966650390625e+02, 2.895160522460938e+02, 2.895946655273438e+02, 2.899354248046875e+02, 2.900693969726562e+02, 2.899335327148438e+02, 2.898855285644531e+02, 2.898539123535156e+02, 2.898325805664062e+02, 2.898595275878906e+02, 2.901093444824219e+02, 2.903076171875e+02, 2.902889709472656e+02, 2.903216857910156e+02, 2.90338623046875e+02, 2.903553161621094e+02, 2.903928833007812e+02, 2.908571472167969e+02, 2.911540832519531e+02, 2.909963989257812e+02, 2.908584899902344e+02, 2.907922973632812e+02, 2.907611083984375e+02, 2.907183532714844e+02, 2.908197326660156e+02, 2.911118469238281e+02, 2.910920104980469e+02, 2.910459594726562e+02, 2.910110778808594e+02, 2.910033264160156e+02, 2.909934692382812e+02, 2.910323181152344e+02, 2.910799560546875e+02, 2.910517883300781e+02, 2.90942138671875e+02, 2.907964782714844e+02, 2.906651306152344e+02, 2.905307006835938e+02, 2.907005615234375e+02, 2.909615783691406e+02, 2.90811279296875e+02, 2.906793212890625e+02, 2.906094970703125e+02, 2.905479125976562e+02, 2.904985656738281e+02, 2.905114440917969e+02, 2.906321716308594e+02, 2.908089904785156e+02, 2.906241760253906e+02, 2.904813232421875e+02]
conExt[1].opa.T[4]=[2.931499938964844e+02, 2.929709167480469e+02, 2.926883239746094e+02, 2.924679260253906e+02, 2.924427490234375e+02, 2.923601684570312e+02, 2.922244262695312e+02, 2.920932312011719e+02, 2.919613342285156e+02, 2.918357543945312e+02, 2.917455139160156e+02, 2.917098693847656e+02, 2.917014770507812e+02, 2.916466064453125e+02, 2.915946655273438e+02, 2.91540283203125e+02, 2.914871520996094e+02, 2.91421875e+02, 2.913973083496094e+02, 2.914026489257812e+02, 2.913621826171875e+02, 2.912988586425781e+02, 2.912411804199219e+02, 2.911882019042969e+02, 2.91138671875e+02, 2.911290283203125e+02, 2.9115478515625e+02, 2.911469421386719e+02, 2.910885620117188e+02, 2.910171813964844e+02, 2.909345397949219e+02, 2.908163146972656e+02, 2.908078918457031e+02, 2.909795227050781e+02, 2.910320739746094e+02, 2.909710388183594e+02, 2.908812561035156e+02, 2.90774658203125e+02, 2.906472473144531e+02, 2.90633544921875e+02, 2.907006530761719e+02, 2.906745910644531e+02, 2.905484924316406e+02, 2.903985290527344e+02, 2.902537841796875e+02, 2.901065368652344e+02, 2.900748596191406e+02, 2.90333984375e+02, 2.90538330078125e+02, 2.904468078613281e+02, 2.902973937988281e+02, 2.901491394042969e+02, 2.900072937011719e+02, 2.899430847167969e+02, 2.901168518066406e+02, 2.90297607421875e+02, 2.90293701171875e+02, 2.902547607421875e+02, 2.90224365234375e+02, 2.901997375488281e+02, 2.901908264160156e+02, 2.903053283691406e+02, 2.9048681640625e+02, 2.905545959472656e+02, 2.905908203125e+02, 2.906168518066406e+02, 2.906347961425781e+02, 2.906475524902344e+02, 2.908674621582031e+02, 2.911763000488281e+02, 2.912330627441406e+02, 2.9115771484375e+02, 2.910896911621094e+02, 2.910444030761719e+02, 2.910051574707031e+02, 2.910144348144531e+02, 2.911820068359375e+02, 2.912832336425781e+02, 2.912732238769531e+02, 2.912544555664062e+02, 2.912362060546875e+02, 2.912283630371094e+02, 2.91240478515625e+02, 2.912719116210938e+02, 2.912808227539062e+02, 2.9123046875e+02, 2.911297912597656e+02, 2.910144958496094e+02, 2.908988037109375e+02, 2.908852233886719e+02, 2.910814514160156e+02, 2.910922546386719e+02, 2.910041198730469e+02, 2.909307861328125e+02, 2.908666076660156e+02, 2.908187561035156e+02, 2.907927856445312e+02, 2.908259887695312e+02, 2.909891662597656e+02, 2.909433898925781e+02, 2.908455505371094e+02]
conExt[1].opa.T[5]=[2.931499938964844e+02, 2.930732421875e+02, 2.928469848632812e+02, 2.926240539550781e+02, 2.925390625e+02, 2.92487060546875e+02, 2.923847961425781e+02, 2.922673034667969e+02, 2.921526184082031e+02, 2.920369873046875e+02, 2.919444580078125e+02, 2.918913269042969e+02, 2.918790588378906e+02, 2.918446350097656e+02, 2.917965087890625e+02, 2.917509765625e+02, 2.917032775878906e+02, 2.9164990234375e+02, 2.916108093261719e+02, 2.916075439453125e+02, 2.915901794433594e+02, 2.915400695800781e+02, 2.914877014160156e+02, 2.914394226074219e+02, 2.913935546875e+02, 2.9136865234375e+02, 2.91380126953125e+02, 2.913890686035156e+02, 2.913525695800781e+02, 2.912969970703125e+02, 2.91226806640625e+02, 2.911376953125e+02, 2.910736694335938e+02, 2.911739807128906e+02, 2.912693176269531e+02, 2.912494812011719e+02, 2.911824951171875e+02, 2.910953674316406e+02, 2.909902954101562e+02, 2.909209289550781e+02, 2.90973876953125e+02, 2.909780883789062e+02, 2.909028930664062e+02, 2.907783813476562e+02, 2.906502075195312e+02, 2.905214538574219e+02, 2.90431396484375e+02, 2.905675964355469e+02, 2.907822875976562e+02, 2.907988586425781e+02, 2.906884765625e+02, 2.905589294433594e+02, 2.904310607910156e+02, 2.903324279785156e+02, 2.904073486328125e+02, 2.905720520019531e+02, 2.906321411132812e+02, 2.906082763671875e+02, 2.90580322265625e+02, 2.905560913085938e+02, 2.905396118164062e+02, 2.905917358398438e+02, 2.907355041503906e+02, 2.90836181640625e+02, 2.908768615722656e+02, 2.909051513671875e+02, 2.909234313964844e+02, 2.909346923828125e+02, 2.910429382324219e+02, 2.91302001953125e+02, 2.914444885253906e+02, 2.914182434082031e+02, 2.913574829101562e+02, 2.913090209960938e+02, 2.912729187011719e+02, 2.912555847167969e+02, 2.913490600585938e+02, 2.914751586914062e+02, 2.914949951171875e+02, 2.914850158691406e+02, 2.914668273925781e+02, 2.914584350585938e+02, 2.914597473144531e+02, 2.914806823730469e+02, 2.914999389648438e+02, 2.914776000976562e+02, 2.914061279296875e+02, 2.913089904785156e+02, 2.912086791992188e+02, 2.911426086425781e+02, 2.912598571777344e+02, 2.913363952636719e+02, 2.912875366210938e+02, 2.912193298339844e+02, 2.911595458984375e+02, 2.911127319335938e+02, 2.910769958496094e+02, 2.91082763671875e+02, 2.911943054199219e+02, 2.912207336425781e+02, 2.911538391113281e+02]
bouConExt.weaBus.TDryBul=[2.609500122070312e+02, 2.621011047363281e+02, 2.625499877929688e+02, 2.665859985351562e+02, 2.715532531738281e+02, 2.720499877929688e+02, 2.720211181640625e+02, 2.714474182128906e+02, 2.698616027832031e+02, 2.721641845703125e+02, 2.73510009765625e+02, 2.748500061035156e+02, 2.73848876953125e+02, 2.740790100097656e+02, 2.731499938964844e+02, 2.733664245605469e+02, 2.712139892578125e+02, 2.687122497558594e+02, 2.701607055664062e+02, 2.703500061035156e+02, 2.703500061035156e+02, 2.703500061035156e+02, 2.703500061035156e+02, 2.698500061035156e+02, 2.707337341308594e+02, 2.720499877929688e+02, 2.7205712890625e+02, 2.684580078125e+02, 2.6806201171875e+02, 2.661690368652344e+02, 2.615640869140625e+02, 2.592766723632812e+02, 2.64716796875e+02, 2.690650634765625e+02, 2.680060119628906e+02, 2.646900024414062e+02, 2.62093994140625e+02, 2.591625671386719e+02, 2.582370910644531e+02, 2.609939880371094e+02, 2.618193054199219e+02, 2.578509826660156e+02, 2.543108673095703e+02, 2.542709197998047e+02, 2.5264599609375e+02, 2.503481140136719e+02, 2.581070861816406e+02, 2.603697204589844e+02, 2.568208923339844e+02, 2.541324615478516e+02, 2.531499938964844e+02, 2.520500030517578e+02, 2.514499969482422e+02, 2.589198913574219e+02, 2.628139953613281e+02, 2.632027893066406e+02, 2.63836669921875e+02, 2.645320129394531e+02, 2.648261413574219e+02, 2.649047546386719e+02, 2.686072998046875e+02, 2.737038879394531e+02, 2.744391784667969e+02, 2.740384216308594e+02, 2.725255432128906e+02, 2.721736450195312e+02, 2.718446960449219e+02, 2.721820068359375e+02, 2.751186218261719e+02, 2.740066528320313e+02, 2.685275573730469e+02, 2.684140014648438e+02, 2.697689208984375e+02, 2.698258056640625e+02, 2.695376586914062e+02, 2.731499938964844e+02, 2.771539916992188e+02, 2.758175354003906e+02, 2.753078918457031e+02, 2.744216003417969e+02, 2.766254577636719e+02, 2.743133239746094e+02, 2.759500122070312e+02, 2.754525146484375e+02, 2.720597534179688e+02, 2.666798706054688e+02, 2.6375e+02, 2.628267211914062e+02, 2.620499877929688e+02, 2.659939880371094e+02, 2.671028137207031e+02, 2.648287658691406e+02, 2.660057678222656e+02, 2.662762145996094e+02, 2.689168090820312e+02, 2.67787841796875e+02, 2.687315063476562e+02, 2.698032531738281e+02, 2.671799926757812e+02, 2.645320739746094e+02, 2.5875e+02]
