last-generated=2020-03-09
statistics-initialization=
{
  "nonlinear": "1, 1, 1, 1, 1, 13",
  "numerical Jacobians": "0"
}
statistics-simulation=
{
  "linear": "0, 0, 0, 0, 0, 0, 0, 0, 0, 0, 0",
  "nonlinear": "1, 1, 1, 1, 1, 1, 1, 11",
  "number of continuous time states": "33",
  "numerical Jacobians": "0"
}
time=[0e+00, 6.048e+05]
conWin.T=[2.931499938964844e+02, 2.852893371582031e+02, 2.837120361328125e+02, 2.818434143066406e+02, 2.813778381347656e+02, 2.840640869140625e+02, 2.935355834960938e+02, 2.962753295898438e+02, 2.966358032226562e+02, 2.991885070800781e+02, 2.947898254394531e+02, 2.912819519042969e+02, 2.887969970703125e+02, 2.869095458984375e+02, 2.849292297363281e+02, 2.846190185546875e+02, 2.825958251953125e+02, 2.812173461914062e+02, 2.82023681640625e+02, 2.831571044921875e+02, 2.912785034179688e+02, 2.96398681640625e+02, 2.972801208496094e+02, 2.969981994628906e+02, 2.957688598632812e+02, 2.912711791992188e+02, 2.8954248046875e+02, 2.873097839355469e+02, 2.86031005859375e+02, 2.851900024414062e+02, 2.853752746582031e+02, 2.871069030761719e+02, 2.864521484375e+02, 2.862298278808594e+02, 2.901018371582032e+02, 2.957125549316406e+02, 2.969322509765625e+02, 2.979557495117188e+02, 2.975726623535156e+02, 2.934268188476562e+02, 2.905970458984375e+02, 2.880809631347656e+02, 2.862899780273438e+02, 2.853938293457031e+02, 2.842422790527344e+02, 2.8340283203125e+02, 2.813629455566406e+02, 2.809475708007812e+02, 2.840231628417969e+02, 2.863747863769531e+02, 2.926686401367188e+02, 2.96055419921875e+02, 2.938985900878906e+02, 2.904808349609375e+02, 2.883687133789062e+02, 2.863572082519531e+02, 2.852413940429688e+02, 2.840614929199219e+02, 2.834321899414062e+02, 2.816421508789062e+02, 2.804256896972656e+02, 2.799913024902344e+02, 2.822615051269531e+02, 2.85939697265625e+02, 2.942615966796875e+02, 2.966148986816406e+02, 2.967677917480469e+02, 2.940203857421875e+02, 2.901407165527344e+02, 2.874837646484375e+02, 2.856725769042969e+02, 2.845589599609375e+02, 2.835697021484375e+02, 2.827139587402344e+02, 2.82182861328125e+02, 2.814845581054688e+02, 2.81510986328125e+02, 2.865259094238281e+02, 2.889012756347656e+02, 2.933968811035156e+02, 2.95955810546875e+02, 2.946648254394531e+02, 2.897888183593751e+02, 2.871978149414062e+02, 2.849616088867188e+02, 2.849851684570312e+02, 2.845869750976562e+02, 2.840986938476562e+02, 2.824238891601562e+02, 2.824583740234375e+02, 2.828987426757812e+02, 2.838915100097656e+02, 2.854889526367188e+02, 2.8495654296875e+02, 2.893499755859375e+02, 2.914244995117188e+02, 2.87927001953125e+02, 2.858710327148438e+02, 2.836888122558594e+02, 2.826361083984375e+02, 2.815927124023438e+02]
weaBus.TDryBul=[2.803500061035156e+02, 2.803500061035156e+02, 2.796492004394531e+02, 2.775109558105469e+02, 2.788376770019531e+02, 2.791992797851562e+02, 2.820916748046875e+02, 2.830060119628906e+02, 2.839751892089844e+02, 2.872106018066406e+02, 2.845506896972656e+02, 2.840062255859375e+02, 2.836132202148438e+02, 2.826370239257812e+02, 2.803024597167969e+02, 2.816935119628906e+02, 2.78849365234375e+02, 2.779843139648438e+02, 2.806324768066406e+02, 2.80310791015625e+02, 2.843766784667969e+02, 2.870499877929688e+02, 2.870499877929688e+02, 2.859588623046875e+02, 2.854734191894531e+02, 2.8375e+02, 2.850522155761719e+02, 2.826613464355469e+02, 2.825427856445312e+02, 2.823992919921875e+02, 2.8385546875e+02, 2.870542907714844e+02, 2.855123291015625e+02, 2.841331481933594e+02, 2.849729614257812e+02, 2.853637084960938e+02, 2.884548950195312e+02, 2.89312744140625e+02, 2.872749633789062e+02, 2.864684143066406e+02, 2.85093994140625e+02, 2.832398986816406e+02, 2.820499877929688e+02, 2.819875183105469e+02, 2.809872131347656e+02, 2.801845397949219e+02, 2.776939392089844e+02, 2.780962829589844e+02, 2.808972473144531e+02, 2.820547180175781e+02, 2.831499938964844e+02, 2.838023681640625e+02, 2.833143920898438e+02, 2.831430969238281e+02, 2.826874389648438e+02, 2.82371826171875e+02, 2.820031738281249e+02, 2.813147583007812e+02, 2.8097509765625e+02, 2.779477844238281e+02, 2.774786682128906e+02, 2.780751953125e+02, 2.7993359375e+02, 2.802977600097656e+02, 2.817723999023438e+02, 2.827184143066406e+02, 2.842395324707031e+02, 2.835643615722656e+02, 2.82400390625e+02, 2.820659484863281e+02, 2.813123779296875e+02, 2.807817993164062e+02, 2.803592834472656e+02, 2.798500061035156e+02, 2.797239990234375e+02, 2.7925e+02, 2.782581481933594e+02, 2.789299621582031e+02, 2.798677673339844e+02, 2.801938781738281e+02, 2.812099914550781e+02, 2.814500122070312e+02, 2.814500122070312e+02, 2.813193054199219e+02, 2.79755126953125e+02, 2.827848205566406e+02, 2.823006896972656e+02, 2.817325744628906e+02, 2.797605590820312e+02, 2.809109802246094e+02, 2.81107421875e+02, 2.820301208496094e+02, 2.819288330078125e+02, 2.81187255859375e+02, 2.820239868164062e+02, 2.827900085449219e+02, 2.818864440917969e+02, 2.809717712402344e+02, 2.800125427246094e+02, 2.796690063476562e+02, 2.7875e+02]
conWin.H=[9.999999747378752e-05, 9.999999747378752e-05, 9.999999747378752e-05, 9.999999747378752e-05, 9.999999747378752e-05, 1.059833374023438e+02, 3.497688598632812e+02, 4.198971862792969e+02, 3.984229736328125e+02, 2.693597106933594e+02, 9.999999747378752e-05, 9.999999747378752e-05, 9.999999747378752e-05, 9.999999747378752e-05, 9.999999747378752e-05, 9.999999747378752e-05, 9.999999747378752e-05, 9.999999747378752e-05, 9.999999747378752e-05, 3.148006820678711e+01, 2.810345458984375e+02, 4.319403991699219e+02, 4.232462768554688e+02, 3.01697509765625e+02, 1.381924247741699e+01, 9.999999747378752e-05, 9.999999747378752e-05, 9.999999747378752e-05, 9.999999747378752e-05, 9.999999747378752e-05, 9.999999747378752e-05, 9.999999747378752e-05, 9.999999747378752e-05, 1.578061819076538e+00, 1.94754364013673e+02, 3.594549255371094e+02, 4.153645935058594e+02, 3.194185180664062e+02, 1.066554412841797e+02, 9.999999747378752e-05, 9.999999747378752e-05, 9.999999747378752e-05, 9.999999747378752e-05, 9.999999747378752e-05, 9.999999747378752e-05, 9.999999747378752e-05, 9.999999747378752e-05, 9.999999747378752e-05, 1.023990936279297e+02, 2.254401702880859e+02, 3.889869689941406e+02, 3.896034240722656e+02, 1.701040191650391e+02, 9.999999747378752e-05, 9.999999747378752e-05, 9.999999747378752e-05, 9.999999747378752e-05, 9.999999747378752e-05, 9.999999747378752e-05, 9.999999747378752e-05, 9.999999747378752e-05, 9.999999747378752e-05, 6.633999633789062e+01, 2.526240234375e+02, 4.358975219726562e+02, 4.698300476074219e+02, 3.081083679199219e+02, 9.999999747378752e-05, 9.999999747378752e-05, 9.999999747378752e-05, 9.999999747378752e-05, 9.999999747378752e-05, 9.999999747378752e-05, 9.999999747378752e-05, 9.999999747378752e-05, 9.999999747378752e-05, 9.276398658752441e+00, 2.389193267822266e+02, 2.633645935058594e+02, 4.401556701660156e+02, 3.404425964355469e+02, 7.391233825683256e+01, 9.999999747378752e-05, 9.999999747378752e-05, 9.999999747378752e-05, 9.999999747378752e-05, 9.999999747378752e-05, 9.999999747378752e-05, 9.999999747378752e-05, 9.999999747378752e-05, 9.999999747378752e-05, 6.843462371826172e+01, 2.109132537841797e+02, 1.662153778076172e+02, 3.132966003417969e+02, 2.129326019287109e+02, 9.999999747378752e-05, 9.999999747378752e-05, 9.999999747378752e-05, 9.999999747378752e-05, 9.999999747378752e-05]
conWin.y=[0e+00, 0e+00, 0e+00, 0e+00, 0e+00, 0e+00, 0e+00, 5.626603960990909e-01, 7.428986430168152e-01, 1.935971826314926e-01, 0e+00, 0e+00, 0e+00, 0e+00, 0e+00, 0e+00, 0e+00, 0e+00, 0e+00, 0e+00, 0e+00, 6.243472099304199e-01, 1e+00, 4.777334332466125e-01, 0e+00, 0e+00, 0e+00, 0e+00, 0e+00, 0e+00, 0e+00, 0e+00, 0e+00, 0e+00, 0e+00, 2.812740206718445e-01, 8.911319375038147e-01, 6.941852569580078e-01, 0e+00, 0e+00, 0e+00, 0e+00, 0e+00, 0e+00, 0e+00, 0e+00, 0e+00, 0e+00, 0e+00, 0e+00, 0e+00, 4.527145624160767e-01, 0e+00, 0e+00, 0e+00, 0e+00, 0e+00, 0e+00, 0e+00, 0e+00, 0e+00, 0e+00, 0e+00, 0e+00, 0e+00, 7.324504852294922e-01, 4.700353741645813e-01, 0e+00, 0e+00, 0e+00, 0e+00, 0e+00, 0e+00, 0e+00, 0e+00, 0e+00, 0e+00, 0e+00, 0e+00, 0e+00, 3.644044399261475e-01, 0e+00, 0e+00, 0e+00, 0e+00, 0e+00, 0e+00, 0e+00, 0e+00, 0e+00, 0e+00, 0e+00, 0e+00, 0e+00, 0e+00, 0e+00, 0e+00, 0e+00, 0e+00, 0e+00, 0e+00]
