last-generated=2020-03-09
statistics-simulation=
{
  "linear": " ",
  "nonlinear": "1",
  "number of continuous time states": "2",
  "numerical Jacobians": "0"
}
time=[0e+00, 8.64e+04]
bou1.ports[1].p=[1.01325e+05, 1.01325e+05, 1.01325e+05, 1.01325e+05, 1.01325e+05, 1.013250390625e+05, 1.01325328125e+05, 1.013259140625e+05, 1.013264921875e+05, 1.013266796875e+05, 1.01326734375e+05, 1.013267109375e+05, 1.01326640625e+05, 1.01326515625e+05, 1.013262890625e+05, 1.013260546875e+05, 1.01325875e+05, 1.01325828125e+05, 1.013262578125e+05, 1.013271484375e+05, 1.01328125e+05, 1.013284453125e+05, 1.013281953125e+05, 1.0132775e+05, 1.013271796875e+05, 1.013265859375e+05, 1.01325890625e+05, 1.01325296875e+05, 1.0132503125e+05, 1.01325e+05, 1.01325e+05, 1.01325e+05, 1.01325e+05, 1.01325e+05, 1.01325e+05, 1.01325e+05, 1.01325e+05, 1.01325e+05, 1.01325e+05, 1.01325e+05, 1.01325e+05, 1.01325e+05, 1.01325e+05, 1.01325046875e+05, 1.0132528125e+05, 1.013256484375e+05, 1.013258125e+05, 1.013258125e+05, 1.013258125e+05, 1.013258125e+05, 1.013258125e+05, 1.013258125e+05, 1.013258125e+05, 1.013258125e+05, 1.013258125e+05, 1.013256796875e+05, 1.01325359375e+05, 1.0132509375e+05, 1.01325e+05, 1.01325e+05, 1.01325e+05, 1.01325e+05, 1.01325e+05, 1.01325015625e+05, 1.0132534375e+05, 1.01326375e+05, 1.013278046875e+05, 1.013286328125e+05, 1.013289921875e+05, 1.013290625e+05, 1.0132884375e+05, 1.01328359375e+05, 1.013275546875e+05, 1.013267109375e+05, 1.013261015625e+05, 1.013258125e+05, 1.013257265625e+05, 1.013256953125e+05, 1.0132571875e+05, 1.013257890625e+05, 1.013259453125e+05, 1.01326171875e+05, 1.01326421875e+05, 1.01326578125e+05, 1.013265859375e+05, 1.013265859375e+05, 1.013265859375e+05, 1.013265859375e+05, 1.013265859375e+05, 1.013265859375e+05, 1.013265859375e+05, 1.013265859375e+05, 1.013265703125e+05, 1.01326390625e+05, 1.01326125e+05, 1.013258984375e+05, 1.013258125e+05, 1.013260078125e+05, 1.01326484375e+05, 1.013270703125e+05, 1.013274375e+05]
bou2.ports[1].p=[1.01325e+05, 1.01325e+05, 1.01325e+05, 1.01325e+05, 1.01325e+05, 1.013250390625e+05, 1.01325328125e+05, 1.013259140625e+05, 1.013264921875e+05, 1.013266796875e+05, 1.01326734375e+05, 1.013267109375e+05, 1.01326640625e+05, 1.01326515625e+05, 1.013262890625e+05, 1.013260546875e+05, 1.01325875e+05, 1.01325828125e+05, 1.013262578125e+05, 1.013271484375e+05, 1.01328125e+05, 1.013284453125e+05, 1.013281953125e+05, 1.0132775e+05, 1.013271796875e+05, 1.013265859375e+05, 1.01325890625e+05, 1.01325296875e+05, 1.0132503125e+05, 1.01325e+05, 1.01325e+05, 1.01325e+05, 1.01325e+05, 1.01325e+05, 1.01325e+05, 1.01325e+05, 1.01325e+05, 1.01325e+05, 1.01325e+05, 1.01325e+05, 1.01325e+05, 1.01325e+05, 1.01325e+05, 1.01325046875e+05, 1.0132528125e+05, 1.013256484375e+05, 1.013258125e+05, 1.013258125e+05, 1.013258125e+05, 1.013258125e+05, 1.013258125e+05, 1.013258125e+05, 1.013258125e+05, 1.013258125e+05, 1.013258125e+05, 1.013256796875e+05, 1.01325359375e+05, 1.0132509375e+05, 1.01325e+05, 1.01325e+05, 1.01325e+05, 1.01325e+05, 1.01325e+05, 1.01325015625e+05, 1.0132534375e+05, 1.01326375e+05, 1.013278046875e+05, 1.013286328125e+05, 1.013289921875e+05, 1.013290625e+05, 1.0132884375e+05, 1.01328359375e+05, 1.013275546875e+05, 1.013267109375e+05, 1.013261015625e+05, 1.013258125e+05, 1.013257265625e+05, 1.013256953125e+05, 1.0132571875e+05, 1.013257890625e+05, 1.013259453125e+05, 1.01326171875e+05, 1.01326421875e+05, 1.01326578125e+05, 1.013265859375e+05, 1.013265859375e+05, 1.013265859375e+05, 1.013265859375e+05, 1.013265859375e+05, 1.013265859375e+05, 1.013265859375e+05, 1.013265859375e+05, 1.013265703125e+05, 1.01326390625e+05, 1.01326125e+05, 1.013258984375e+05, 1.013258125e+05, 1.013260078125e+05, 1.01326484375e+05, 1.013270703125e+05, 1.013274375e+05]
bouFix.ports[1].p=[1.01325e+05, 1.01325e+05]
ori1.m_flow=[0e+00, 0e+00, 0e+00, 0e+00, 0e+00, 1.792484894394875e-02, 5.777211114764214e-02, 9.645459800958638e-02, 1.230574548244476e-01, 1.304431408643723e-01, 1.325990557670593e-01, 1.318356543779373e-01, 1.289161145687103e-01, 1.238390952348709e-01, 1.145253255963325e-01, 1.033203601837158e-01, 9.386524558067322e-02, 9.194642305374148e-02, 1.128065586090088e-01, 1.476826667785645e-01, 1.779813766479492e-01, 1.868793070316315e-01, 1.800597906112671e-01, 1.668669134378433e-01, 1.488305479288101e-01, 1.263258010149002e-01, 9.479853510856628e-02, 5.513663589954376e-02, 1.553945988416657e-02, 3.632183870649897e-05, 8.289040144872815e-32, 4.745448653750497e-32, 3.527842217810001e-33, 1.832684048723758e-37, 1.121038771459848e-44, 1.401298464324847e-45, -2.802596928649634e-45, -1.401298464324817e-45, 1.401298464324817e-45, 0e+00, 0e+00, 0e+00, -3.169704868923873e-04, 1.999484747648239e-02, 5.349711328744888e-02, 8.152878284454346e-02, 9.080202877521515e-02, 9.062781184911728e-02, 9.062781184911728e-02, 9.062781184911728e-02, 9.062781184911728e-02, 9.062781184911728e-02, 9.062781184911728e-02, 9.062781184911728e-02, 9.105069935321808e-02, 8.323492854833588e-02, 6.002350524067855e-02, 2.916970103979138e-02, 1.84244301635772e-03, -1.577131054001074e-30, 7.598065757549861e-32, 3.494286675457573e-35, -6.144091457827017e-05, 7.633285596966743e-03, 5.917683243751526e-02, 1.185152679681778e-01, 1.685569435358047e-01, 1.922131776809692e-01, 2.011718302965164e-01, 2.030081450939178e-01, 1.974992156028748e-01, 1.843155920505524e-01, 1.612088084220886e-01, 1.31730705499649e-01, 1.054320782423019e-01, 9.094297885894775e-02, 8.582326024770737e-02, 8.404724299907684e-02, 8.531273901462555e-02, 8.976338803768158e-02, 9.776606410741806e-02, 1.092495396733284e-01, 1.200598850846291e-01, 1.262354999780655e-01, 1.26897394657135e-01, 1.268789321184158e-01, 1.268789321184158e-01, 1.268789321184158e-01, 1.268789321184158e-01, 1.268789321184158e-01, 1.268789321184158e-01, 1.268789321184158e-01, 1.254056543111801e-01, 1.187061816453934e-01, 1.068211197853088e-01, 9.442334622144699e-02, 9.131461381912231e-02, 1.013156995177269e-01, 1.232390552759171e-01, 1.446039527654648e-01, 1.570882052183151e-01]
ori2.m_flow=[0e+00, 0e+00, 0e+00, 0e+00, 0e+00, 1.792484894394875e-02, 5.777211114764214e-02, 9.645459800958638e-02, 1.230574548244476e-01, 1.304431408643723e-01, 1.325990557670593e-01, 1.318356543779373e-01, 1.289161145687103e-01, 1.238390952348709e-01, 1.145253255963325e-01, 1.033203601837158e-01, 9.386524558067322e-02, 9.194642305374148e-02, 1.128065586090088e-01, 1.476826667785645e-01, 1.779813766479492e-01, 1.868793070316315e-01, 1.800597906112671e-01, 1.668669134378433e-01, 1.488305479288101e-01, 1.263258010149002e-01, 9.479853510856628e-02, 5.513663589954376e-02, 1.553945988416657e-02, 3.632183870649897e-05, 8.289040144872815e-32, 4.745448653750497e-32, 3.527842217810001e-33, 1.832684048723758e-37, 1.121038771459848e-44, 1.401298464324847e-45, -2.802596928649634e-45, -1.401298464324817e-45, 1.401298464324817e-45, 0e+00, 0e+00, 0e+00, -3.169704868923873e-04, 1.999484747648239e-02, 5.349711328744888e-02, 8.152878284454346e-02, 9.080202877521515e-02, 9.062781184911728e-02, 9.062781184911728e-02, 9.062781184911728e-02, 9.062781184911728e-02, 9.062781184911728e-02, 9.062781184911728e-02, 9.062781184911728e-02, 9.105069935321808e-02, 8.323492854833588e-02, 6.002350524067855e-02, 2.916970103979138e-02, 1.84244301635772e-03, -1.577131054001074e-30, 7.598065757549861e-32, 3.494286675457573e-35, -6.144091457827017e-05, 7.633285596966743e-03, 5.917683243751526e-02, 1.185152679681778e-01, 1.685569435358047e-01, 1.922131776809692e-01, 2.011718302965164e-01, 2.030081450939178e-01, 1.974992156028748e-01, 1.843155920505524e-01, 1.612088084220886e-01, 1.31730705499649e-01, 1.054320782423019e-01, 9.094297885894775e-02, 8.582326024770737e-02, 8.404724299907684e-02, 8.531273901462555e-02, 8.976338803768158e-02, 9.776606410741806e-02, 1.092495396733284e-01, 1.200598850846291e-01, 1.262354999780655e-01, 1.26897394657135e-01, 1.268789321184158e-01, 1.268789321184158e-01, 1.268789321184158e-01, 1.268789321184158e-01, 1.268789321184158e-01, 1.268789321184158e-01, 1.268789321184158e-01, 1.254056543111801e-01, 1.187061816453934e-01, 1.068211197853088e-01, 9.442334622144699e-02, 9.131461381912231e-02, 1.013156995177269e-01, 1.232390552759171e-01, 1.446039527654648e-01, 1.570882052183151e-01]
ori1.dp=[0e+00, 0e+00, 0e+00, 0e+00, 0e+00, 4.109539836645126e-02, 3.291520774364471e-01, 9.176499843597419e-01, 1.492913365364075e+00, 1.678039312362671e+00, 1.735010981559753e+00, 1.713871479034424e+00, 1.638108730316162e+00, 1.514818668365479e+00, 1.292838811874389e+00, 1.052761912345886e+00, 8.716443777084351e-01, 8.286504745483403e-01, 1.256465196609497e+00, 2.145718812942505e+00, 3.121582269668579e+00, 3.443734169006348e+00, 3.197260618209839e+00, 2.747929573059082e+00, 2.182639837265015e+00, 1.587599992752075e+00, 8.898555636405945e-01, 2.943244278430939e-01, 3.480263054370843e-02, 1.939800858963281e-05, 0e+00, 0e+00, 0e+00, 0e+00, 0e+00, 0e+00, 0e+00, 0e+00, 0e+00, 0e+00, 0e+00, 0e+00, 2.675972646102309e-04, 4.730520769953728e-02, 2.815482318401337e-01, 6.502809524536133e-01, 8.100000023841858e-01, 8.100000023841858e-01, 8.100000023841858e-01, 8.100000023841858e-01, 8.100000023841858e-01, 8.100000023841858e-01, 8.100000023841858e-01, 8.100000023841858e-01, 8.100000023841858e-01, 6.819599866867041e-01, 3.556546270847294e-01, 9.439851343631908e-02, 3.297883318737149e-03, 0e+00, 0e+00, 0e+00, 0e+00, 1.494821440428495e-02, 3.440098464488983e-01, 1.374349474906921e+00, 2.802098512649536e+00, 3.635134696960449e+00, 3.991134881973268e+00, 4.064330101013184e+00, 3.846739530563357e+00, 3.358331441879272e+00, 2.557523727416992e+00, 1.714360356330872e+00, 1.098139762878418e+00, 8.100000023841858e-01, 7.263204455375671e-01, 6.966409087181091e-01, 7.177774310112e-01, 7.920042276382446e-01, 9.427492022514343e-01, 1.174800753593445e+00, 1.419033408164978e+00, 1.575020551681519e+00, 1.587599992752075e+00, 1.587599992752075e+00, 1.587599992752075e+00, 1.587599992752075e+00, 1.587599992752075e+00, 1.587599992752075e+00, 1.587599992752075e+00, 1.587599992752075e+00, 1.572361469268799e+00, 1.389329314231873e+00, 1.121576547622681e+00, 8.985385298728943e-01, 8.096638321876526e-01, 1.010104775428772e+00, 1.484772205352783e+00, 2.066929578781128e+00, 2.433599948883057e+00]
ori2.dp=[0e+00, 0e+00, 0e+00, 0e+00, 0e+00, 4.109539836645126e-02, 3.291520774364471e-01, 9.176499843597419e-01, 1.492913365364075e+00, 1.678039312362671e+00, 1.735010981559753e+00, 1.713871479034424e+00, 1.638108730316162e+00, 1.514818668365479e+00, 1.292838811874389e+00, 1.052761912345886e+00, 8.716443777084351e-01, 8.286504745483403e-01, 1.256465196609497e+00, 2.145718812942505e+00, 3.121582269668579e+00, 3.443734169006348e+00, 3.197260618209839e+00, 2.747929573059082e+00, 2.182639837265015e+00, 1.587599992752075e+00, 8.898555636405945e-01, 2.943244278430939e-01, 3.480263054370843e-02, 1.939800858963281e-05, 0e+00, 0e+00, 0e+00, 0e+00, 0e+00, 0e+00, 0e+00, 0e+00, 0e+00, 0e+00, 0e+00, 0e+00, 2.675972646102309e-04, 4.730520769953728e-02, 2.815482318401337e-01, 6.502809524536133e-01, 8.100000023841858e-01, 8.100000023841858e-01, 8.100000023841858e-01, 8.100000023841858e-01, 8.100000023841858e-01, 8.100000023841858e-01, 8.100000023841858e-01, 8.100000023841858e-01, 8.100000023841858e-01, 6.819599866867041e-01, 3.556546270847294e-01, 9.439851343631908e-02, 3.297883318737149e-03, 0e+00, 0e+00, 0e+00, 0e+00, 1.494821440428495e-02, 3.440098464488983e-01, 1.374349474906921e+00, 2.802098512649536e+00, 3.635134696960449e+00, 3.991134881973268e+00, 4.064330101013184e+00, 3.846739530563357e+00, 3.358331441879272e+00, 2.557523727416992e+00, 1.714360356330872e+00, 1.098139762878418e+00, 8.100000023841858e-01, 7.263204455375671e-01, 6.966409087181091e-01, 7.177774310112e-01, 7.920042276382446e-01, 9.427492022514343e-01, 1.174800753593445e+00, 1.419033408164978e+00, 1.575020551681519e+00, 1.587599992752075e+00, 1.587599992752075e+00, 1.587599992752075e+00, 1.587599992752075e+00, 1.587599992752075e+00, 1.587599992752075e+00, 1.587599992752075e+00, 1.587599992752075e+00, 1.572361469268799e+00, 1.389329314231873e+00, 1.121576547622681e+00, 8.985385298728943e-01, 8.096638321876526e-01, 1.010104775428772e+00, 1.484772205352783e+00, 2.066929578781128e+00, 2.433599948883057e+00]
