#1
double tab1(1008,8)
# Date
# DEC001_____PDT511_RUP_
# DEC001_____PT511__RUP_
# DEC001_____PT521__RUP_
# DEC001_____TT511__RUP_
# DEC001_____TT521__RUP_
# Eau chaude - Débit réseau (valeur OK)
# THA-RET. POS. VANNE DE BY-PASS DE DISTR. - CIF DEC001
-86400.0	0.92352	4.8898	3.9068	61.114	56.81	75.73	81.956
-85800.0	0.92992	4.9174	3.9296	61.11	56.872	74.05	82.684
-85200.0	0.92528	4.9352	3.9512	61.192	56.93	73.06	83.69
-84600.0	0.91744	4.9322	3.9552	61.06399999999999	56.785	74.76	82.675
-84000.0	0.9488	4.9910000000000005	3.9848	61.25	57.09	71.24	83.87100000000002
-83400.0	0.93952	5.0144	4.016	61.34	57.343	69.29	85.47399999999998
-82800.0	0.92176	5.0012	4.0214	61.323	57.448	68.62	85.83
-82200.0	0.92656	4.9938	4.0082	61.26600000000001	57.335	70.23	84.59299999999998
-81600.0	0.9416	5.0042	4.0042	61.348	57.519	68.23	85.915
-81000.0	0.94016	4.9856	3.9862	61.38800000000001	57.767	65.23	87.574
-80400.0	0.944	4.9494	3.9466	61.181	57.685	64.22	88.26
-79800.0	0.9288	4.8826	3.8966	60.941	57.51	64.68	87.93
-79200.0	0.9216	4.8214	3.8404	60.975	57.556	65.25	87.654
-78600.0	0.93168	4.8662	3.8744	61.028	57.585	64.29	88.20100000000002
-78000.0	0.93232	4.9942	4.0028	60.877	57.308	65.69	87.105
-77400.0	0.94128	4.932	3.9344	60.678	57.149	65.14	87.24700000000001
-76800.0	0.93968	4.8888	3.89	61.024	57.385	65.16	87.73299999999998
-76200.0	0.94032	4.8462	3.8474	61.074	57.434	64.92	87.24700000000001
-75600.0	0.94288	4.9732	3.9726	60.986	57.424	64.1	87.89
-75000.0	0.93168	4.9806	3.9888	60.924	57.328	64.21	87.757
-74400.0	0.93248	4.9332	3.9428	60.856	57.226000000000006	64.57	87.637
-73800.0	0.94672	4.908	3.9036	60.83	57.2	65.1	87.49
-73200.0	0.92608	4.8626	3.8768	60.798	57.084	65.76	87.554
-72600.0	0.92752	4.825	3.8406	60.657	56.913	67.26	86.29299999999998
-72000.0	0.93216	4.8054	3.8154	60.706	56.76300000000001	68.83	85.147
-71400.0	0.91968	4.8668	3.8866	60.83600000000001	56.743	71.85	83.816
-70800.0	0.93104	5.0388	4.0484	60.74800000000001	56.582	73.68	82.29799999999999
-70200.0	0.94016	5.0316	4.0324	60.673	56.508	74.45	81.934
-69600.0	0.95904	5.051	4.035	60.8	56.654	73.24	82.037
-69000.0	0.92864	5.0316	4.0464	60.834	56.629	74.97	81.804
-68400.0	0.92112	5.0036	4.0242	60.617	56.215	80.26	78.587
-67800.0	0.95504	5.0182	4.005	60.484	56.198	78.9	77.953
-67200.0	0.95376	5.0044	3.9912	60.622	56.398	77.48	79.92500000000003
-66600.0	0.93904	4.9928	3.994	60.895	56.688	76.67	80.69
-66000.0	0.94304	5.0208	4.0198	61.223	57.104	73.6	82.605
-65400.0	0.92784	5.015	4.029	61.288	57.26	73.08	83.081
-64800.0	0.93552	5.008	4.0142	61.215	57.197	72.01	83.70700000000002
-64200.0	0.93152	5.004	4.015	61.25899999999999	57.191	72.84	83.14299999999999
-63600.0	0.94672	5.0264	4.0214	61.274	57.261	70.96	84.085
-63000.0	0.9304	5.0108	4.022	61.208	57.144	72.88	83.104
-62400.0	0.93488	5.0208	4.0266	61.231	57.174	72.55	82.9
-61800.0	0.94832	5.0454	4.039	61.26	57.231	71.94	83.164
-61200.0	0.93616	5.0382	4.045	61.4	57.277	72.59	82.779
-60600.0	0.94224	5.0176	4.018	61.08	56.973	73.22	82.76299999999998
-60000.0	0.93968	5.0086	4.0086	61.13	57.12	70.04	84.791
-59400.0	0.9264	4.9798	3.9936	61.168	57.1	72.08	83.809
-58800.0	0.9464	4.9830000000000005	3.98	61.26600000000001	57.352	68.54	85.60700000000001
-58200.0	0.92048	4.944	3.9642	61.355	57.482	68.25	86.74
-57600.0	0.90336	4.8718	3.9098	60.83	57.139	68.44	87.056
-57000.0	0.91344	4.824	3.8526	60.631	56.968	69.03	86.426
-56400.0	0.92208	4.842	3.859	60.769	57.13800000000001	66.04	87.824
-55800.0	0.91312	4.9834	4.0122	60.82899999999999	57.224	65.43	88.803
-55200.0	0.8964799999999999	4.8974	3.9426	60.78100000000001	57.002	68.47	87.337
-54600.0	0.89984	4.8544	3.8954	60.871	57.08600000000001	69.24	86.64299999999999
-54000.0	0.90992	4.836	3.8672	61.018	57.261	67.42	87.635
-53400.0	0.92176	4.8346	3.8544	61.01	57.38399999999999	63.15	89.21700000000001
-52800.0	0.904	4.8182	3.8558	61.298	57.744	60.38	91.148
-52200.0	0.8803200000000001	4.716	3.7762	61.339	57.703	63.15	90.683
-51600.0	0.8881600000000001	4.797	3.8488	60.794	57.22	63.27	90.586
-51000.0	0.87664	5.0188	4.0864	62.188	58.139	66.32	89.89200000000002
-50400.0	0.88256	4.5704	3.628	60.221	56.74	66.86	88.805
-49800.0	0.86944	4.7864	3.859	61.412	57.244	68.03	88.464
-49200.0	0.87056	4.9736	4.0476	61.244	57.297	69.26	87.57
-48600.0	0.86672	4.975	4.0494	60.809	56.933	70.86	87.22399999999998
-48000.0	0.8782399999999999	5.0298	4.0916	61.06399999999999	57.085	69.27	87.61399999999998
-47400.0	0.8784	5.0808	4.1446	61.243	57.26300000000001	67.24	88.93299999999998
-46800.0	0.8636799999999999	5.1122	4.19	61.41	57.521	66.87	89.744
-46200.0	0.87008	5.1436	4.2178	61.072	57.44600000000001	64.53	90.873
-45600.0	0.8572799999999999	5.1528	4.2360000000000015	61.298	57.78100000000001	62.66	92.148
-45000.0	0.86	5.1756	4.258	61.36600000000001	57.817	63.24	91.657
-44400.0	0.8638399999999999	5.167999999999998	4.2466	61.357	58.014	61.64	92.667
-43800.0	0.8630399999999999	5.154	4.2318	61.46	58.199	60.33	93.323
-43200.0	0.8616	5.1548	4.2352	61.554	58.361	60.36	92.958
-42600.0	0.8598399999999999	5.1408	4.2214	61.593	58.519	58.27	94.598
-42000.0	0.84944	5.0954	4.1866	61.213	58.044	62.2	92.347
-41400.0	0.8420799999999999	5.0558	4.1554	60.931	57.826	62.38	92.546
-40800.0	0.85744	5.0198	4.105	60.83600000000001	57.846	61.19	92.958
-40200.0	0.85888	4.9872	4.0706	60.989	57.999	59.56	93.776
-39600.0	0.8459200000000001	4.9436	4.038	61.03100000000001	57.967	60.06	93.553
-39000.0	0.8595200000000001	4.9192	4.0002	60.94300000000001	57.98	58.01	94.701
-38400.0	0.8417600000000001	4.8624	3.9618	60.879	57.879	59.2	94.002
-37800.0	0.8595200000000001	4.8402	3.9214	60.881	57.91	58.22	94.739
-37200.0	0.8484799999999999	4.7918	3.8848	60.981	57.973	58.45	94.345
-36600.0	0.85936	4.765	3.8478	60.968	58.088	55.79	95.695
-36000.0	0.85744	4.7376	3.8206	61.319	58.471	53.21	97.966
-35400.0	0.848	4.8752	3.9686	61.466	58.49800000000001	52.59	95.845
-34800.0	0.79696	4.8734	4.0184	61.44	58.17100000000001	53.62	87.95
-34200.0	0.8371200000000001	4.8612	3.9656	61.157	57.885	55.5	85.305
-33600.0	0.83888	4.8242	3.9268	60.935	57.64	57.11	83.838
-33000.0	0.8532799999999999	4.8032	3.8914	60.629	57.237	59.59	82.204
-32400.0	0.85264	4.7854	3.8732	60.653	57.291	57.57	83.589
-31800.0	0.8476799999999999	4.7788	3.8732	60.825	57.413	57.65	83.524
-31200.0	0.8299200000000001	4.753	3.863	60.79600000000001	57.269	59.26	83.366
-30600.0	0.83824	4.737	3.8414	60.59	56.962	60.95	81.554
-30000.0	0.86	4.7588	3.8414	60.85	57.178	59.42	82.46700000000001
-29400.0	0.8611200000000001	4.7656	3.8438	60.887	57.212	56.9	83.936
-28800.0	0.86256	4.7758	3.8556	61.041	57.472	55.07	85.15799999999999
-28200.0	0.85264	4.7716	3.8582	61.323	57.734	55.63	84.31700000000002
-27600.0	0.8688	4.7866	3.8592	61.51600000000001	58.038	54.67	84.31200000000003
-27000.0	0.86208	4.7778	3.8572	61.624	58.184	55.24	84.20100000000002
-26400.0	0.8531200000000001	4.7564	3.8448	61.474	57.914	58.82	82.285
-25800.0	0.8635200000000001	4.7522	3.8308	61.335	57.74100000000001	59.27	81.462
-25200.0	0.87776	4.7578	3.8232	61.216	57.639	58.97	81.888
-24600.0	0.8568	4.7336	3.8206	60.99100000000001	57.315	61.64	80.562
-24000.0	0.87072	4.7296	3.7998	60.724	57.12300000000001	61.72	79.46400000000001
-23400.0	0.88784	4.9736	4.0268	60.652	57.076	60.12	79.91400000000002
-22800.0	0.8617600000000001	4.9626	4.0424	60.642	56.842	62.88	79.084
-22200.0	0.87728	4.968	4.0344	60.727	56.808	63.98	77.624
-21600.0	0.8836799999999999	4.9564	4.0139999999999985	60.787	56.898	64.35	77.666
-21000.0	0.90112	4.9448	3.9826	60.82899999999999	56.99100000000001	63.49	77.708
-20400.0	0.8835200000000001	4.9106	3.9692	61.059	57.17	62.93	78.434
-19800.0	0.87936	4.8802	3.941	61.015	57.072	65.64	76.687
-19200.0	0.9	4.8786	3.9202	61.139	57.28	63.17	77.958
-18600.0	0.88912	4.8598	3.9108	61.32899999999999	57.394	63.5	77.84899999999998
-18000.0	0.8915200000000001	4.8726	3.9238	61.484	57.581	61.7	79.393
-17400.0	0.85408	4.835	3.9232	61.147	57.153	66.79	76.896
-16800.0	0.8769600000000001	4.837	3.8996	60.74	56.69300000000001	68.29	75.03
-16200.0	0.8876799999999999	4.8472	3.8992	60.642	56.53	68.42	74.827
-15600.0	0.8603200000000001	4.8212	3.8992	60.544	56.395	70.79	73.921
-15000.0	0.87072	4.8194	3.8902	60.756	56.21100000000001	74.54	70.932
-14400.0	0.91616	4.8884	3.913	61.337	56.948	68.7	73.518
-13800.0	0.90624	4.8992	3.936	61.453	57.302	65.99	75.794
-13200.0	0.89264	4.8858	3.9334	61.432	57.385	65.54	76.536
-12600.0	0.87776	4.8408	3.9036	60.994	57.018	67.61	75.38
-12000.0	0.89264	4.8194	3.8678	60.808	56.871	67.84	74.64399999999998
-11400.0	0.90912	4.8204	3.8526	61.054	57.217	64.0	77.24600000000002
-10800.0	0.8868799999999999	4.8002	3.8544	61.024	57.151	64.39	77.084
-10200.0	0.8816	4.7976	3.8562	61.087	57.219	63.37	78.124
-9600.0	0.8729600000000001	4.7792	3.8452	61.137	57.192	65.46	76.881
-9000.0	0.88512	4.7738	3.8306	61.16	57.225	64.36	77.443
-8400.0	0.8744	4.7534	3.82	61.111	57.215	64.36	77.891
-7800.0	0.89776	4.8328	3.8756	60.99100000000001	57.118	63.17	77.243
-7200.0	0.89056	4.9936	4.0452	61.18600000000001	57.301	61.85	78.827
-6600.0	0.8968	4.98	4.026	61.286	57.473	61.18	79.293
-6000.0	0.8864	4.9564	4.0092	61.379	57.633	61.22	79.745
-5400.0	0.88576	4.9302	3.9856	61.44300000000001	57.572	63.17	77.939
-4800.0	0.8976	4.9184	3.9618	61.257	57.521	61.3	79.38600000000002
-4200.0	0.8956799999999999	4.8998	3.945	61.242	57.395	61.37	78.59899999999998
-3600.0	0.90864	4.897	3.9328	61.32899999999999	57.529	59.47	80.497
-3000.0	0.8896	4.8610000000000015	3.9118	61.235	57.344	61.69	79.102
-2400.0	0.88336	4.8284	3.8858	61.112	57.145	63.78	77.431
-1800.0	0.92432	4.8336	3.8472	60.837	57.047	60.84	78.069
-1200.0	0.8987200000000001	4.7894	3.832	60.926	57.076	61.39	78.617
-600.0	0.91488	4.7776	3.803	60.859	57.092	59.84	79.059
0.0	0.9224	4.9934	4.012	61.168	57.511	56.96	81.324
600.0	0.904	5.003	4.0412	61.467	57.76	57.6	81.21300000000002
1200.0	0.8963200000000001	4.976	4.023	61.494	57.64100000000001	59.25	79.873
1800.0	0.912	4.9668	3.9946	61.271	57.636	57.28	81.173
2400.0	0.91056	4.9432	3.9734	61.06399999999999	57.449	57.19	81.08
3000.0	0.8952	4.9076	3.953	60.967	57.298	57.39	81.936
3600.0	0.8982399999999999	4.8796	3.9218	60.767	57.114	58.37	80.76
4200.0	0.8862399999999999	4.8336	3.8878	60.732	56.81800000000001	61.66	78.694
4800.0	0.8923200000000001	4.8212	3.8714	60.782	56.777	63.75	77.176
5400.0	0.8968	4.813	3.8572	60.89	56.708	65.68	75.793
6000.0	0.90976	4.8226	3.853	60.88	56.664	66.51	75.111
6600.0	0.90736	4.8118	3.8446	60.71100000000001	56.559	66.54	74.584
7200.0	0.91088	4.802	3.8338	60.664	56.527	66.78	74.64
7800.0	0.9072	4.8008	3.8348	60.70399999999999	56.536	66.93	74.5
8400.0	0.9184	5.0306	4.052	60.79600000000001	56.612	66.09	75.128
9000.0	0.90992	5.043	4.0738	61.003	56.736	65.09	76.116
9600.0	0.9064	5.0614	4.0974	60.933	56.728	65.86	75.185
10200.0	0.91056	5.0806	4.1122	60.97	56.779	66.52	75.39399999999998
10800.0	0.92304	5.1178	4.1372	61.108	57.01300000000001	64.46	75.949
11400.0	0.92592	5.1478	4.164	61.35	57.40600000000001	61.89	77.649
12000.0	0.90752	5.1264	4.1608	61.292	57.465	61.99	77.592
12600.0	0.91536	5.1206	4.1464	61.151	57.315	62.57	77.592
13200.0	0.9136	5.1108	4.1398	61.206	57.303	63.27	76.57000000000002
13800.0	0.92144	5.1174	4.1386	61.183	57.312	62.86	77.002
14400.0	0.92304	5.1114	4.129	61.187	57.405	61.61	77.884
15000.0	0.9128	5.084	4.114	61.197	57.389	62.14	77.516
15600.0	0.91488	5.0774	4.107	61.456	57.644	61.27	78.657
16200.0	0.91952	5.0614	4.085	61.399	57.666	61.3	77.876
16800.0	0.92368	5.0404	4.0574	61.276	57.559	60.04	78.789
17400.0	0.91296	5.0036	4.0322	61.121	57.362	61.02	78.578
18000.0	0.90688	4.9504	3.984	60.799	57.014	63.6	76.60100000000001
18600.0	0.91968	4.9242	3.9446	60.86600000000001	57.011	63.13	76.508
19200.0	0.92128	4.9066	3.926	61.062	57.08600000000001	63.93	75.729
19800.0	0.9272	4.8982	3.9122	61.106	57.173	63.34	76.642
20400.0	0.92576	4.882	3.8964	61.066	57.105	63.6	75.72800000000002
21000.0	0.93536	4.8712	3.879	61.06800000000001	57.13399999999999	63.18	75.60600000000002
21600.0	0.9424	4.8634	3.8622	61.163	57.236	61.99	76.867
22200.0	0.93712	4.8496	3.853	61.323	57.33600000000001	61.44	77.234
22800.0	0.93424	4.8344	3.8402	61.176	57.135	63.01	75.726
23400.0	0.93424	4.8218	3.8306	61.096	56.983	64.37	74.903
24000.0	0.94944	4.8192	3.8092	60.82	56.809	64.99	73.859
24600.0	0.93888	4.8894	3.8924	60.965	56.937	64.64	74.896
25200.0	0.93168	4.9964	4.0044	60.644	56.743	65.77	74.21
25800.0	0.92496	4.9528	3.9696	60.78	56.55	68.7	72.72600000000001
26400.0	0.9224	4.9254	3.944	60.702	56.315	71.74	70.35
27000.0	0.92544	4.901	3.9172	60.67100000000001	55.93	77.13	66.777
27600.0	0.96096	4.939	3.9204	60.808	56.214	74.38	68.23
28200.0	0.92896	4.9254	3.9366	61.13	56.35	76.45	67.506
28800.0	0.9464	4.9232	3.9184	60.837	56.026	78.2	65.1
29400.0	0.96576	4.9264	3.9024	60.75899999999999	55.926	78.6	64.59
30000.0	0.97248	4.924	3.8916	60.617	55.718	80.21	63.707
30600.0	0.96	4.9086	3.8884	60.705	55.882	80.54	63.81800000000001
31200.0	0.97168	4.9110000000000005	3.8836	60.651	55.844	81.53	63.04600000000001
31800.0	0.9656	4.9204	3.895	60.914	56.154	81.23	63.458
32400.0	0.98272	4.9696	3.9286	61.176	56.423	77.55	65.242
33000.0	0.98528	4.9988	3.9542	61.363	56.853	73.63	67.835
33600.0	0.97008	4.9916	3.9634	61.39100000000001	56.854	72.55	68.96600000000001
34200.0	0.9688	5.0022	3.9762	61.407	56.916	71.26	69.83800000000001
34800.0	0.94096	4.985	3.9864	61.383	56.89	72.1	69.946
35400.0	0.94064	4.9854	3.986	61.119	56.675	73.06	69.22800000000001
36000.0	0.94928	5.011	4.0018	61.059	56.692	72.76	69.128
36600.0	0.9512	5.0512	4.0404	61.459	57.26600000000001	69.22	71.703
37200.0	0.93536	5.0258	4.0336	61.242	57.106	69.5	71.766
37800.0	0.92976	5.0228	4.0338	61.045	56.935	68.37	72.702
38400.0	0.92288	5.0312	4.05	61.07	57.022	66.54	74.544
39000.0	0.8952	5.0242	4.0708	61.182	56.996	68.18	74.497
39600.0	0.91632	5.0606	4.0852	61.253	57.187	65.48	75.282
40200.0	0.90192	5.0718	4.1118	61.4	57.56	61.96	78.282
40800.0	0.88544	5.0624	4.1168	61.258	57.548	63.09	78.142
41400.0	0.87472	5.0502	4.1156	61.157	57.435	64.34	77.895
42000.0	0.8888	5.0674	4.12	61.127	57.435	61.2	79.568
42600.0	0.8884799999999999	5.0776	4.1306	61.13399999999999	57.551	60.27	79.834
43200.0	0.8849600000000001	5.095	4.1518	61.419	57.82899999999999	59.28	81.148
43800.0	0.8708799999999999	5.0968	4.1662	61.567	57.894	61.02	80.17
44400.0	0.888	5.1164	4.169	61.603	58.01300000000001	60.02	80.362
45000.0	0.888	5.1162	4.1696	61.585	58.13399999999999	58.93	81.22800000000002
45600.0	0.87536	5.0886	4.1568	61.467	58.006	58.84	81.273
46200.0	0.884	5.0682	4.1262	61.286	57.941	58.91	80.87
46800.0	0.8848	5.0526	4.1106	61.379	58.098	57.66	81.959
47400.0	0.8696	5.0276	4.1034	61.488	58.181	57.84	82.757
48000.0	0.85536	4.9888	4.0734	61.32100000000001	57.892	60.02	81.45500000000001
48600.0	0.87056	4.976	4.048	61.163	57.828	59.27	81.074
49200.0	0.8692799999999999	4.9652	4.0368	61.45399999999999	58.238	55.76	84.241
49800.0	0.8672	4.9294	4.0042	61.602	58.394	54.05	85.012
50400.0	0.86272	4.8946	3.9734	61.694	58.645	51.17	87.206
51000.0	0.83824	4.8322	3.9344	61.612	58.559	51.77	87.288
51600.0	0.8483200000000001	4.7958	3.8904	61.469	58.429	51.51	86.994
52200.0	0.8452799999999999	4.753	3.8492	61.448	58.434	51.0	88.006
52800.0	0.83952	4.7172	3.8212	61.544	58.612	49.76	88.87799999999999
53400.0	0.8456	4.831	3.9278	61.64100000000001	58.723	48.75	88.875
54000.0	0.83968	4.9178	4.0198	61.668	58.75899999999999	48.57	89.11399999999998
54600.0	0.83504	4.884	3.9884	61.681	58.75100000000001	48.74	89.77
55200.0	0.8251200000000001	4.836	3.9522	61.512	58.662	48.35	89.87700000000002
55800.0	0.8363200000000001	4.805	3.9108	61.464	58.62	48.47	89.40899999999998
56400.0	0.8251200000000001	4.7548	3.8714	61.322	58.356	49.13	89.84700000000002
57000.0	0.81184	4.7164	3.8466	60.82100000000001	57.813	50.88	89.00399999999998
57600.0	0.81728	4.902	4.0262	60.423	57.455	50.43	88.992
58200.0	0.8083199999999999	4.8662	3.9988	60.67	57.635	49.9	90.416
58800.0	0.80528	4.84	3.977	60.931	57.867	49.04	90.845
59400.0	0.8116800000000001	4.823	3.9514	61.164	58.145	48.29	90.24
60000.0	0.8558399999999999	4.8306	3.9162	61.135	58.13800000000001	48.54	88.667
60600.0	0.8523200000000001	4.7944	3.8826	61.099	57.995	49.74	87.62200000000001
61200.0	0.85024	4.7548	3.8456	60.922	57.726000000000006	51.86	86.449
61800.0	0.86016	4.8266	3.9058	60.558	57.286	54.78	84.351
62400.0	0.8776	4.9564	4.0184	60.658	57.31800000000001	53.65	84.492
63000.0	0.8608	4.9384	4.02	61.169	57.599	54.86	84.09700000000002
63600.0	0.8697600000000001	4.94	4.0102	61.49800000000001	57.817	55.23	83.387
64200.0	0.8632	4.9038	3.9832	61.112	57.354	60.07	81.065
64800.0	0.8609600000000001	4.8816	3.9616	60.782	56.965	62.8	78.949
65400.0	0.8692799999999999	4.8876	3.958	60.793	56.74	64.12	77.587
66000.0	0.8704	4.8996	3.97	60.813	56.63800000000001	66.61	76.08
66600.0	0.88176	4.9326	3.9936	60.908	56.517	69.04	73.834
67200.0	0.8889600000000001	4.9598	4.0118	60.757	56.494	68.72	73.73899999999998
67800.0	0.90288	4.9618	4.002	60.895	56.687	68.01	74.577
68400.0	0.92464	5.0692	4.087	61.303	57.272	62.11	77.641
69000.0	0.888	5.0554	4.11	61.255	57.207	62.01	78.53399999999998
69600.0	0.89904	5.08	4.122	61.232	57.235	63.61	77.105
70200.0	0.89392	5.0706	4.119	61.176	57.29	63.84	76.938
70800.0	0.8728	5.0332	4.1022	61.17100000000001	57.187	67.33	76.09899999999998
71400.0	0.892	5.0242	4.0734	60.964	56.82899999999999	69.13	73.73
72000.0	0.9001600000000001	5.04	4.082	61.205	57.226000000000006	66.19	75.32
72600.0	0.8980799999999999	5.0304	4.0718	61.149	57.132	66.11	75.828
73200.0	0.8916799999999999	5.017	4.067	61.143	57.262	65.57	76.268
73800.0	0.8796799999999999	4.9816	4.0432	61.081	57.043	68.03	74.667
74400.0	0.91152	4.987	4.0164	60.959	56.941	66.88	74.582
75000.0	0.9376	5.0118	4.0146	61.148	57.536	58.4	79.499
75600.0	0.90576	4.9734	4.0094	61.331	57.797	56.45	81.98299999999998
76200.0	0.88528	4.917	3.9732	61.052	57.359	60.2	79.538
76800.0	0.9168	4.9122	3.9358	61.012	57.511	57.86	80.47399999999998
77400.0	0.90976	4.8936	3.9266	61.326	57.817	56.69	81.734
78000.0	0.88864	4.8566	3.911	61.459	57.849	58.96	80.689
78600.0	0.90496	4.8354	3.8736	61.226000000000006	57.57	60.18	79.325
79200.0	0.91216	4.809	3.8394	61.099	57.5	58.95	80.122
79800.0	0.9072	4.7868	3.8218	61.176	57.56800000000001	57.97	80.468
80400.0	0.92288	4.7888	3.8076	61.234	57.695	56.52	81.11
81000.0	0.90256	4.8632	3.9006	61.325	57.668	57.91	80.6
81600.0	0.90784	5.0162	4.0482	61.278	57.654	56.89	81.36399999999998
82200.0	0.92384	5.024	4.0396	61.247	57.761	54.13	82.73899999999998
82800.0	0.9056	4.9922	4.0276	61.185	57.7	55.25	82.336
83400.0	0.90848	4.9794	4.0132	61.122	57.588	55.45	82.476
84000.0	0.91056	4.9622	3.99	61.007	57.51600000000001	55.5	82.47399999999998
84600.0	0.90864	4.937	3.9692	60.999	57.49	55.55	82.47399999999998
85200.0	0.904	4.9158	3.9508	60.94600000000001	57.392	55.89	81.96700000000001
85800.0	0.90464	4.9008	3.9376	60.908	57.408	56.14	81.459
86400.0	0.904	4.8868	3.9258	61.021	57.455	56.77	81.13000000000002
87000.0	0.90912	4.8702	3.904	60.928	57.38800000000001	56.99	81.315
87600.0	0.9001600000000001	4.8464	3.8878	61.03	57.47	56.48	81.993
88200.0	0.88256	4.7906	3.85	60.653	56.96	60.62	79.71
88800.0	0.91552	4.7916	3.8164	60.826	57.172	57.24	80.982
89400.0	0.91808	5.023	4.0472	61.106	57.499	55.54	82.046
90000.0	0.8864	4.9938	4.0474	61.368	57.578	57.18	81.722
90600.0	0.868	4.9416	4.0138	60.937	56.911	64.73	77.24600000000002
91200.0	0.91776	4.959	3.9836	60.94600000000001	57.063	62.66	77.538
91800.0	0.89584	4.9402	3.9838	61.176	57.128	63.73	77.027
92400.0	0.90736	4.9494	3.9842	60.979	56.927	64.83	76.029
93000.0	0.91024	4.9588	3.9878	60.923	56.896	63.72	76.788
93600.0	0.90272	4.9576	3.9958	60.872	56.795	64.35	76.499
94200.0	0.90352	4.9584	3.9952	60.667	56.559	65.61	75.161
94800.0	0.92048	4.976	3.9958	60.8	56.65600000000001	65.44	75.265
95400.0	0.91856	4.9914	4.012	60.908	56.794	64.05	76.107
96000.0	0.912	4.9994	4.0282	60.971	56.858	63.49	76.13600000000002
96600.0	0.91824	5.016	4.0412	61.167	57.177	63.05	76.433
97200.0	0.93152	5.0418	4.0518	61.412	57.521	60.57	78.003
97800.0	0.92688	5.0268	4.0426	61.338	57.651	59.55	79.23100000000002
98400.0	0.92528	5.0078	4.0254	61.333	57.744	57.87	80.241
99000.0	0.91616	4.9852	4.0106	61.354	57.731	58.22	80.464
99600.0	0.91248	4.9708	3.999	61.35	57.701	58.06	80.19800000000002
100200.0	0.9056	4.957	3.9906	61.303	57.66	59.09	79.98100000000002
100800.0	0.91328	4.9516	3.9804	61.202	57.565	58.69	79.635
101400.0	0.91136	4.9414	3.9716	61.207	57.553	58.87	80.029
102000.0	0.91472	4.9289999999999985	3.9564	61.217	57.57899999999999	58.76	79.186
102600.0	0.91344	4.9132	3.9414	61.239	57.584	59.11	79.88600000000002
103200.0	0.91088	4.89	3.9202	61.119	57.386	59.31	79.368
103800.0	0.9096	4.8682	3.899	60.962	57.19600000000001	60.04	79.27
104400.0	0.90208	4.828	3.866	60.744	56.783	64.08	76.542
105000.0	0.92768	4.8324	3.8456	60.913	57.024	61.48	77.815
105600.0	0.91168	4.8086	3.8378	61.198	57.28100000000001	61.28	78.209
106200.0	0.92128	4.8126	3.835	61.40600000000001	57.49800000000001	60.03	79.028
106800.0	0.91504	4.8086	3.8368	61.575	57.691	59.23	79.83800000000002
107400.0	0.90672	4.7848	3.8198	61.393	57.577	60.16	78.796
108000.0	0.9168	4.856	3.8798	61.21	57.451	59.35	78.697
108600.0	0.91872	5.0048	4.0292	61.162	57.45399999999999	59.28	79.62100000000002
109200.0	0.90256	4.959	3.9976	61.00100000000001	57.175	61.54	78.165
109800.0	0.90928	4.9298	3.9606	60.734	56.878	63.0	76.967
110400.0	0.9208	4.9216	3.9402	60.901	57.01300000000001	62.54	77.469
111000.0	0.91776	4.9072	3.9314	60.908	57.038	61.82	77.679
111600.0	0.9176	4.8858	3.9112	60.856	57.02	62.25	76.792
112200.0	0.90928	4.8258	3.8594	60.61	56.67100000000001	64.45	75.865
112800.0	0.92144	4.8108	3.8322	60.955	56.86	64.17	76.14399999999998
113400.0	0.90784	4.8336	3.8678	61.16	56.845	66.84	74.39399999999998
114000.0	0.90736	5.017	4.05	60.985	56.573	68.89	72.873
114600.0	0.924	5.0244	4.0424	60.834	56.441	69.77	72.322
115200.0	0.91856	5.0164	4.0412	60.844	56.495	68.61	72.855
115800.0	0.91968	5.0254	4.047	60.927	56.684	67.97	73.545
116400.0	0.91744	5.027	4.0508	60.963	56.628	68.28	73.242
117000.0	0.91664	5.0278	4.0528	60.783	56.383	69.31	72.65
117600.0	0.90832	5.0194	4.0506	60.703	56.16	71.19	71.997
118200.0	0.90832	5.0176	4.0508	60.706	56.069	73.45	70.093
118800.0	0.932	5.0736	4.0838	61.146	56.61600000000001	70.37	71.583
119400.0	0.9272	5.1022	4.117	61.403	57.125	67.83	73.798
120000.0	0.91152	5.0776	4.1076	61.278	57.182	66.51	74.955
120600.0	0.8929600000000001	5.0244	4.0712	60.881	56.815	70.12	72.854
121200.0	0.92032	5.0078	4.0294	60.602	56.57100000000001	68.78	72.744
121800.0	0.92176	5.0042	4.0254	61.035	56.978	66.51	74.551
122400.0	0.90672	4.9916	4.0280000000000005	61.269	57.05	67.1	74.28699999999998
123000.0	0.89712	4.963	4.0078	61.111	56.88399999999999	69.0	73.442
123600.0	0.90352	4.9382	3.9768	61.023	56.767	71.71	71.527
124200.0	0.92256	4.9528	3.9698	61.081	56.952	68.29	73.881
124800.0	0.8980799999999999	4.9328	3.9764	61.098	56.911	67.66	74.283
125400.0	0.8902399999999999	4.9182	3.9692	60.848	56.698	68.45	74.188
126000.0	0.89904	4.9114	3.9532	60.692	56.61	67.41	74.152
126600.0	0.90848	4.9202	3.953	60.909	56.895	65.2	76.237
127200.0	0.8944	4.9178	3.9642	61.2	57.169	63.26	78.069
127800.0	0.8664	4.8778	3.9524	60.914	56.726000000000006	67.18	75.874
128400.0	0.8868799999999999	4.9982	4.0514	60.793	56.63	67.12	75.169
129000.0	0.8632	4.9808	4.0574	61.007	56.716	70.47	73.788
129600.0	0.8724799999999999	4.9984	4.0680000000000005	61.101000000000006	56.864	69.91	74.028
130200.0	0.8804799999999999	5.0128	4.073	61.136	56.947	67.64	75.039
130800.0	0.8672	5.0310000000000015	4.1068	61.372	57.12600000000001	67.96	75.792
131400.0	0.88	5.0668	4.1268	61.377	57.163	67.37	75.12100000000002
132000.0	0.8904	5.0986	4.1486	61.451	57.343	65.44	76.971
132600.0	0.8483200000000001	5.055	4.1478	61.14100000000001	56.96	69.49	75.547
133200.0	0.87472	5.0804	4.1464	61.157	57.021	67.4	76.059
133800.0	0.8640000000000001	5.0812	4.16	61.435	57.337	66.69	77.12899999999998
134400.0	0.8564799999999999	5.0714	4.1566	61.409	57.385	66.8	76.536
135000.0	0.88192	5.0888	4.1484	61.435	57.581	64.37	77.26100000000002
135600.0	0.8923200000000001	5.0716	4.12	61.326	57.69	60.99	79.82300000000002
136200.0	0.86608	5.0304	4.1078	61.506	57.885	59.35	81.84
136800.0	0.87216	5.0148	4.085	61.609	58.023	58.24	82.16
137400.0	0.8544	4.9662	4.0536	61.414	57.907	57.75	83.10600000000002
138000.0	0.8528	4.9238	4.0134	61.227	57.805	58.13	83.11399999999998
138600.0	0.8848	4.9082	3.963	61.238	57.897	55.34	83.429
139200.0	0.868	4.8578	3.9314	61.322	57.957	55.56	83.823
139800.0	0.8683200000000001	4.8254	3.9004	61.408	58.076	54.2	84.84
140400.0	0.87184	4.7854	3.855	61.31	57.934	55.25	83.855
141000.0	0.8790399999999999	4.7572	3.8228	61.368	57.973	53.95	84.279
141600.0	0.8640000000000001	4.7452	3.8232	61.37300000000001	57.94600000000001	54.53	84.81299999999997
142200.0	0.88176	4.963	4.0222	61.122	57.727	54.78	83.98200000000001
142800.0	0.8683200000000001	4.902	3.9748	60.895	57.53	55.29	83.84100000000002
143400.0	0.8704	4.8448	3.9154	60.714	57.275	57.07	82.369
144000.0	0.8731200000000001	4.7884	3.858	60.44	56.976000000000006	57.96	81.91199999999998
144600.0	0.8808	4.7488	3.8088	60.644	57.006	58.41	81.12
145200.0	0.8787200000000001	4.9136	3.9774	60.992	57.218	58.21	81.423
145800.0	0.89312	4.981	4.0316	61.282	57.457	56.94	82.06
146400.0	0.8928	4.9682	4.0176	61.37300000000001	57.591	56.06	82.368
147000.0	0.8696	4.9236	3.9952	61.191	57.34	58.2	81.652
147600.0	0.88928	4.9266	3.979	61.24100000000001	57.283	59.1	80.404
148200.0	0.8881600000000001	4.9264	3.9802	61.437	57.555	57.91	81.587
148800.0	0.8822399999999999	4.9092	3.9686	61.31399999999999	57.288	59.65	80.005
149400.0	0.8784	4.8826	3.9446	61.025	56.972	61.75	79.342
150000.0	0.8924799999999999	4.8776	3.9276	60.913	56.937	60.71	79.774
150600.0	0.8876799999999999	4.864	3.9196	60.813	56.805	61.86	79.428
151200.0	0.88128	4.8444	3.9048	60.639	56.527	64.19	77.339
151800.0	0.87408	4.8196	3.8868	60.619	56.453	65.7	76.715
152400.0	0.90144	4.8484	3.889	60.865	56.49	65.84	75.975
153000.0	0.89264	4.862	3.9104	61.018	56.771	64.77	76.92
153600.0	0.89792	4.8748	3.9172	61.06399999999999	56.792	64.02	77.247
154200.0	0.90064	4.8876	3.9304	61.121	56.84	63.54	77.42399999999998
154800.0	0.93184	4.9518	3.9612	61.43899999999999	57.575	56.17	81.278
155400.0	0.8657600000000001	4.8892	3.9652	61.045	57.125	61.2	80.039
156000.0	0.8769600000000001	4.8868	3.9496	60.714	56.602	64.91	76.765
156600.0	0.86016	4.8602	3.9398	60.627	56.178	71.27	73.625
157200.0	0.8910399999999999	4.8898	3.9396	60.71	56.063	72.24	71.265
157800.0	0.8912	4.922	3.971	61.165	56.493	72.56	71.571
158400.0	0.90816	4.9722	4.0044	61.347	56.63800000000001	71.75	71.296
159000.0	0.9184	5.0122	4.0368	61.38399999999999	56.949	68.46	73.471
159600.0	0.88944	4.9922	4.0448	61.292	57.045	68.99	74.045
160200.0	0.91872	4.994	4.0162	60.962	56.86	66.78	74.642
160800.0	0.90752	4.9628	3.9952	60.84	56.852	66.27	75.575
161400.0	0.8944	4.9244	3.9712	60.62	56.613	67.53	74.904
162000.0	0.90544	4.9564	3.9896	60.99100000000001	56.895	67.19	74.265
162600.0	0.92448	4.9866	4.0016	61.137	57.154	64.56	76.077
163200.0	0.91008	4.978	4.0068	61.423	57.475	62.47	77.509
163800.0	0.91104	4.9634	3.9924	61.385	57.532	61.95	78.218
164400.0	0.91104	4.9336	3.9638	61.148	57.46100000000001	60.07	79.44
165000.0	0.9136	4.9214	3.9482	61.33600000000001	57.649	57.73	80.931
165600.0	0.8929600000000001	4.8936	3.9414	61.431	57.703	58.13	81.255
166200.0	0.90208	4.8838	3.9244	61.41	57.678	58.43	80.285
166800.0	0.8976	4.869	3.9154	61.394	57.762	58.53	80.863
167400.0	0.8963200000000001	4.8568	3.9002	61.402	57.858	58.49	80.486
168000.0	0.88256	4.8258	3.8846	61.277	57.532	60.79	79.595
168600.0	0.90592	4.814	3.85	60.864	57.191	60.24	79.077
169200.0	0.91472	4.807	3.836	60.928	57.35	57.18	81.363
169800.0	0.90768	4.7858	3.8198	61.023	57.452	56.65	81.98200000000001
170400.0	0.9048	4.7682	3.805	61.202	57.606	55.68	82.36
171000.0	0.88944	4.9336	3.984	61.07	57.325	58.51	80.625
171600.0	0.9016	4.974	4.0132	60.788	57.059	59.16	80.42800000000003
172200.0	0.91664	4.9682	3.9902	60.993	57.512	54.62	82.632
172800.0	0.8996799999999999	4.9376	3.9816	61.352	57.898	53.78	83.66799999999998
173400.0	0.8908799999999999	4.9074	3.956	61.459	57.924	53.75	83.459
174000.0	0.88992	4.8858	3.9372	61.43	57.865	54.53	83.11900000000001
174600.0	0.90544	4.8806	3.9156	61.404	57.879	53.48	83.986
175200.0	0.88464	4.8456	3.9034	61.416	57.871	54.95	83.76899999999998
175800.0	0.8923200000000001	4.836	3.8864	61.243	57.68	55.54	83.345
176400.0	0.8811200000000001	4.8154	3.878	61.209	57.609	55.51	83.16
177000.0	0.88384	4.7974	3.8548	60.851000000000006	57.2	57.41	81.258
177600.0	0.88384	4.7796	3.8378	60.681	57.043	58.05	81.15899999999998
178200.0	0.8884799999999999	4.76	3.8134	60.521	56.874	58.65	81.262
178800.0	0.8763200000000001	4.9402	4.0038	60.755	56.843	59.81	80.35
179400.0	0.8776	4.9976	4.0596	61.081	57.02	60.23	80.047
180000.0	0.87792	5.0034	4.0674	61.07	56.93899999999999	61.85	79.083
180600.0	0.89456	5.0356	4.0836	61.148	57.057	61.36	78.862
181200.0	0.8916799999999999	5.0614	4.1116	61.387	57.275	60.54	79.35
181800.0	0.89536	5.0824	4.1276	61.313	57.434	58.63	81.119
182400.0	0.87984	5.0698	4.1318	61.168	57.312	59.47	80.846
183000.0	0.8827200000000001	5.0824	4.1434	61.257	57.412	59.55	80.20800000000001
183600.0	0.8816	5.0908	4.1502	61.21100000000001	57.312	60.59	79.917
184200.0	0.8750399999999999	5.0906	4.1572	61.005	57.078	61.22	79.507
184800.0	0.9001600000000001	5.1256	4.168	60.971	57.183	59.39	80.115
185400.0	0.89344	5.14	4.1876	61.349	57.645	57.59	81.97399999999998
186000.0	0.89264	5.1348	4.1852	61.512	57.912	56.5	82.601
186600.0	0.8843200000000001	5.1088	4.167	61.608	58.087	55.77	83.24
187200.0	0.8796799999999999	5.0638	4.1274	61.316	57.809	56.76	82.04899999999998
187800.0	0.9008	5.0326	4.0732	61.165	57.773	55.25	82.939
188400.0	0.8776	4.9766	4.0414	61.105	57.731	55.42	83.35
189000.0	0.8822399999999999	4.9424	4.0002	60.981	57.588	55.78	82.507
189600.0	0.90288	4.93	3.9686	61.091	57.758	54.08	83.186
190200.0	0.88016	4.8844	3.9438	61.28100000000001	57.875	54.96	83.764
190800.0	0.86736	4.8192	3.8942	60.959	57.358	60.46	80.74
191400.0	0.89776	4.7956	3.841	60.715	57.178	58.24	81.292
192000.0	0.89376	4.7678	3.8154	60.931	57.303	56.77	82.314
192600.0	0.88784	4.9232	3.9756	61.051	57.374	56.46	81.887
193200.0	0.9	4.9914	4.0344	61.139	57.57	54.33	83.411
193800.0	0.8944	4.9672	4.012	61.44300000000001	57.86600000000001	54.17	83.92299999999999
194400.0	0.884	4.941	3.997	61.528	57.973	53.73	84.51299999999998
195000.0	0.88192	4.9088	3.9682	61.271	57.77	54.11	83.637
195600.0	0.8902399999999999	4.8842	3.9354	61.00899999999999	57.486	54.82	83.04700000000003
196200.0	0.88128	4.8502	3.91	60.813	57.278	55.07	83.569
196800.0	0.89056	4.8312	3.8812	60.714	57.24100000000001	54.85	82.98100000000002
197400.0	0.87328	4.7786	3.8468	60.628	57.014	58.15	81.612
198000.0	0.87392	4.744	3.8126	60.636	56.755	60.68	79.75
198600.0	0.8896	4.757	3.8102	61.03100000000001	57.04	60.34	79.506
199200.0	0.8849600000000001	4.7548	3.8132	61.077	56.984	61.3	78.859
199800.0	0.86816	4.973	4.0448	61.075	56.825	63.68	78.255
200400.0	0.88976	4.9832	4.0360000000000005	60.957	56.684	63.91	77.601
201000.0	0.85696	4.944	4.0284	60.97	56.488	67.98	75.88
201600.0	0.8984	4.9848	4.0286	60.951	56.56800000000001	65.88	75.888
202200.0	0.88784	4.9984	4.05	61.112	56.75	65.53	76.697
202800.0	0.8867200000000001	5.0178	4.0744	61.118	56.73	65.4	76.962
203400.0	0.8736	5.027	4.0964	61.12	56.673	67.21	75.794
204000.0	0.8929600000000001	5.0704	4.1172	61.08	56.69	66.43	74.997
204600.0	0.89312	5.0962	4.1458	61.033	56.615	66.58	75.405
205200.0	0.8908799999999999	5.1268	4.1768	61.12	56.894	64.18	77.443
205800.0	0.87584	5.1208	4.1862	61.035	56.683	65.99	76.34899999999998
206400.0	0.8995200000000001	5.1642	4.2064	61.276	57.03100000000001	63.85	76.885
207000.0	0.88864	5.1720000000000015	4.2254	61.374	57.305	63.02	78.469
207600.0	0.8792	5.129	4.1914	60.94300000000001	57.094	62.54	79.148
208200.0	0.8811200000000001	5.091	4.1516	60.882	57.084	61.71	79.49
208800.0	0.86864	5.0534	4.1254	61.166	57.414	61.24	80.108
209400.0	0.88128	5.0306	4.0916	61.139	57.466	60.26	80.355
210000.0	0.85888	4.9644	4.049	61.039	57.328	62.1	79.70100000000002
210600.0	0.85008	4.9146	4.0042	60.963	57.07	65.17	78.017
211200.0	0.86672	4.8944	3.9684	60.702	56.757	66.29	77.10700000000001
211800.0	0.8776	4.884	3.9466	60.649	56.771	64.36	78.039
212400.0	0.8608	4.8498	3.9314	60.703	56.683	64.89	77.939
213000.0	0.86608	4.8526	3.9276	60.72	56.658	63.51	78.679
213600.0	0.8632	4.8636	3.9408	60.905	56.878	61.51	80.33800000000002
214200.0	0.84672	4.8596	3.9504	61.083	57.03	61.79	80.32000000000002
214800.0	0.83488	4.8466	3.9514	61.01300000000001	56.916	63.82	79.617
215400.0	0.8358399999999999	4.8456	3.9504	60.898	56.784	64.41	78.935
216000.0	0.8380799999999999	4.8404	3.9434	60.789	56.728	65.88	78.358
216600.0	0.8404799999999999	4.8542	3.9542	61.076	57.111	64.03	79.62
217200.0	0.8163199999999999	4.8466	3.9718	61.239	57.107	66.17	78.988
217800.0	0.82416	4.8702	3.9874	61.07	56.945	66.99	78.14699999999998
218400.0	0.81872	4.8912	4.0134	61.127	57.019	66.57	79.29
219000.0	0.81728	4.9114	4.039	61.085	57.006	66.19	79.01899999999998
219600.0	0.83344	4.9452	4.0532	60.929	56.941	64.16	79.765
220200.0	0.8380799999999999	4.9796	4.0838	61.212	57.325	61.28	81.98700000000002
220800.0	0.8204799999999999	4.9892	4.1124	61.456	57.50899999999999	61.73	82.01799999999999
221400.0	0.81008	4.9972	4.128	61.604	57.674	62.13	82.661
222000.0	0.80592	4.9944	4.1304	61.426	57.563	62.3	82.344
222600.0	0.8372799999999999	5.0292	4.1352	61.596	58.225	54.01	86.399
223200.0	0.80416	4.9722	4.1118	61.548	58.254	54.62	87.33200000000002
223800.0	0.80448	4.9414	4.0798	61.592	58.363	52.87	88.274
224400.0	0.7873600000000001	4.8862	4.041	61.45399999999999	58.056	55.99	86.874
225000.0	0.8014399999999999	4.8722	4.012	61.375	58.104	55.2	86.77
225600.0	0.8008	4.8412	3.98	61.378	58.092	55.09	86.76899999999998
226200.0	0.81392	4.8236	3.95	61.396	58.185	53.15	88.09100000000002
226800.0	0.7961600000000001	4.7762	3.9234	61.434	58.089	54.94	87.249
227400.0	0.80928	4.7604	3.8924	61.282	58.028	53.67	88.204
228000.0	0.8046399999999999	4.7228	3.8586	61.16	57.914	53.01	88.61200000000002
228600.0	0.8176	4.7102	3.8348	61.339	58.129	51.33	89.219
229200.0	0.81072	4.6766	3.8076	61.278	57.907	53.01	87.816
229800.0	0.8283200000000001	4.9156	4.0294	61.072	57.753	51.9	88.104
230400.0	0.83616	4.8952	4.001	60.932	57.691	51.37	87.889
231000.0	0.82432	4.8358	3.9538	60.732	57.496	52.48	87.516
231600.0	0.8352	4.8044	3.9104	60.896	57.768	50.55	88.43
232200.0	0.8291200000000001	4.7552	3.8686	61.038	57.85	51.37	87.819
232800.0	0.8291200000000001	4.7002	3.8122	60.736	57.473	53.8	86.36
233400.0	0.8288	4.9002	4.0116	60.532	57.24800000000001	54.06	86.255
234000.0	0.8457600000000001	4.8854	3.9814	60.862	57.392	54.22	85.666
234600.0	0.83024	4.8472	3.9596	61.192	57.545	55.6	85.539
235200.0	0.83568	4.8158	3.921	61.155	57.482	55.97	84.553
235800.0	0.8584	4.7954	3.88	61.00100000000001	57.401	54.98	84.77600000000002
236400.0	0.8416	4.7682	3.8676	61.31100000000001	57.757	53.3	86.367
237000.0	0.83024	4.7272	3.8376	61.225	57.478	56.35	84.605
237600.0	0.8116800000000001	4.7562	3.8868	60.81100000000001	56.831	61.52	82.01899999999998
238200.0	0.8459200000000001	4.9398	4.0358	60.724	56.566	63.38	79.47399999999998
238800.0	0.83888	4.9484	4.0514	60.909	56.734	63.62	80.005
239400.0	0.82384	4.961	4.0796	61.00100000000001	56.523	66.87	77.858
240000.0	0.848	5.0042	4.1002	60.81399999999999	56.335	67.27	76.96300000000002
240600.0	0.8451200000000001	5.0146	4.112	60.752	56.315	67.11	77.513
241200.0	0.8769600000000001	5.0716	4.1366	60.878	56.822	59.22	81.601
241800.0	0.83104	5.0564	4.167	61.173	57.025	60.59	82.26700000000002
242400.0	0.8366399999999999	5.0528	4.1588	60.907	56.605	63.46	79.95
243000.0	0.84816	5.0678	4.1656	61.006	56.932	61.96	80.792
243600.0	0.82704	5.0436	4.1606	61.03100000000001	56.882	64.58	79.342
244200.0	0.83536	5.0266	4.1312	60.897	56.792	66.23	78.115
244800.0	0.84096	5.0104	4.1126	60.986	56.752	67.64	76.786
245400.0	0.84704	5.0326	4.126	61.322	57.18899999999999	63.75	79.85
246000.0	0.82896	5.0278	4.1414	61.293	57.02	65.87	77.965
246600.0	0.8550399999999999	5.0658	4.1516	61.288	57.173	62.63	79.992
247200.0	0.85344	5.0842	4.1722	61.38800000000001	57.292	61.3	80.818
247800.0	0.85152	5.0518	4.1408	61.246	57.33	58.73	82.52799999999998
248400.0	0.8436799999999999	4.9468	4.0468	60.96	57.19300000000001	58.41	82.969
249000.0	0.8364799999999999	4.9184	4.0236	60.949	57.139	59.3	82.744
249600.0	0.83616	4.9056	4.0106	61.00899999999999	57.175	59.39	82.82
250200.0	0.85808	4.928	4.011	61.363	57.79600000000001	54.76	85.141
250800.0	0.8358399999999999	4.899	4.0028	61.322	57.924	54.17	86.156
251400.0	0.85344	4.8914	3.9792	61.364	58.012	52.39	86.74799999999998
252000.0	0.82016	4.8406	3.9602	61.499	57.98	55.61	85.74600000000002
252600.0	0.8512	4.84	3.931	61.367	57.904	54.0	85.86
253200.0	0.8550399999999999	4.8324	3.9188	61.512	58.124	50.84	87.59700000000002
253800.0	0.8544	4.8266	3.914	61.534	58.22	49.0	88.945
254400.0	0.8265600000000001	4.7860000000000005	3.9	61.403	57.977	51.24	87.764
255000.0	0.8499200000000001	4.7808	3.8732	61.06399999999999	57.722	51.34	87.37800000000001
255600.0	0.83744	4.7504	3.8526	61.051	57.665	52.27	87.255
256200.0	0.83616	4.721	3.8282	60.913	57.457	54.55	85.704
256800.0	0.85104	4.8134	3.9034	60.681	57.16	55.74	84.35799999999998
257400.0	0.8584	4.9542	4.0374	60.822	57.397	53.13	86.13799999999998
258000.0	0.84544	4.934	4.0316	60.973	57.494	53.2	86.412
258600.0	0.8478399999999999	4.9164	4.0094	60.869	57.297	54.6	85.631
259200.0	0.8651200000000001	4.9178	3.9928	60.885	57.462	52.51	86.348
259800.0	0.8555200000000001	4.9078	3.9924	61.319	57.963	50.01	87.95
260400.0	0.856	4.8836	3.9692	61.172	57.76600000000001	51.54	87.04
261000.0	0.84816	4.8612	3.9544	61.165	57.772	51.06	87.119
261600.0	0.85936	4.8596	3.9408	61.191	57.815	50.45	87.335
262200.0	0.8497600000000001	4.8412	3.9338	61.198	57.776	51.2	86.95299999999997
262800.0	0.8456	4.8210000000000015	3.9196	61.049	57.537	53.22	86.2
263400.0	0.8440000000000001	4.8006	3.8978	60.731	57.161	56.23	84.191
264000.0	0.85488	4.8012	3.89	60.54600000000001	56.968	57.43	83.35
264600.0	0.85104	4.81	3.9018	60.717	57.042	58.26	82.734
265200.0	0.8564799999999999	4.8266	3.9124	60.698	56.941	59.31	81.715
265800.0	0.8555200000000001	4.827	3.9162	60.624	56.716	60.62	80.80199999999998
266400.0	0.8704	4.8594	3.9302	60.85	56.875	59.42	81.49
267000.0	0.85424	4.8624	3.9494	60.865	56.924	59.77	81.312
267600.0	0.8744	4.894	3.961	61.01600000000001	57.115	58.56	81.79
268200.0	0.868	4.8988	3.9736	61.035	57.233	57.26	82.70200000000001
268800.0	0.8724799999999999	4.9134	3.9822	61.073	57.401	56.94	82.595
269400.0	0.8776	4.9334	3.9952	61.416	57.904	54.69	84.436
270000.0	0.8624	4.9204	3.9974	61.611	58.15	54.47	84.815
270600.0	0.8603200000000001	4.905	3.9856	61.602	58.15	55.74	84.11200000000002
271200.0	0.8611200000000001	4.8832	3.9648	61.40600000000001	57.95399999999999	55.77	83.641
271800.0	0.86464	4.87	3.9444	61.28	57.842	55.71	83.63799999999998
272400.0	0.86592	4.856	3.9338	61.19300000000001	57.79	55.37	84.045
273000.0	0.8688	4.8448	3.9176	61.201	57.831	54.07	84.715
273600.0	0.8708799999999999	4.8394	3.9114	61.34	57.988	52.49	86.134
274200.0	0.87072	4.8344	3.9052	61.431	58.14	51.23	86.851
274800.0	0.85888	4.8118	3.894	61.402	58.073	51.95	86.369
275400.0	0.86288	4.802	3.8828	61.383	58.006	52.66	86.611
276000.0	0.8675200000000001	4.789	3.863	61.312	57.923	52.11	86.613
276600.0	0.85296	4.7582	3.8486	61.2	57.74100000000001	52.49	86.48899999999998
277200.0	0.8432	4.7372	3.8352	60.88800000000001	57.232	57.46	83.425
277800.0	0.8729600000000001	4.9668	4.0356	60.938	57.425	54.97	84.054
278400.0	0.8736	4.9460000000000015	4.0142	61.291	57.793	53.44	85.42600000000002
279000.0	0.8688	4.9266	3.9976	61.511	57.989	52.41	85.758
279600.0	0.8624	4.9022	3.9808	61.462	58.07100000000001	51.54	86.57799999999997
280200.0	0.86736	4.8848	3.9598	61.408	58.036	51.46	86.28200000000002
280800.0	0.8616	4.8648	3.942	61.437	58.04600000000001	51.78	86.515
281400.0	0.8649600000000001	4.845	3.923	61.392	57.94600000000001	52.17	86.102
282000.0	0.87056	4.8246	3.8964	61.29	57.837	52.29	86.24799999999998
282600.0	0.85696	4.7858	3.873	61.125	57.56800000000001	53.86	85.322
283200.0	0.8759999999999999	4.7754	3.842	60.973	57.35	54.46	84.32799999999997
283800.0	0.86784	4.7518	3.8274	60.999	57.286	55.63	84.01899999999998
284400.0	0.8584	4.7282	3.8112	60.967	57.199	56.98	83.44
285000.0	0.8568	4.8508	3.9378	60.78	56.952	58.64	82.06
285600.0	0.8609600000000001	4.9462	4.0284	60.675	56.658	61.44	80.206
286200.0	0.8432	4.922	4.0212	60.736	56.627	64.09	79.298
286800.0	0.86016	4.9216	4.0018	60.662	56.381	66.3	76.813
287400.0	0.8782399999999999	4.9388	4.001	60.835	56.506	65.03	77.47800000000002
288000.0	0.8771200000000001	4.9686	4.0326	61.235	56.969	62.25	78.994
288600.0	0.8630399999999999	4.9908	4.0684	61.361	56.963	63.19	78.608
289200.0	0.8689600000000001	5.0188	4.093	61.231	56.897	64.0	78.301
289800.0	0.8668799999999999	5.0486	4.1228	61.379	57.057	63.18	79.039
290400.0	0.87584	5.0906	4.1564	61.473	57.19300000000001	61.8	79.965
291000.0	0.85696	5.1160000000000005	4.2016	61.507	57.198	62.79	79.866
291600.0	0.86272	5.1626	4.2426	61.56800000000001	57.38	62.49	79.055
292200.0	0.8712	5.1882	4.2596	61.308	57.433	60.47	80.334
292800.0	0.8763200000000001	5.2072	4.273	61.279	57.468	60.58	80.31
293400.0	0.8728	5.2326	4.3012	61.40600000000001	57.654	59.47	81.70100000000002
294000.0	0.86592	5.2588	4.334	61.452	57.73	58.74	81.786
294600.0	0.8889600000000001	5.2978	4.3502	61.44300000000001	57.95	55.28	83.455
295200.0	0.87936	5.3056	4.365	61.56800000000001	58.137	53.89	84.725
295800.0	0.8689600000000001	5.2922	4.3634	61.535	58.07	54.53	85.035
296400.0	0.8552	5.2782	4.3632	61.458	58.078	54.05	85.745
297000.0	0.8504	5.2682	4.36	61.386	57.956	55.76	84.34
297600.0	0.8459200000000001	5.2546	4.353	61.262	57.795	56.63	83.988
298200.0	0.86336	5.2698	4.3494	61.223	57.839	55.24	84.62
298800.0	0.8596799999999999	5.2642	4.347	61.205	57.859	55.06	85.26800000000001
299400.0	0.85104	5.2618	4.3534	61.352	58.015	54.2	86.025
300000.0	0.85072	5.2736	4.3652	61.573	58.274	53.58	86.024
300600.0	0.8484799999999999	5.2786	4.3698	61.582	58.275	53.42	86.345
301200.0	0.83904	5.28	4.3832	61.572	58.2	54.07	85.911
301800.0	0.83936	5.2816	4.383	61.511	58.073	55.6	84.805
302400.0	0.85104	5.292999999999998	4.385	61.386	57.971	55.43	84.75
303000.0	0.8558399999999999	5.3106	4.3954	61.484	58.167	53.89	85.705
303600.0	0.8579200000000001	5.3282	4.4128	61.70399999999999	58.577	51.58	87.37299999999998
304200.0	0.84304	5.2906	4.3904	61.612	58.428	53.84	85.948
304800.0	0.8531200000000001	5.2639999999999985	4.3534	61.308	58.149	55.03	84.781
305400.0	0.86784	5.2532	4.3264	61.164	58.045	55.37	84.491
306000.0	0.8617600000000001	5.215	4.2936	61.059	57.978	56.23	83.595
306600.0	0.8803200000000001	5.1884	4.2486	61.05	57.95	55.16	83.964
307200.0	0.8708799999999999	5.1362	4.208	61.018	57.962	55.0	83.926
307800.0	0.88656	5.0724	4.1288	61.056	58.018	52.64	84.46
308400.0	0.868	4.9604	4.0338	61.062	58.112	53.59	85.34700000000002
309000.0	0.8729600000000001	4.8794	3.9462	60.828	57.847	55.02	83.771
309600.0	0.8792	4.8210000000000015	3.8822	60.792	57.903	54.12	84.556
310200.0	0.90656	4.7862	3.8218	60.951	58.18600000000001	49.99	86.11
310800.0	0.8836799999999999	4.9162	3.9748	61.093	58.209	52.39	85.14200000000002
311400.0	0.8987200000000001	4.927	3.9708	61.282	58.46	50.18	86.272
312000.0	0.8787200000000001	4.8418	3.9068	61.223	58.231	54.92	83.508
312600.0	0.8952	4.7838	3.8308	60.703	57.549	59.73	79.273
313200.0	0.92128	4.9828	4.0032	60.395	57.14100000000001	62.16	76.77600000000002
313800.0	0.92416	4.9594	3.9788	60.9	57.174	64.55	75.00399999999998
314400.0	0.95152	4.9826	3.974	61.12300000000001	57.225	64.79	74.21
315000.0	0.95056	5.0	3.991	61.161	57.208	65.78	73.49600000000002
315600.0	0.94416	5.0104	4.0076	61.099	57.077	68.05	72.229
316200.0	0.95184	5.0056	3.9948	60.787	56.728	69.78	70.768
316800.0	0.95984	5.0018	3.9846	60.621	56.57899999999999	70.17	70.796
317400.0	0.964	5.017	3.9946	60.789	56.879	67.53	72.44
318000.0	0.95552	5.0382	4.0236	61.279	57.359	66.95	72.973
318600.0	0.94864	5.0604	4.0524	61.496	57.549	66.74	73.34100000000002
319200.0	0.96368	5.0706	4.0496	61.36	57.53100000000001	66.09	73.163
319800.0	0.95856	5.0654	4.0494	61.276	57.37600000000001	67.25	72.697
320400.0	0.96672	5.0884	4.064	61.28	57.453	65.72	73.622
321000.0	0.97664	5.1316	4.0996	61.496	57.797	61.43	75.986
321600.0	0.94832	5.1152	4.1092	61.55	57.83600000000001	62.12	76.02199999999998
322200.0	0.9368	5.0886	4.0946	61.37600000000001	57.584	64.79	74.372
322800.0	0.96064	5.0952	4.0776	61.149	57.417	65.18	73.789
323400.0	0.99344	5.1248	4.0738	61.217	57.559	63.53	73.465
324000.0	0.99536	5.1116	4.0582	61.277	57.521	64.96	72.661
324600.0	0.98352	5.0476	4.0072	61.237	57.469	65.87	72.483
325200.0	0.97488	4.967	3.9326	60.967	57.157	69.33	70.595
325800.0	0.9688	4.8794	3.8538	60.879	57.063	71.26	69.046
326400.0	0.996	5.0226	3.9692	60.68899999999999	56.905	69.84	69.822
327000.0	1.00256	5.0386	3.976	60.529	56.72	69.2	69.49600000000001
327600.0	0.9816	4.9656	3.9276	60.78100000000001	56.838	71.42	68.867
328200.0	0.99184	4.928	3.8792	60.865	56.886	72.42	68.307
328800.0	0.98688	4.8702	3.8272	60.87300000000001	56.653	73.96	67.318
329400.0	0.98512	4.867	3.8256	61.051	56.573	72.26	68.24600000000001
330000.0	1.00272	4.9064	3.8462	61.29	56.916	70.07	69.358
330600.0	0.9624	4.8728	3.853	61.274	56.858	73.57	68.064
331200.0	0.98496	4.8732	3.831	61.063	56.552	75.99	66.10600000000001
331800.0	1.01536	4.9289999999999985	3.8556	61.249	56.923	70.41	68.803
332400.0	0.98352	4.926	3.8846	61.394	57.198	69.53	70.203
333000.0	0.97248	4.8996	3.8686	61.17	56.977	71.62	69.264
333600.0	0.984	4.9574	3.9144	60.827	56.77	71.31	68.907
334200.0	0.99264	5.0846	4.0332	60.92100000000001	56.95399999999999	69.09	70.134
334800.0	0.98192	5.0352	3.993	60.848	56.94300000000001	68.71	70.84
335400.0	0.99456	5.0012	3.9484	60.823	56.968	66.63	72.12899999999998
336000.0	0.98176	4.9476	3.908	61.007	57.132	66.67	72.01100000000002
336600.0	0.97872	4.9052	3.8674	61.13800000000001	57.225	66.96	72.257
337200.0	0.9864	4.8792	3.8364	61.303	57.385	64.06	73.486
337800.0	0.98176	4.867	3.8272	61.364	57.381	64.51	73.556
338400.0	0.98592	4.8532	3.8074	61.268	57.334	63.25	74.461
339000.0	0.96864	4.955	3.9266	61.288	57.44	61.84	75.384
339600.0	0.97616	5.0512	4.016	61.03	57.125	65.42	72.8
340200.0	0.98288	5.04	3.9976	60.978	57.06399999999999	65.12	73.29
340800.0	0.97472	5.0108	3.9788	60.874	56.919	66.18	73.07600000000002
341400.0	0.98944	5.0036	3.957	60.74100000000001	56.835	64.86	72.679
342000.0	0.9776	4.9776	3.9408	60.892	56.985	65.33	72.99
342600.0	0.98112	4.9594	3.9198	60.919	56.971	65.39	72.77600000000002
343200.0	0.97168	4.9144	3.883	60.863	56.792	67.69	71.317
343800.0	0.9872	4.8908	3.846	60.644	56.607	67.81	71.1
344400.0	0.98928	4.8744	3.8294	60.701	56.75100000000001	66.8	71.755
345000.0	0.97984	4.8626	3.824	60.94600000000001	56.96	66.09	72.33800000000002
345600.0	0.99808	4.8716	3.8158	61.007	57.041	64.59	72.652
346200.0	0.99104	4.8568	3.8074	61.037	57.167	63.71	73.435
346800.0	0.99008	5.029	3.9788	61.135	57.233	63.53	74.13
347400.0	0.98736	5.1034	4.0546	61.231	57.31800000000001	62.99	74.491
348000.0	0.98816	5.1082	4.0604	61.232	57.303	62.67	74.767
348600.0	0.9712	5.1042	4.0736	61.345	57.505	61.51	75.377
349200.0	0.97008	5.0974	4.0684	61.26	57.456	62.84	74.464
349800.0	0.97488	5.0874	4.0542	61.06800000000001	57.327	63.16	75.023
350400.0	0.96768	5.0654	4.0388	60.92100000000001	57.122	64.62	73.611
351000.0	0.96848	5.0312	4.0036	60.695	56.909	65.83	72.702
351600.0	0.984	4.9996	3.9562	60.526	56.788	65.31	73.05199999999998
352200.0	0.9824	4.9576	3.918	60.56800000000001	56.875	64.33	73.507
352800.0	0.98384	4.913	3.8718	60.62300000000001	56.907	63.96	73.53
353400.0	0.97984	4.8636	3.8266	60.628	56.869	64.63	73.069
354000.0	0.9856	5.032	3.989	60.519	56.791	64.72	73.051
354600.0	0.98112	5.0296	3.9898	60.615	56.932	64.85	72.859
355200.0	0.98912	4.9758	3.9278	60.61600000000001	56.868	65.2	72.632
355800.0	0.98576	4.9176	3.8736	60.506	56.758	66.02	72.655
356400.0	0.97296	4.879	3.8474	60.74100000000001	56.717	67.51	71.191
357000.0	0.97776	4.8736	3.8392	60.784	56.68899999999999	69.31	70.531
357600.0	0.9776	4.8704	3.835	60.757	56.567	71.1	69.521
358200.0	0.98608	4.89	3.8444	60.775	56.409	71.73	69.013
358800.0	0.9784	4.9102	3.8752	60.694	56.346	72.6	67.998
359400.0	0.99584	4.9588	3.9032	60.761	56.386	72.97	67.707
360000.0	0.99008	4.9996	3.952	60.883	56.519	71.91	68.298
360600.0	0.97808	5.035	3.9964	60.94	56.508	73.55	67.76899999999999
361200.0	0.98864	5.0802	4.033	60.96	56.57100000000001	73.47	68.003
361800.0	0.98176	5.0938	4.0526	60.937	56.58600000000001	72.97	67.942
362400.0	0.98624	5.1174	4.0728	61.095	56.79600000000001	72.45	68.404
363000.0	0.97296	5.1208	4.0912	61.332	56.941	73.03	68.0
363600.0	0.97136	5.1124	4.0838	61.203	56.792	76.08	66.331
364200.0	0.98608	5.1134	4.0682	61.143	56.878	75.08	66.94
364800.0	0.99408	5.1264	4.0736	61.393	57.162	71.14	69.15
365400.0	0.98784	5.119	4.0706	61.352	57.285	69.9	69.72399999999999
366000.0	0.98176	5.0804	4.0404	61.035	57.01300000000001	70.83	69.149
366600.0	1.00048	5.0592	3.9988	60.874	56.875	70.47	68.957
367200.0	0.99824	5.0378	3.98	60.99100000000001	56.996	68.84	70.206
367800.0	0.98416	5.0008	3.9566	61.032	56.919	69.27	69.632
368400.0	1.00288	5.0818	4.0196	60.79	56.872	69.32	70.185
369000.0	0.97968	5.0198	3.9796	60.675	56.677	70.82	69.437
369600.0	0.97712	4.9592	3.922	60.594	56.581	72.21	68.667
370200.0	0.98512	4.9196	3.8746	60.639	56.49100000000001	73.36	67.63
370800.0	0.96384	4.8822	3.859	61.027	56.56800000000001	75.64	66.73899999999999
371400.0	0.98112	4.8768	3.8372	61.014	56.479	76.93	65.197
372000.0	0.96896	4.8602	3.8318	60.899	56.322	79.44	64.375
372600.0	0.97984	5.0726	4.0360000000000005	60.822	56.216	79.71	63.639
373200.0	0.99776	5.069	4.013	60.737	56.23	78.9	64.168
373800.0	0.95648	5.0218	4.0058	60.728	56.17100000000001	82.22	63.399
374400.0	0.97824	5.0288	3.9898	60.692	56.091	83.31	62.139
375000.0	0.97264	5.0182	3.9848	60.591	55.859	85.58	60.61600000000001
375600.0	0.99968	5.07	4.0122	60.853	56.27	79.92	63.788
376200.0	0.99952	5.1298	4.0738	61.367	56.868	74.3	67.155
376800.0	0.9784	5.1322	4.0964	61.327	56.926	73.58	68.047
377400.0	0.98624	5.1382	4.0948	61.243	56.94	72.58	68.271
378000.0	0.97744	5.1512	4.1158	61.378	57.051	72.23	68.79899999999999
378600.0	0.97808	5.167000000000002	4.1318	61.368	57.254	71.15	69.5
379200.0	0.97216	5.1794	4.1486	61.463	57.327	70.46	69.521
379800.0	0.97648	5.1884	4.1518	61.31800000000001	57.169	72.96	67.895
380400.0	1.00752	5.2246	4.1582	61.255	57.3	70.02	69.572
381000.0	0.99216	5.223	4.172	61.347	57.315	69.21	70.40899999999998
381600.0	1.00144	5.2492	4.1894	61.341	57.37300000000001	66.35	71.97399999999998
382200.0	0.97936	5.2352	4.1972	61.353	57.36	66.73	72.76100000000002
382800.0	0.9728	5.225	4.1948	61.337	57.36	66.95	71.789
383400.0	0.97088	5.2016	4.1726	61.174	57.208	67.94	71.623
384000.0	0.96192	5.164	4.1438	61.271	57.221	69.03	71.15500000000002
384600.0	0.976	5.1864	4.1518	61.371	57.39100000000001	67.83	71.777
385200.0	0.95952	5.1886	4.1706	61.476000000000006	57.615	66.85	73.125
385800.0	0.94784	5.167999999999998	4.1610000000000005	61.28	57.444	67.95	72.264
386400.0	0.96704	5.1652	4.1396	61.143	57.397	66.74	72.957
387000.0	0.94928	5.1388	4.1294	61.177	57.357	66.76	73.488
387600.0	0.96352	5.1386	4.1172	60.931	57.148	66.92	72.587
388200.0	0.96608	5.1336	4.1088	61.041	57.206	66.95	73.112
388800.0	0.97792	5.1326	4.0976	60.903	57.162	64.83	73.63600000000002
389400.0	0.95456	5.1112	4.0998	61.315	57.56800000000001	65.83	73.506
390000.0	0.97008	5.1176	4.09	61.543	57.773	65.4	73.238
390600.0	0.96912	5.124	4.0962	61.622	57.992	62.67	75.178
391200.0	0.97456	5.1416	4.1092	61.695	58.479	56.96	78.993
391800.0	0.9408	5.0642	4.0652	61.544	58.36	57.72	79.139
392400.0	0.95008	5.0360000000000005	4.0262	61.382	58.202	57.33	79.279
393000.0	0.96048	5.0158	3.9942	61.36	58.282	56.08	80.12400000000002
393600.0	0.95504	4.981	3.9666	61.444	58.355	54.75	81.195
394200.0	0.93456	4.9304	3.935	61.50899999999999	58.29	57.0	80.30199999999998
394800.0	0.93328	4.8558	3.862	61.028	57.804	59.21	78.317
395400.0	0.94144	4.9204	3.9194	60.803	57.596	59.63	78.165
396000.0	0.9328	4.9922	4.0012	60.673	57.51300000000001	59.57	78.565
396600.0	0.9488	4.9432	3.937	60.719	57.749	56.54	80.54700000000003
397200.0	0.92496	4.8672	3.8842	60.985	57.883	55.7	81.238
397800.0	0.924	4.8072	3.8244	60.895	57.773	55.67	81.138
398400.0	0.9192	4.961	3.9808	60.901	57.899	54.6	82.12299999999998
399000.0	0.91216	4.95	3.9792	60.847	57.78100000000001	55.86	81.77199999999998
399600.0	0.924	4.9358	3.9528	60.889	57.861	52.15	83.696
400200.0	0.90448	4.8958	3.932	60.90600000000001	57.849	53.18	84.185
400800.0	0.8936	4.8714	3.9168	61.17100000000001	57.96	54.0	84.042
401400.0	0.92048	4.9492	3.9674	61.25100000000001	58.272	49.77	85.213
402000.0	0.87792	4.9616	4.0238	61.06800000000001	57.855	56.12	82.73200000000001
402600.0	0.90528	4.9304	3.9652	60.807	57.434	58.75	79.903
403200.0	0.9088	4.9384	3.9704	60.858	57.528	56.91	81.965
403800.0	0.84416	4.9022	3.9956	60.982	57.635	55.98	85.53399999999998
404400.0	0.81952	4.8932	4.0132	61.06100000000001	57.717	55.49	86.594
405000.0	0.8126399999999999	4.8912	4.0212	61.058	57.62600000000001	58.7	84.62899999999998
405600.0	0.84144	4.9212	4.0222	61.298	57.955	57.11	84.039
406200.0	0.87728	4.9532	4.0156	61.278	57.724	60.23	80.223
406800.0	0.9112	4.9734	4.0022	60.93899999999999	57.39	61.3	78.45
407400.0	0.9352	4.9876	3.9934	60.857	57.427	58.97	79.581
408000.0	0.93392	4.9892	3.9958	61.257	57.955	56.99	80.77700000000002
408600.0	0.9192	4.9734	3.9954	61.338	57.895	58.75	79.4
409200.0	0.9184	4.9336	3.9558	61.055	57.53100000000001	62.68	76.634
409800.0	0.94192	4.9166	3.9174	60.838	57.355	60.99	77.273
410400.0	0.93872	4.8828	3.8864	60.726000000000006	57.256	60.68	77.55
411000.0	0.94144	4.8526	3.8518	60.75100000000001	57.349	60.58	77.82600000000002
411600.0	0.93616	4.8224	3.827	60.905	57.471	60.57	77.77
412200.0	0.93152	4.8198	3.8272	60.956	57.483	61.7	76.68200000000002
412800.0	0.92608	4.9932	4.007	60.831	57.234	65.38	74.843
413400.0	0.95504	4.9296	3.9178	60.567	57.063	63.14	75.029
414000.0	0.95248	4.886	3.8732	60.787	57.316	61.29	77.423
414600.0	0.91408	4.8148	3.8422	60.585	56.899	66.34	74.54899999999998
415200.0	0.9304	4.8064	3.8184	60.737	56.706	69.96	71.953
415800.0	0.94496	4.8414	3.8392	61.104	57.058	67.94	72.885
416400.0	0.93424	4.8418	3.8464	61.01300000000001	56.789	70.47	71.23100000000002
417000.0	0.94272	4.8642	3.8616	60.981	56.889	69.48	71.605
417600.0	0.94128	4.8416	3.842	60.604	56.58	70.61	71.237
418200.0	0.93952	4.8392	3.8428	60.659	56.215	73.68	68.964
418800.0	0.95328	4.9042	3.8912	61.228	56.925	71.23	70.295
419400.0	0.96016	4.9674	3.9504	61.489	57.286	69.22	71.385
420000.0	0.94848	4.9828	3.976	61.45399999999999	57.414	68.07	72.667
420600.0	0.94336	4.9556	3.9542	61.17100000000001	57.157	69.05	72.158
421200.0	0.95184	4.9564	3.9474	61.198	57.173	68.23	71.982
421800.0	0.95264	4.9478	3.9366	61.287	57.299	67.75	72.74600000000002
422400.0	0.94704	4.9468	3.9382	61.427	57.471	66.17	74.062
423000.0	0.95168	4.9512	3.9408	61.286	57.389	65.88	74.118
423600.0	0.95456	4.9492	3.9356	61.215	57.369	65.32	74.01100000000002
424200.0	0.95584	4.9598	3.9434	61.559	57.861	62.24	76.207
424800.0	0.96336	4.9496	3.9282	61.532	57.984	59.4	77.97
425400.0	0.96336	4.9238	3.8992	61.326	57.895	56.81	79.684
426000.0	0.93312	4.868	3.8776	61.18	57.614	59.24	78.669
426600.0	0.94768	4.8580000000000005	3.8518	61.165	57.713	57.73	79.033
427200.0	0.93456	4.8138	3.8206	60.951	57.418	60.22	77.48
427800.0	0.95264	4.9896	3.9776	60.745	57.32100000000001	60.25	77.085
428400.0	0.95472	5.0204	4.0064	60.809	57.451	58.81	77.958
429000.0	0.95408	4.9762	3.963	61.062	57.773	56.61	79.896
429600.0	0.96032	4.9358	3.9166	61.117	57.785	55.79	79.878
430200.0	0.93824	4.879	3.8812	61.181	57.715	57.29	79.82600000000002
430800.0	0.93088	4.819	3.83	60.947	57.423	59.22	78.715
431400.0	0.95536	4.9718	3.9578	60.752	57.21	59.42	77.734
432000.0	0.96576	5.0452	4.0208	60.99800000000001	57.562	57.2	79.369
432600.0	0.94864	5.0136	4.005	61.273	57.726000000000006	56.49	80.439
433200.0	0.94544	4.9898	3.984	61.175	57.581	57.32	79.184
433800.0	0.94368	4.972	3.9698	61.067	57.43	59.04	78.251
434400.0	0.94336	4.952	3.9504	60.871	57.177	60.05	77.687
435000.0	0.9488	4.9336	3.9268	60.68899999999999	57.047	61.24	76.548
435600.0	0.95344	4.9144	3.9024	60.611	56.969	61.04	76.936
436200.0	0.93856	4.8816	3.8842	60.526	56.81	62.43	76.661
436800.0	0.9456	4.8742	3.8716	60.75	56.896	63.54	75.279
437400.0	0.95776	4.8868	3.8706	60.89100000000001	57.04	63.06	75.589
438000.0	0.94448	4.8794	3.8792	60.923	56.999	63.36	75.601
438600.0	0.95456	4.8932	3.8796	60.892	57.01	62.89	75.77
439200.0	0.94896	4.8889999999999985	3.8814	61.026	57.19	62.69	75.937
439800.0	0.94752	4.872	3.8676	61.032	57.128	64.24	75.012
440400.0	0.94928	4.8686	3.8608	61.058	57.184	64.41	75.059
441000.0	0.94688	4.8598	3.8542	61.056	57.143	65.18	74.92
441600.0	0.93968	4.8506	3.8514	60.99	57.025	66.89	73.183
442200.0	0.95152	4.8634	3.8538	60.909	56.995	66.72	72.876
442800.0	0.95808	4.8764	3.8604	60.957	57.027	66.43	72.877
443400.0	0.95808	4.8814	3.8668	60.98	57.043	65.83	73.88
444000.0	0.95616	4.886	3.8722	60.977	57.03	64.93	74.425
444600.0	0.95296	4.8806	3.8696	60.795	56.955	64.67	74.881
445200.0	0.9448	4.8604	3.8568	60.777	56.894	66.38	73.744
445800.0	0.95616	4.8546	3.8416	60.749	56.872	65.83	73.975
446400.0	0.96	4.851	3.8336	60.816	57.0	64.85	74.62
447000.0	0.96528	4.8584	3.8346	61.093	57.334	62.1	75.682
447600.0	0.9408	4.8434	3.8436	61.339	57.48	63.98	75.226
448200.0	0.95232	4.8516	3.8424	61.342	57.456	64.38	74.238
448800.0	0.95536	4.8538	3.8416	61.387	57.525	64.13	74.782
449400.0	0.9472	4.8348	3.8292	61.38	57.441	65.63	73.672
450000.0	0.94336	4.9144	3.9118	60.99100000000001	56.934	68.75	71.63600000000002
450600.0	0.97072	5.0438	4.016	60.831	56.928	66.27	73.05199999999998
451200.0	0.95776	5.0216	4.0048	60.959	57.018	66.63	73.505
451800.0	0.95136	5.0026	3.992	60.931	56.992	66.99	73.28399999999998
452400.0	0.95728	4.9916	3.977	60.983	57.057	66.17	73.58
453000.0	0.96496	4.9862	3.9606	61.076	57.178	64.77	73.959
453600.0	0.964	4.9648	3.9406	61.065	57.257	63.49	75.23899999999998
454200.0	0.94096	4.9094	3.9112	60.97	57.081	65.8	74.529
454800.0	0.96896	4.894	3.8684	60.917	57.14100000000001	62.4	75.695
455400.0	0.93856	4.8386	3.84	61.084	57.249	64.51	75.325
456000.0	0.93344	4.8432	3.8504	60.842	56.878	68.13	72.523
456600.0	0.9464	5.032	4.0278	60.62	56.629	69.48	71.624
457200.0	0.9432	5.0084	4.0076	60.747	56.601000000000006	71.25	70.179
457800.0	0.93328	4.9686	3.9772	60.625	56.37600000000001	73.94	68.906
458400.0	0.93488	4.9422	3.9482	60.651	56.074	77.79	66.189
459000.0	0.94912	4.9624	3.9538	60.857	56.109	78.15	65.641
459600.0	0.93776	4.9632	3.9678	60.928	55.956	81.97	63.549
460200.0	0.95568	4.9864	3.9734	60.79	55.919	81.79	63.774
460800.0	0.944	5.0074	4.0024	60.85	56.049	83.08	62.663
461400.0	0.94592	5.0494	4.0436	61.022	56.205	82.35	63.739
462000.0	0.968	5.1054	4.0812	60.986	56.292	79.36	64.527
462600.0	0.95264	5.1606	4.1494	61.353	56.562	78.87	65.77
463200.0	0.9608	5.2448	4.2256	61.432	56.765	76.57	66.872
463800.0	0.96192	5.3078	4.2860000000000005	61.44600000000001	57.032	73.04	69.206
464400.0	0.94272	5.3174	4.3166	61.265	57.003	73.1	69.077
465000.0	0.9632	5.3536	4.3288	61.362	57.306	70.56	70.29899999999999
465600.0	0.96208	5.3722	4.3524	61.38	57.359	69.42	71.288
466200.0	0.95808	5.3732	4.3578	61.191	57.386	67.73	72.89699999999998
466800.0	0.9392	5.3498	4.3538	61.143	57.361	67.47	73.406
467400.0	0.95552	5.3336	4.3196	61.213	57.559	65.02	74.218
468000.0	0.93632	5.2918	4.2982	61.367	57.701	65.1	74.863
468600.0	0.9472	5.277	4.2722	61.323	57.69	63.82	75.361
469200.0	0.9584	5.2662	4.246	61.312	57.707	62.1	76.28399999999998
469800.0	0.92496	5.1884	4.2064	61.352	57.677	64.61	75.66199999999998
470400.0	0.95488	5.1656	4.1518	61.268	57.77	62.37	76.445
471000.0	0.91616	5.0502	4.0736	60.708	57.092	70.09	72.556
471600.0	0.93632	5.0584	4.0624	60.99100000000001	57.289	66.9	74.123
472200.0	0.94656	5.0768	4.0724	61.087	57.457	64.44	75.51899999999998
472800.0	0.93376	5.0760000000000005	4.084	61.197	57.485	64.43	75.329
473400.0	0.9424	5.0802	4.079	61.168	57.524	64.24	75.533
474000.0	0.93552	5.0822	4.0876	61.344	57.67	64.25	75.632
474600.0	0.94912	5.0882	4.0814	61.243	57.492	63.18	75.822
475200.0	0.95056	5.0912	4.0822	61.2	57.582	62.32	76.541
475800.0	0.92624	5.0706	4.0872	61.278	57.618	63.81	75.875
476400.0	0.93904	5.0958	4.0996	61.459	57.874	63.05	76.321
477000.0	0.91296	5.0452	4.075	61.205	57.581	66.65	74.669
477600.0	0.94672	5.0488	4.0472	61.136	57.653	64.1	75.298
478200.0	0.93104	5.0360000000000005	4.0472	61.283	57.75100000000001	63.85	76.10000000000002
478800.0	0.91696	5.0218	4.0472	61.298	57.731	64.47	76.08000000000001
479400.0	0.91648	5.0134	4.04	61.20399999999999	57.614	65.55	75.847
480000.0	0.91248	4.993	4.0226	61.101000000000006	57.495	65.72	75.35300000000002
480600.0	0.92336	4.9836	3.9998	61.106	57.552	64.98	75.682
481200.0	0.8984	4.9502	3.9934	61.256	57.677	65.45	76.60300000000002
481800.0	0.91616	4.9288	3.9544	61.194	57.749	62.25	77.708
482400.0	0.87792	4.8788	3.9408	61.323	57.779	64.65	77.71
483000.0	0.91472	4.8872	3.9168	61.347	57.93600000000001	61.13	78.411
483600.0	0.8883200000000001	4.8638	3.9176	61.661	58.268	60.17	80.331
484200.0	0.8692799999999999	4.801	3.8738	61.428	57.89	63.88	78.22399999999998
484800.0	0.8992	4.79	3.8338	61.313	57.9	61.08	79.48
485400.0	0.8803200000000001	4.7648	3.827	61.395	57.95399999999999	59.91	80.668
486000.0	0.86736	4.761	3.8372	61.539	58.105	59.57	81.82100000000001
486600.0	0.86592	4.7578	3.8352	61.541	58.147	60.0	81.82100000000001
487200.0	0.8465600000000001	4.7224	3.8174	61.379	57.915	61.23	80.97
487800.0	0.8723200000000001	4.7474	3.8166	61.372	58.035	58.92	82.211
488400.0	0.85936	4.9552	4.0386	61.345	58.094	58.29	82.512
489000.0	0.87424	4.9408	4.006	61.238	57.977	57.49	82.68
489600.0	0.86208	4.9038	3.9832	61.273	57.996	56.78	84.01299999999998
490200.0	0.812	4.832	3.9616	61.26	58.028	56.7	86.523
490800.0	0.80288	4.7934	3.933	61.326	58.112	56.45	86.792
491400.0	0.8163199999999999	4.7894	3.9166	61.545	58.45399999999999	53.23	87.87899999999998
492000.0	0.7944	4.7418	3.8894	61.665	58.553	54.25	87.82600000000002
492600.0	0.8472	4.731	3.8252	61.541	58.428	52.98	85.932
493200.0	0.8696	4.8204	3.893	61.562	58.478	53.34	84.93
493800.0	0.8915200000000001	4.9636	4.0126	61.547	58.554	52.29	84.771
494400.0	0.90544	4.9598	3.995	61.719	58.755	51.13	84.85799999999998
495000.0	0.89792	4.9044	3.9468	61.532	58.473	53.11	83.72399999999998
495600.0	0.90432	4.8386	3.8776	61.076	57.953	55.88	82.024
496200.0	0.912	4.8248	3.856	60.648	57.57899999999999	56.72	81.069
496800.0	0.92112	4.9818	4.0032	60.32899999999999	57.294	57.6	79.88600000000002
497400.0	0.91456	4.9004	3.9268	60.409	57.092	60.59	78.509
498000.0	0.932	4.8918	3.9018	61.12600000000001	57.667	58.62	79.48100000000002
498600.0	0.92944	4.8572	3.8694	61.18899999999999	57.63	59.38	79.208
499200.0	0.94256	4.845	3.843	61.32100000000001	57.896	56.64	80.267
499800.0	0.93408	4.837	3.8454	61.438	57.981	56.8	80.42
500400.0	0.94288	5.0474	4.0462	61.552	58.244	53.59	82.507
501000.0	0.91264	4.9964	4.0254	61.51600000000001	58.094	56.1	81.425
501600.0	0.92512	4.9394	3.9552	61.025	57.573	58.73	79.18100000000003
502200.0	0.92912	4.8908	3.9036	60.97	57.58	58.77	79.161
502800.0	0.90992	4.8082	3.8392	60.798	57.154	64.24	76.444
503400.0	0.9272	4.7822	3.7986	60.668	56.955	64.94	75.432
504000.0	0.91776	5.0108	4.0352	60.699	56.761	67.65	73.585
504600.0	0.94944	5.0382	4.0302	60.94	56.92	66.29	73.805
505200.0	0.9424	5.0356	4.0356	61.115	57.074	65.41	74.297
505800.0	0.93824	5.0366	4.0426	61.27	57.07	66.15	74.26100000000002
506400.0	0.9544	5.0528	4.0396	61.33600000000001	57.233	65.09	74.395
507000.0	0.95392	5.0318	4.0204	61.142	57.238	63.33	75.197
507600.0	0.948	4.971	3.964	60.74100000000001	56.843	65.72	73.47399999999998
508200.0	0.9736	4.9506	3.9176	60.69300000000001	56.937	64.56	73.986
508800.0	0.96144	4.9146	3.894	60.97	57.209	64.3	74.495
509400.0	0.95072	4.887	3.878	61.078	57.139	65.61	73.531
510000.0	0.95584	4.8902	3.8776	60.981	56.88	67.83	71.86
510600.0	0.96	4.8858	3.8662	60.707	56.593	70.09	70.78399999999998
511200.0	0.97472	4.8962	3.861	60.862	56.8	67.99	71.697
511800.0	0.97904	4.9046	3.867	61.02	56.881	66.83	71.884
512400.0	0.97248	4.9192	3.8886	61.278	57.026	67.05	71.76899999999998
513000.0	0.98848	4.9486	3.902	61.415	57.24100000000001	66.48	71.809
513600.0	0.968	4.9424	3.915	61.347	56.999	70.08	70.215
514200.0	0.98512	4.9532	3.9098	61.07100000000001	56.8	70.5	69.30199999999999
514800.0	0.98048	4.9576	3.9186	61.12600000000001	56.879	70.85	69.15899999999999
515400.0	0.97328	4.9506	3.9198	60.983	56.708	72.26	68.278
516000.0	0.98496	4.9688	3.926	60.88399999999999	56.614	72.24	68.387
516600.0	1.00048	4.993	3.9368	60.942	56.736	70.43	69.36
517200.0	1.00048	5.0274	3.9666	61.184	57.004	68.33	70.405
517800.0	0.98528	5.0212	3.9792	61.128	56.908	69.76	70.057
