#1
double tab1(1008,9)
# Date
# DEG001_____PDT111_RUP_
# DEG001_____PT111__RUP_
# DEG001_____PT121__RUP_
# DEG001_____TT111__RUP_
# DEG001_____TT121__RUP_
# DEG001_____FT121__RUP_
# THA-RET. POS. VANNE DE BY-PASS DE DISTR. DN250 - CIF DEG001
# THA-RET. POS. VANNE DE BY-PASS DE DISTR. DN150 - CIF DEG001
-86400.0	0.99984	4.9616	3.8912	7.712999999999999	8.4845	15.38	52.765	-0.375
-85800.0	0.99968	4.9614	3.8918	7.7879999999999985	8.5165	14.97	52.627	-0.373
-85200.0	1.00032	4.9624	3.8906	7.812	8.576	15.45	52.295	-0.373
-84600.0	1.00272	4.9646	3.8918	7.816	8.5585	14.16	52.703	-0.3720000000000001
-84000.0	0.99904	4.962	3.8918	7.7925	8.526	14.99	52.587	-0.3720000000000001
-83400.0	0.99728	4.9616	3.8924	8.0575	8.693999999999999	15.61	52.526	-0.371
-82800.0	1.00208	4.9656	3.8916	8.201	8.902000000000003	14.44	52.521	-0.374
-82200.0	1.00048	5.0696	3.997	8.2485	8.933	15.43	52.647	-0.3720000000000001
-81600.0	1.00112	5.0702	3.9958	8.2595	8.9405	14.75	52.67	-0.376
-81000.0	0.9968	5.0668	3.996	8.418	9.0255	14.97	52.68899999999999	-0.376
-80400.0	1.0	5.0708	3.9986	8.609	9.232	14.91	52.612	-0.375
-79800.0	1.00416	5.075	3.9968	8.7165	9.3375	14.29	52.631	-0.378
-79200.0	0.99664	5.0688	3.9998	8.7075	9.38	16.13	52.462	-0.376
-78600.0	1.00176	5.0744	3.9996	8.69	9.348	13.87	52.643	-0.376
-78000.0	1.0	5.0728	4.0004	8.655	9.3185	14.8	52.649	-0.377
-77400.0	1.00128	5.0736	4.0002	8.6145	9.2915	14.26	52.685	-0.375
-76800.0	1.00112	5.0744	4.0012	8.4165	9.1005	14.53	52.609	-0.375
-76200.0	0.99824	5.0726	4.0038	8.461	9.1305	14.4	52.778	-0.374
-75600.0	0.99984	5.074	4.0008	8.538	9.1835	14.76	52.678	-0.375
-75000.0	0.99792	5.0726	4.003	8.556000000000001	9.2205	14.98	52.596	-0.377
-74400.0	0.99984	5.0744	4.0034	8.529	9.196	15.11	52.588	-0.375
-73800.0	1.00016	5.0754	4.0034	8.4965	9.167	15.04	52.5	-0.375
-73200.0	1.00048	5.0762	4.0028	8.477	9.143	14.92	52.606	-0.377
-72600.0	1.00144	5.0762	4.0028	8.4485	9.108	14.75	52.438	-0.377
-72000.0	0.99856	5.0752	4.005	8.201	8.963	15.33	52.377	-0.375
-71400.0	0.99968	5.0762	4.0024	8.0335	8.7835	15.03	52.70399999999999	-0.375
-70800.0	1.0008	5.0776	4.0052	7.952000000000001	8.71	15.02	52.545	-0.376
-70200.0	0.99888	5.0752	4.0024	7.858	8.613	15.19	52.518	-0.376
-69600.0	1.00288	5.0792	4.0036	7.8325	8.5825	14.9	52.637	-0.378
-69000.0	0.9984	5.075	4.003	7.8820000000000014	8.588	15.4	52.448	-0.375
-68400.0	0.99984	5.0764	4.0044	7.7125	8.4935	14.9	52.492	-0.376
-67800.0	0.99584	5.0726	4.0044	7.7195	8.454	15.52	52.50100000000001	-0.377
-67200.0	1.0008	5.077	4.0048	7.726	8.448	15.09	52.65	-0.375
-66600.0	0.996	5.073	4.0038	7.75	8.478	14.66	52.53100000000001	-0.375
-66000.0	0.99936	5.0758	4.0036	7.78	8.47	14.76	52.653	-0.376
-65400.0	0.99904	5.0766	4.0046	8.003	8.6685	16.1	52.279	-0.378
-64800.0	1.00064	5.0786	4.0054	8.0195	8.725	15.03	52.639	-0.374
-64200.0	0.9992	5.0766	4.0054	8.0115	8.722000000000001	15.84	52.62300000000001	-0.374
-63600.0	1.0032	5.0794	4.004	8.0025	8.715	15.14	52.664	-0.379
-63000.0	0.99888	5.0760000000000005	4.0054	8.0045	8.725	15.32	52.399	-0.375
-62400.0	0.99856	5.0754	4.003	7.9785	8.715	14.71	52.72	-0.374
-61800.0	0.99856	5.075	4.0018	7.9975	8.727	14.93	52.56100000000001	-0.376
-61200.0	0.99264	5.07	4.0042	8.0005	8.7715	16.27	52.313	-0.377
-60600.0	1.0088	5.0852	4.0052	8.025	8.806000000000003	15.51	52.207	-0.377
-60000.0	0.99872	5.0754	4.004	8.0405	8.7835	15.34	52.544	-0.377
-59400.0	1.00368	5.0802	4.0024	8.0185	8.7545	15.07	52.663	-0.378
-58800.0	0.99744	5.0742	4.0048	8.0455	8.7825	15.39	52.515	-0.374
-58200.0	0.99776	5.0748	4.0042	8.2145	8.8895	15.22	52.658	-0.377
-57600.0	0.9992	5.0772	4.0072	8.5035	9.173	14.86	52.699	-0.375
-57000.0	0.9992	5.0766	4.0048	8.5105	9.223	14.84	52.46100000000001	-0.378
-56400.0	0.99888	5.0764	4.006	8.479	9.21	14.7	52.657	-0.376
-55800.0	0.99776	5.0748	4.0054	8.549	9.268	15.45	52.35	-0.375
-55200.0	1.0	5.0768	4.0048	8.4445	9.239	14.78	52.657	-0.378
-54600.0	1.00032	5.0766	4.006	8.417	9.106	14.89	52.642	-0.377
-54000.0	0.99776	5.0746	4.0032	8.3985	9.148	15.34	52.405	-0.376
-53400.0	1.00032	5.077	4.0028	8.504	9.215	14.96	52.677	-0.379
-52800.0	0.99984	5.0768	4.0048	8.5535	9.247	14.87	52.608	-0.378
-52200.0	0.99792	5.0746	4.0036	8.536	9.2985	15.0	52.545	-0.377
-51600.0	0.9992	5.075	4.0042	7.707999999999998	8.8555	15.09	52.394	-0.375
-51000.0	0.99696	5.0724	4.003	8.072000000000001	8.5655	15.25	52.661	-0.376
-50400.0	1.00672	5.082	4.0036	8.084	8.968	14.5	52.514	-0.378
-49800.0	1.00032	5.0758	4.004	7.41	8.2275	15.12	52.602	-0.375
-49200.0	0.99712	5.0732	4.0046	8.28	8.962	15.42	52.695	-0.375
-48600.0	1.00112	5.077	4.0028	8.363999999999999	9.1365	14.87	52.544	-0.374
-48000.0	1.0024	5.078	4.003	8.2125	8.981	14.67	52.476000000000006	-0.377
-47400.0	0.99824	5.0734	4.0026	8.2035	8.943	14.75	52.617	-0.377
-46800.0	1.00032	5.0762	4.0052	8.304	9.055	15.49	52.465	-0.375
-46200.0	0.98944	5.0662	4.0034	8.617	9.5145	21.48	50.573	-0.373
-45600.0	1.0032	5.0804	4.005	8.7025	9.6455	21.11	50.479	-0.373
-45000.0	1.00208	5.0798	4.0048	8.7415	9.668	20.55	50.755	-0.377
-44400.0	1.00192	5.08	4.0066	8.964	9.741	18.78	51.317	-0.374
-43800.0	1.00064	5.0798	4.0104	8.9865	9.788	18.54	51.29600000000001	-0.375
-43200.0	0.99792	5.078	4.0102	9.066	9.862	18.86	51.293	-0.376
-42600.0	0.9992	5.0804	4.0098	9.2225	9.975	19.2	51.201	-0.375
-42000.0	0.99936	5.0806	4.01	9.295	10.055	19.04	51.369	-0.378
-41400.0	1.00144	5.083	4.0102	9.272	10.049	18.94	51.37	-0.376
-40800.0	1.00128	5.0842	4.0104	9.308	10.057	18.85	51.364	-0.378
-40200.0	1.00176	5.0848	4.0098	9.298	10.051	18.52	51.369	-0.376
-39600.0	0.99856	5.0828	4.0108	9.292	10.043	18.3	51.466	-0.379
-39000.0	0.99904	5.0834	4.0108	9.317	10.0425	18.5	51.367	-0.376
-38400.0	1.00256	5.087	4.0108	9.3435	10.0595	17.97	51.368	-0.376
-37800.0	0.99776	5.0834	4.012	9.323	10.0475	18.69	51.477	-0.378
-37200.0	1.0	5.086	4.0124	9.3135	10.0505	18.97	51.364	-0.376
-36600.0	1.00096	5.0876	4.0148	9.3425	10.0595	18.37	51.365	-0.379
-36000.0	1.00544	5.092	4.0168	9.3905	10.1005	17.15	51.68899999999999	-0.375
-35400.0	0.94768	5.0436	4.0182	9.3755	10.023	15.78	52.734	-0.376
-34800.0	0.99968	5.087	4.016	9.3375	9.99	15.53	52.25100000000001	-0.376
-34200.0	0.99824	5.0864	4.016	9.422	10.0435	15.83	52.343	-0.376
-33600.0	0.99824	5.087	4.0178	9.4035	10.0455	15.74	52.33600000000001	-0.373
-33000.0	1.00112	5.0894	4.0168	9.352	9.9975	15.67	52.269	-0.377
-32400.0	1.0008	5.0894	4.0168	9.255	9.928	15.37	52.543	-0.375
-31800.0	0.9976	5.0876	4.0174	9.252	9.8995	15.95	52.179	-0.378
-31200.0	0.99824	5.0878	4.017	9.2455	9.86	15.48	52.449	-0.373
-30600.0	1.00064	5.091	4.0182	9.097	9.8135	14.53	52.75100000000001	-0.375
-30000.0	0.99888	5.0886	4.019	8.9905	9.6655	15.3	52.477	-0.374
-29400.0	0.99888	5.0886	4.018	8.98	9.647	15.46	52.242	-0.374
-28800.0	1.00048	5.0906	4.0178	8.9685	9.646	14.51	52.67	-0.373
-28200.0	0.99984	5.0908	4.018	8.998	9.659	15.09	52.46100000000001	-0.378
-27600.0	1.00256	5.0928	4.0176	9.09	9.708	14.73	52.387	-0.373
-27000.0	0.99712	5.0886	4.0176	9.164	9.7915	15.46	52.644	-0.373
-26400.0	0.99664	5.0894	4.018	9.191	9.85	15.25	52.503	-0.373
-25800.0	1.00464	5.0956	4.0168	9.178	9.837	15.54	52.356	-0.3720000000000001
-25200.0	1.00224	5.095	4.018	9.151	9.819	15.77	52.334	-0.377
-24600.0	0.99536	5.089	4.0178	9.128	9.767	15.53	52.565	-0.373
-24000.0	1.0024	5.096	4.0176	9.1285	9.7895	15.38	52.429	-0.374
-23400.0	1.00544	5.0992	4.0188	9.1145	9.791	14.53	52.534	-0.374
-22800.0	0.99696	5.0412	3.9698	8.9965	9.7115	14.93	52.356	-0.374
-22200.0	1.00304	5.0716	3.996	8.8275	9.564	15.0	52.56800000000001	-0.375
-21600.0	0.9992	5.0684	3.9954	8.7765	9.5125	14.9	52.449	-0.374
-21000.0	1.00032	5.0686	3.995	8.78	9.4965	15.67	52.554	-0.3720000000000001
-20400.0	1.0008	5.0688	3.9962	8.787	9.51	14.57	52.666	-0.373
-19800.0	0.99872	5.0672	3.9944	8.7685	9.4925	14.92	52.56800000000001	-0.376
-19200.0	1.00032	5.07	3.9952	8.761000000000001	9.486	14.91	52.38399999999999	-0.373
-18600.0	0.99792	5.0676	3.996	8.7585	9.4845	15.04	52.483	-0.375
-18000.0	1.00256	5.0712	3.9952	8.7745	9.516	15.78	52.361	-0.374
-17400.0	0.99712	5.0666	3.995	8.9245	9.6055	15.65	52.38	-0.375
-16800.0	1.00304	5.072	3.9958	8.83	9.604	15.12	52.33	-0.3720000000000001
-16200.0	1.00496	5.0736	3.9972	8.704	9.512	15.12	52.427	-0.37
-15600.0	0.9968	5.0658	3.997	8.73	9.509	15.9	52.413	-0.375
-15000.0	1.00464	5.0728	3.9936	8.306000000000001	9.206	15.01	52.38800000000001	-0.3720000000000001
-14400.0	1.00064	5.0694	3.9946	8.2405	9.0495	15.26	52.701	-0.371
-13800.0	0.99616	5.0644	3.9944	8.523	9.228	15.39	52.536	-0.373
-13200.0	1.0016	5.0694	3.9944	8.69	9.403	14.74	52.627	-0.373
-12600.0	0.996	5.0642	3.994	8.8825	9.627	14.34	52.736	-0.375
-12000.0	0.99968	5.0674	3.9958	8.865	9.6255	15.42	52.515	-0.376
-11400.0	0.99808	5.0664	3.9938	8.853	9.6005	15.13	52.508	-0.375
-10800.0	0.99936	5.067	3.9942	8.934	9.664	15.1	52.607	-0.373
-10200.0	0.99984	5.0678	3.9936	8.9275	9.6785	15.29	52.49800000000001	-0.374
-9600.0	0.99696	5.0646	3.9952	8.897	9.641	14.56	52.599	-0.3720000000000001
-9000.0	1.00176	5.0686	3.9926	8.8735	9.637	14.85	52.42100000000001	-0.371
-8400.0	0.99728	5.0646	3.9928	8.934	9.6645	15.05	52.56399999999999	-0.374
-7800.0	0.9992	5.066	3.9938	8.937999999999997	9.673	14.8	52.599	-0.374
-7200.0	1.00208	5.0688	3.9944	8.933	9.647	14.65	52.595	-0.373
-6600.0	0.99568	5.0628	3.9944	8.905	9.6425	14.78	52.79600000000001	-0.374
-6000.0	1.00016	5.0658	3.991	9.026	9.7045	15.04	52.392	-0.374
-5400.0	0.99856	5.0636	3.9938	8.908	9.69	14.18	52.812	-0.371
-4800.0	0.9976	5.0636	3.9912	9.072	9.7305	15.5	52.307	-0.373
-4200.0	0.9976	5.0638	3.9914	8.958	9.7185	15.17	52.574	-0.374
-3600.0	0.99648	5.062	3.9928	8.927999999999997	9.698	16.46	52.218	-0.373
-3000.0	1.00144	5.0662	3.992	8.917	9.7055	15.56	52.377	-0.374
-2400.0	0.99632	5.0616	3.9916	8.883	9.647	15.33	52.457	-0.375
-1800.0	0.99856	5.0638	3.9932	8.866	9.6075	14.9	52.739	-0.374
-1200.0	1.00112	5.0658	3.9926	8.9045	9.624	14.16	52.802	-0.37
-600.0	0.9968	5.0618	3.9928	8.892999999999997	9.642	15.05	52.649	-0.37
0.0	1.00352	5.0684	3.9926	8.8975	9.6235	14.51	52.63399999999999	-0.373
600.0	0.99616	5.0606	3.9918	8.908	9.6335	14.38	52.784	-0.374
1200.0	1.0	5.0642	3.9912	8.9155	9.617	13.96	52.75	-0.371
1800.0	0.9952	5.0596	3.9914	8.9825	9.6705	14.51	52.815	-0.373
2400.0	1.0016	5.0654	3.9922	9.081	9.732	14.09	52.56100000000001	-0.3720000000000001
3000.0	1.00048	5.065	3.9922	9.081	9.779	14.6	52.71	-0.373
3600.0	0.99632	5.0604	3.9916	9.071	9.762	14.98	52.603	-0.375
4200.0	0.996	5.061	3.9914	8.878	9.681	14.76	52.683	-0.374
4800.0	1.00112	5.0642	3.9924	8.775	9.5445	15.16	52.59	-0.376
5400.0	1.0024	5.0658	3.9916	8.567	9.4195	15.06	52.53100000000001	-0.3720000000000001
6000.0	1.00096	5.0642	3.9902	8.532	9.313	15.1	52.726000000000006	-0.374
6600.0	1.00096	5.0636	3.9894	8.591000000000001	9.37	14.92	52.521	-0.373
7200.0	1.00048	5.0634	3.9898	8.607000000000001	9.4165	15.15	52.472	-0.3720000000000001
7800.0	1.00016	5.0624	3.9894	8.5855	9.3745	14.87	52.468	-0.371
8400.0	1.00144	5.063	3.9896	8.433	9.2705	14.77	52.44300000000001	-0.373
9000.0	1.00016	5.0622	3.9878	8.368	9.195	14.98	52.528	-0.375
9600.0	1.00208	5.0638	3.987	8.512	9.263	14.72	52.51300000000001	-0.3720000000000001
10200.0	0.99856	5.06	3.9874	8.5025	9.301	15.15	52.668	-0.3720000000000001
10800.0	1.00208	5.0628	3.9864	8.551	9.3005	15.23	52.508	-0.371
11400.0	0.99824	5.0592	3.986	8.633	9.36	15.5	52.605	-0.3720000000000001
12000.0	0.99936	5.0598	3.9876	8.8345	9.5595	14.65	52.574	-0.3720000000000001
12600.0	0.99824	5.0586	3.9862	8.883	9.633	14.94	52.574	-0.373
13200.0	1.00672	5.0666	3.9854	8.8055	9.5605	14.23	52.574	-0.371
13800.0	0.99728	5.0582	3.9866	8.7925	9.556	15.51	52.572	-0.373
14400.0	0.99536	5.0558	3.9874	8.8845	9.6255	14.82	52.745	-0.371
15000.0	0.99984	5.0596	3.9864	8.8855	9.6765	14.39	52.74100000000001	-0.373
15600.0	0.99952	5.06	3.9856	8.7995	9.5645	14.57	52.56399999999999	-0.373
16200.0	0.9992	5.0596	3.986	8.925	9.6375	15.21	52.618	-0.3720000000000001
16800.0	0.99984	5.0592	3.9868	9.0055	9.744	14.31	52.702	-0.37
17400.0	1.00272	5.0622	3.9862	9.0055	9.718	14.7	52.50100000000001	-0.3720000000000001
18000.0	0.99712	5.0562	3.9858	8.985	9.7195	14.23	52.812	-0.3720000000000001
18600.0	0.99696	5.056	3.9868	8.821	9.6375	15.13	52.61600000000001	-0.373
19200.0	1.00208	5.0594	3.9842	8.732000000000001	9.52	14.65	52.56	-0.3720000000000001
19800.0	0.99872	5.0556	3.9844	8.7055	9.5055	15.01	52.613	-0.37
20400.0	1.0008	5.0576	3.984	8.7015	9.4705	14.78	52.684	-0.371
21000.0	0.99888	5.0564	3.9832	8.696	9.476	14.47	52.806	-0.37
21600.0	0.99696	5.0542	3.9832	8.683	9.488	15.0	52.469	-0.373
22200.0	0.9992	5.056	3.9816	8.6825	9.4555	15.02	52.51600000000001	-0.3720000000000001
22800.0	1.00384	5.06	3.9816	8.67	9.438	14.53	52.59	-0.3720000000000001
23400.0	1.0024	5.0582	3.9844	8.636000000000001	9.405	14.51	52.583	-0.371
24000.0	1.00016	5.0566	3.983	8.6925	9.4275	14.97	52.504	-0.3720000000000001
24600.0	0.99664	5.0526	3.983	8.607000000000001	9.356	15.16	52.764	-0.371
25200.0	1.0	5.056	3.982	8.8425	9.554	13.94	52.881	-0.3720000000000001
25800.0	0.99728	5.052	3.9824	8.5395	9.414	14.84	52.594	-0.373
26400.0	0.99632	5.0514	3.982	8.455	9.2515	14.84	52.614	-0.371
27000.0	1.00016	5.055	3.98	8.092	9.0255	13.9	52.684	-0.3720000000000001
27600.0	0.99888	5.0532	3.9788	8.0045	8.82	14.8	52.702	-0.37
28200.0	1.0	5.0524	3.9782	7.9860000000000015	8.8185	14.27	52.755	-0.371
28800.0	0.99904	5.0518	3.9788	8.0145	8.8295	14.14	52.922	-0.371
29400.0	1.004	5.0566	3.9792	7.9005	8.767000000000001	13.96	52.8	-0.375
30000.0	0.99712	5.0488	3.9784	7.855	8.689	14.42	52.868	-0.375
30600.0	1.00208	5.0532	3.9776	7.8675	8.692	14.05	52.932	-0.373
31200.0	0.99984	5.052	3.9784	7.847	8.673	14.04	52.834	-0.374
31800.0	1.0	5.0512	3.978	7.8685	8.6935	14.31	52.849	-0.374
32400.0	0.99744	5.0488	3.979	7.8825	8.7095	14.89	52.697	-0.373
33000.0	1.00112	5.0522	3.9782	8.0535	8.792	14.17	52.916	-0.371
33600.0	1.0016	5.052	3.9784	8.0965	8.9175	14.23	52.82	-0.373
34200.0	0.99552	5.0452	3.9774	8.1215	8.92	15.01	52.75	-0.371
34800.0	1.0032	5.0536	3.9776	8.2485	9.015	13.73	52.99	-0.3720000000000001
35400.0	0.99792	5.0476	3.978	8.2785	9.0565	14.48	52.767	-0.376
36000.0	1.00496	5.0548	3.9784	8.249	9.0335	13.88	52.70399999999999	-0.373
36600.0	1.00032	5.0508	3.977	8.3545	9.0485	14.46	52.883	-0.374
37200.0	1.00208	4.9868	3.9136	8.579	9.323	13.82	52.899	-0.371
37800.0	0.99696	5.074	4.0056	8.654	9.391	13.98	52.706	-0.377
38400.0	0.99776	5.0782	4.0088	8.6365	9.3475	14.54	52.734	-0.375
39000.0	1.00112	5.0812	4.0098	8.588	9.388	14.26	52.75899999999999	-0.375
39600.0	0.99984	5.08	4.0078	8.627	9.319	14.27	52.783	-0.376
40200.0	0.9968	5.0778	4.0094	8.8035	9.498	14.3	52.78	-0.374
40800.0	1.0008	5.0808	4.0102	9.0285	9.676	14.28	52.737	-0.374
41400.0	0.99696	5.0778	4.0096	9.096	9.7615	14.81	52.648	-0.376
42000.0	1.00224	5.084	4.01	9.09	9.7715	14.62	52.753	-0.373
42600.0	0.99696	5.08	4.0114	9.1175	9.792	15.01	52.725	-0.376
43200.0	1.00112	5.0828	4.0102	9.1405	9.8385	14.48	52.542	-0.374
43800.0	0.99904	5.0822	4.0124	9.14	9.835	14.96	52.69600000000001	-0.375
44400.0	0.9976	5.0812	4.0122	9.1495	9.8285	15.11	52.661	-0.373
45000.0	1.00432	5.0888	4.0102	9.2895	9.9475	14.74	52.452	-0.3720000000000001
45600.0	0.9984	5.0834	4.0134	9.355	10.0065	14.19	52.721	-0.375
46200.0	1.0	5.0864	4.0142	9.4075	10.076	14.64	52.707	-0.373
46800.0	0.99728	5.0852	4.0158	9.42	10.0995	15.13	52.577	-0.374
47400.0	1.0024	5.0896	4.0164	9.475	10.1175	15.23	52.525	-0.373
48000.0	1.00256	5.0902	4.0154	9.4595	10.1235	14.91	52.661	-0.377
48600.0	1.00048	5.0888	4.0158	9.4335	10.1375	14.91	52.694	-0.379
49200.0	0.99888	5.0886	4.018	9.479	10.126	15.33	52.456	-0.375
49800.0	0.99936	5.0908	4.0174	9.5185	10.18	15.06	52.469	-0.3720000000000001
50400.0	1.00528	5.0952	4.0178	9.6425	10.2485	15.0	52.526	-0.376
51000.0	0.99984	5.0916	4.018	9.759	10.4095	14.82	52.56	-0.376
51600.0	0.99712	5.0894	4.0194	9.7475	10.3855	15.15	52.499	-0.378
52200.0	1.00208	5.0944	4.0184	9.744	10.4155	14.44	52.382	-0.376
52800.0	0.99792	5.0916	4.018	9.7815	10.4155	15.08	52.609	-0.37
53400.0	0.99984	5.0939999999999985	4.0198	9.7925	10.4165	14.59	52.559	-0.373
54000.0	1.00208	5.0976	4.0216	9.811	10.475	14.95	52.477	-0.377
54600.0	0.9992	5.095	4.0204	9.8335	10.452	15.13	52.614	-0.373
55200.0	0.99408	5.089	4.0216	9.923	10.544	16.46	52.331	-0.373
55800.0	0.8465600000000001	4.9448	4.0254	10.1415	13.3105	103.33	18.905	-0.3720000000000001
56400.0	1.12992	5.2064	4.005	10.505	12.1365	45.29	39.539	-0.371
57000.0	1.02032	5.1042	4.0118	9.852	10.962	27.02	48.042	-0.373
57600.0	1.02032	5.1038	4.0114	9.953	10.8455	23.59	49.31100000000001	-0.374
58200.0	1.12944	5.2022	3.9994	9.804	10.7055	21.49	47.76600000000001	-0.375
58800.0	1.11408	5.189	4.0022	9.776	10.622	19.02	48.958	-0.374
59400.0	1.0304	5.112	4.0094	9.746	10.392	14.31	52.078	-0.3720000000000001
60000.0	0.99744	5.0826	4.0122	9.787	10.4065	15.12	52.692	-0.375
60600.0	1.00224	5.0876	4.012	9.766	10.4095	14.32	52.59	-0.3720000000000001
61200.0	1.00032	5.086	4.0139999999999985	9.72	10.384	15.19	52.459	-0.373
61800.0	0.99664	5.0826	4.013	9.666	10.337	14.9	52.449	-0.374
62400.0	1.0032	5.0906	4.0138	9.4645	10.1915	14.79	52.435	-0.3720000000000001
63000.0	0.9976	5.0852	4.0154	9.3125	10.004	14.5	52.6	-0.371
63600.0	1.0016	5.0894	4.0172	9.2285	9.892	14.2	52.651	-0.373
64200.0	0.99504	5.0838	4.017	9.2315	9.878	14.34	52.924	-0.373
64800.0	1.00272	5.091	4.016	9.207	9.8675	13.98	52.795	-0.373
65400.0	1.00336	5.0918	4.0176	8.945	9.7055	13.7	52.915	-0.373
66000.0	0.99792	5.0862	4.0164	8.8125	9.589	14.12	52.749	-0.371
66600.0	1.00288	5.0904	4.0162	8.556000000000001	9.306	13.95	52.74	-0.371
67200.0	1.00176	5.0912	4.018	8.6655	9.4045	14.3	52.723	-0.375
67800.0	1.00112	5.09	4.0158	8.623	9.3675	14.25	52.653	-0.371
68400.0	1.00416	5.0926	4.0166	8.68	9.3715	13.96	52.744	-0.37
69000.0	0.99856	5.0876	4.0166	8.943999999999997	9.6045	13.92	52.94600000000001	-0.3720000000000001
69600.0	1.00144	5.0912	4.0176	8.8745	9.556	14.1	52.756	-0.374
70200.0	1.00128	5.09	4.017	9.062	9.731	14.42	52.6	-0.3720000000000001
70800.0	0.99856	5.0884	4.0184	9.1255	9.7865	14.2	52.813	-0.373
71400.0	0.9984	5.0882	4.0162	8.829	9.635	14.47	52.832	-0.371
72000.0	1.0	5.0892	4.0178	8.91	9.6115	14.52	52.526	-0.3720000000000001
72600.0	1.0	5.0882	4.0168	8.9565	9.6875	14.19	52.74800000000001	-0.371
73200.0	0.99936	5.0876	4.0158	9.063	9.7775	14.44	52.685	-0.373
73800.0	1.0008	5.0896	4.016	9.026	9.77	14.29	52.68899999999999	-0.371
74400.0	0.99568	5.085	4.017	8.9775	9.732	14.67	52.672	-0.371
75000.0	0.99712	5.086	4.0158	9.116	9.782	14.52	52.788	-0.374
75600.0	1.00048	5.0888	4.017	9.3365	9.969	14.37	52.423	-0.371
76200.0	1.00032	5.0884	4.015	9.362	10.0685	14.88	52.503	-0.374
76800.0	1.00112	5.0886	4.0176	9.356	10.041	15.18	52.537	-0.374
77400.0	1.00176	5.0886	4.0136	9.352	10.086	14.96	52.504	-0.371
78000.0	1.0044799999999998	5.0904	4.0126	9.3555	10.0665	14.66	52.365	-0.371
78600.0	0.99856	5.0862	4.0172	9.3495	10.037	14.77	52.61600000000001	-0.371
79200.0	1.00096	5.0878	4.0144	9.329	10.0405	14.33	52.663	-0.37
79800.0	0.9976	5.0846	4.0146	9.3175	10.036	14.27	52.776	-0.371
80400.0	0.99968	5.0854	4.0128	9.3115	10.0105	14.54	52.596	-0.371
81000.0	1.0008	5.086	4.0124	9.3155	10.0055	14.5	52.61600000000001	-0.371
81600.0	0.99904	5.084	4.0124	9.296	10.008	14.58	52.755	-0.371
82200.0	0.9968	5.082	4.0098	9.329	9.9795	14.33	52.858	-0.37
82800.0	0.99872	5.0836	4.0118	9.3855	10.038	14.19	52.822	-0.373
83400.0	1.00144	5.0868	4.0136	9.389	10.058	14.42	52.503	-0.3720000000000001
84000.0	0.99856	5.0844	4.0124	9.3635	10.0125	14.64	52.749	-0.3720000000000001
84600.0	1.00256	5.0872	4.0134	9.368	10.012	14.4	52.742	-0.373
85200.0	1.0024	5.0876	4.0124	9.3515	9.9705	14.4	52.69	-0.374
85800.0	0.99872	5.0852	4.0146	9.336	9.9195	14.24	52.694	-0.3720000000000001
86400.0	1.0	5.086	4.0166	9.3295	9.931	13.89	52.785	-0.3720000000000001
87000.0	1.00112	5.0888	4.0148	9.3075	9.892	13.99	52.558	-0.3720000000000001
87600.0	0.99344	5.0806	4.0164	9.3285	9.8845	13.85	52.982	-0.373
88200.0	0.99904	5.0864	4.0162	9.3405	9.944	14.3	52.948	-0.3720000000000001
88800.0	1.00176	5.0886	4.015	9.1445	9.786	13.83	52.676	-0.374
89400.0	1.00272	5.0896	4.0162	9.142	9.754	14.22	52.886	-0.37
90000.0	1.00304	5.0908	4.0166	9.142	9.7575	14.39	52.582	-0.3720000000000001
90600.0	1.00272	5.0896	4.0154	9.036	9.743	14.02	52.743	-0.37
91200.0	0.99824	5.0856	4.0176	8.9425	9.5885	13.68	52.958	-0.371
91800.0	1.00768	5.0952	4.017	8.902000000000003	9.5865	13.79	52.834	-0.37
92400.0	1.0008	5.0884	4.016	8.8755	9.5615	13.85	52.738	-0.371
93000.0	0.99632	5.0844	4.0164	8.8635	9.5515	14.1	52.897	-0.371
93600.0	0.99824	5.0866	4.0139999999999985	8.86	9.5785	13.88	52.892	-0.374
94200.0	1.00208	5.0902	4.0172	8.8375	9.577	14.09	52.795	-0.3720000000000001
94800.0	0.99952	5.087	4.0166	8.7695	9.542	13.96	52.852	-0.3720000000000001
95400.0	1.00112	5.0888	4.0156	8.785	9.479	14.03	52.785	-0.373
96000.0	1.00144	5.0882	4.0164	8.725	9.4955	14.39	52.716	-0.371
96600.0	0.99616	5.083	4.0154	8.818999999999997	9.6145	15.08	52.49100000000001	-0.374
97200.0	1.00128	5.0236	3.9484	8.91	9.624	13.51	52.702	-0.371
97800.0	1.00192	5.067	3.9912	9.1935	9.826	14.73	52.595	-0.3720000000000001
98400.0	0.99584	5.0614	3.993	9.2815	9.962	14.74	52.702	-0.37
99000.0	1.00048	5.0662	3.9926	9.297	10.0305	14.8	52.524	-0.37
99600.0	0.99952	5.064	3.9928	9.2985	10.0135	14.7	52.713	-0.3720000000000001
100200.0	1.0008	5.066	3.9924	9.2915	10.0195	14.59	52.573	-0.373
100800.0	1.0008	5.0646	3.9898	9.288	9.9825	14.35	52.795	-0.371
101400.0	1.00288	5.0676	3.9908	9.276	10.0	14.07	52.572	-0.376
102000.0	0.99792	5.063	3.9904	9.2635	9.96	14.02	52.723	-0.374
102600.0	1.00256	5.067	3.9918	9.266	9.9815	14.14	52.463	-0.371
103200.0	1.00208	5.0654	3.9898	9.2565	9.9355	14.58	52.708	-0.371
103800.0	1.00112	5.0656	3.9924	9.224	9.928	14.31	52.692	-0.3720000000000001
104400.0	0.99792	5.0626	3.9908	9.0755	9.85	14.4	52.895	-0.376
105000.0	0.99872	5.0626	3.989	8.9385	9.712	14.58	52.747	-0.375
105600.0	1.00208	5.0658	3.9884	8.9375	9.7005	14.22	52.655	-0.378
106200.0	1.00016	5.0632	3.989	8.943	9.706	13.97	52.745	-0.373
106800.0	1.00352	5.066	3.9876	8.9515	9.698	14.19	52.682	-0.371
107400.0	1.00128	5.0644	3.9894	9.121	9.7925	14.44	52.708	-0.373
108000.0	0.9992	5.0618	3.9886	9.165	9.883	15.11	52.472	-0.373
108600.0	0.99824	5.0614	3.9884	9.178	9.89	14.27	52.853	-0.377
109200.0	0.99616	5.0586	3.989	9.158	9.8505	14.75	52.71100000000001	-0.375
109800.0	1.00336	5.0666	3.9886	9.0865	9.8485	13.61	52.554	-0.373
110400.0	0.99616	5.0598	3.989	9.0195	9.7185	14.38	52.801	-0.378
111000.0	1.00144	5.0634	3.9876	9.0005	9.7625	14.05	52.762	-0.376
111600.0	1.00208	5.0644	3.9904	9.142	9.7755	14.46	52.662	-0.373
112200.0	0.99984	5.0614	3.9896	9.107	9.8685	14.4	52.895	-0.3720000000000001
112800.0	1.00176	5.0636	3.9882	8.881	9.6215	13.82	52.77	-0.374
113400.0	1.00144	5.063	3.9876	8.655	9.488	13.89	52.761	-0.373
114000.0	0.99632	5.0578	3.9878	8.663	9.4235	14.22	52.96	-0.375
114600.0	1.0	5.0608	3.9864	8.6405	9.402	14.07	53.018	-0.373
115200.0	0.996	5.0568	3.9864	8.652999999999999	9.394	14.6	52.903	-0.374
115800.0	1.00256	5.0624	3.9862	8.7075	9.476	14.07	52.824	-0.373
116400.0	0.9984	5.0572	3.986	8.7255	9.51	14.74	52.56100000000001	-0.373
117000.0	1.00032	5.059	3.9866	8.6965	9.4775	14.58	52.742	-0.373
117600.0	1.00336	5.0624	3.986	8.5945	9.425	14.64	52.551	-0.373
118200.0	0.99984	5.0574	3.9844	8.488999999999999	9.3165	14.51	52.697	-0.374
118800.0	0.9984	5.056	3.9846	8.3905	9.217	14.61	52.69600000000001	-0.373
119400.0	1.00144	5.0582	3.9836	8.6305	9.3375	14.71	52.55	-0.374
120000.0	0.99344	5.0516	3.9858	8.9	9.594	15.57	52.396	-0.377
120600.0	1.00288	5.0596	3.983	9.1255	9.813	14.75	52.527	-0.3720000000000001
121200.0	1.00016	5.0574	3.9848	9.059	9.812	14.86	52.477	-0.373
121800.0	0.99888	5.056	3.9828	8.92	9.6955	14.64	52.655	-0.371
122400.0	0.99968	5.0566	3.9826	8.8525	9.6535	15.13	52.70399999999999	-0.3720000000000001
123000.0	0.99856	5.0542	3.9806	8.902000000000003	9.6595	15.21	52.64100000000001	-0.374
123600.0	1.00272	5.0588	3.9824	8.785	9.583	14.53	52.622	-0.374
124200.0	0.9968	5.0524	3.9826	8.9045	9.6225	14.63	52.581	-0.3720000000000001
124800.0	1.00272	5.0578	3.981	8.935	9.6855	14.41	52.721	-0.374
125400.0	0.99744	5.0534	3.9826	9.0525	9.7455	15.05	52.534	-0.373
126000.0	1.004	5.0586	3.9816	9.045	9.773	14.17	52.79	-0.373
126600.0	0.99936	5.0554	3.9826	9.033	9.779	14.78	52.662	-0.374
127200.0	0.996	5.0516	3.9806	9.034	9.755	14.2	52.775	-0.373
127800.0	1.00496	5.0598	3.9816	9.1245	9.82	14.43	52.75	-0.373
128400.0	0.99952	5.0554	3.98	8.884	9.672	14.65	52.905	-0.371
129000.0	1.0016	5.057	3.9784	8.818999999999997	9.616	14.82	52.813	-0.376
129600.0	1.00544	5.0602	3.9816	8.878	9.593	14.17	52.643	-0.3720000000000001
130200.0	1.00544	5.0606	3.9802	8.9025	9.6635	14.12	52.727	-0.37
130800.0	0.99968	5.0552	3.9804	8.921	9.6415	14.82	52.779	-0.3720000000000001
131400.0	1.0024	5.0574	3.9806	8.8965	9.668	13.69	52.833	-0.3720000000000001
132000.0	0.9992	5.0548	3.9806	8.971	9.7085	14.29	52.567	-0.373
132600.0	0.99984	5.0546	3.9814	9.0995	9.7955	14.42	52.732	-0.376
133200.0	1.00432	5.0604	3.9818	8.945	9.7445	14.27	52.64	-0.373
133800.0	0.99792	5.0536	3.9826	9.0215	9.705	14.58	52.675	-0.3720000000000001
134400.0	0.9976	5.0534	3.9838	9.1565	9.852	14.73	52.852	-0.3720000000000001
135000.0	0.9984	5.0554	3.983	9.2425	9.8615	14.23	52.9	-0.373
135600.0	1.00032	5.0572	3.984	9.42	10.1095	14.61	52.956	-0.373
136200.0	1.00064	5.0578	3.9846	9.473	10.1245	14.05	52.819	-0.373
136800.0	1.00256	5.0596	3.985	9.4985	10.1605	13.55	52.787	-0.374
137400.0	0.99888	5.0562	3.9828	9.6985	10.297	13.93	52.823	-0.375
138000.0	0.99824	5.0568	3.9862	9.7145	10.3725	13.78	52.852	-0.373
138600.0	1.00192	5.0604	3.986	9.705	10.37	13.25	52.886	-0.374
139200.0	0.99856	5.0572	3.9848	9.7535	10.3775	13.81	52.861	-0.371
139800.0	1.00432	5.0618	3.9848	9.744	10.421	13.37	52.90600000000001	-0.373
140400.0	0.99648	5.0556	3.9864	9.755	10.402	13.7	52.847	-0.373
141000.0	1.00208	5.061	3.9862	9.7405	10.4075	14.21	52.825	-0.371
141600.0	0.99984	5.059	3.987	9.7405	10.402	13.39	52.99100000000001	-0.37
142200.0	0.99872	5.0566	3.9848	9.7445	10.3985	14.01	52.735	-0.374
142800.0	1.00144	5.0584	3.9852	9.794	10.4235	13.91	52.672	-0.373
143400.0	0.99664	5.055	3.985	9.7775	10.422	14.22	52.861	-0.3720000000000001
144000.0	1.0048	5.064	3.9856	9.744	10.415	13.61	52.815	-0.377
144600.0	0.99968	5.059	3.9862	9.494	10.244000000000002	15.07	52.619	-0.374
145200.0	1.00096	5.0602	3.9864	9.4065	10.137	14.29	52.574	-0.371
145800.0	0.99664	5.0564	3.9872	9.3	10.032	14.47	52.515	-0.373
146400.0	0.99808	5.0576	3.9862	9.351	10.0455	14.7	52.621	-0.371
147000.0	1.0	5.0594	3.9858	9.421	10.134	14.43	52.575	-0.375
147600.0	1.0008	5.0608	3.9858	9.2565	10.0045	14.76	52.403	-0.373
148200.0	1.00128	5.0606	3.987	9.2455	9.973	14.37	52.773	-0.3720000000000001
148800.0	0.99824	5.0574	3.9868	9.2395	9.983	14.86	52.613	-0.374
149400.0	1.00336	5.062	3.9864	9.2165	9.953	14.72	52.624	-0.371
150000.0	1.00256	5.0606	3.986	9.2105	9.944	15.09	52.615	-0.373
150600.0	1.00512	5.0648	3.986	9.2055	9.9055	14.51	52.606	-0.371
151200.0	1.00112	5.0594	3.9854	9.1345	9.9035	15.4	52.598	-0.371
151800.0	1.00112	5.0598	3.9854	9.133	9.849	15.14	52.585	-0.371
152400.0	1.0048	5.0626	3.9826	8.7815	9.6375	14.18	52.62300000000001	-0.371
153000.0	0.99888	5.056	3.9838	8.889	9.619	14.99	52.63800000000001	-0.371
153600.0	0.9952	5.0536	3.9852	8.93	9.696	15.18	52.589	-0.371
154200.0	1.00064	5.0586	3.9846	8.898	9.6685	14.79	52.508	-0.373
154800.0	0.99984	5.0582	3.985	9.0515	9.7365	14.56	52.615	-0.3720000000000001
155400.0	0.99648	5.0546	3.9842	9.4515	10.0815	14.98	52.554	-0.3720000000000001
156000.0	1.00352	5.061	3.9842	9.238	9.984	14.26	52.773	-0.3720000000000001
156600.0	0.99936	5.0574	3.9854	8.991	9.8225	14.23	52.69600000000001	-0.373
157200.0	0.9976	4.9986	3.9284	8.551	9.429	13.99	52.74	-0.37
157800.0	1.00368	5.0646	3.9882	8.5255	9.351	14.36	52.628	-0.37
158400.0	1.00016	5.0602	3.9874	8.532	9.297	14.59	52.63	-0.37
159000.0	0.99872	5.0596	3.987	8.6575	9.4085	14.05	52.993	-0.371
159600.0	0.99808	5.0588	3.9858	9.0165	9.637	14.17	52.702	-0.371
160200.0	1.0032	5.0636	3.986	9.0905	9.758	14.04	52.698	-0.371
160800.0	0.99696	5.0574	3.9878	9.248	9.894	14.34	52.865	-0.371
161400.0	1.00256	5.0626	3.9872	9.302	10.0055	13.93	52.91	-0.371
162000.0	0.99728	5.057	3.9866	9.0565	9.767	14.41	52.803	-0.3720000000000001
162600.0	1.0008	5.0604	3.985	9.186	9.861	13.84	52.882	-0.373
163200.0	1.00208	5.0624	3.9862	9.248	9.937	14.25	52.717	-0.3720000000000001
163800.0	0.99824	5.059	3.9872	9.407	10.0305	14.51	52.703	-0.371
164400.0	0.99872	5.0596	3.987	9.501	10.171	13.94	52.88399999999999	-0.375
165000.0	1.0008	5.0616	3.9866	9.502	10.168	14.31	52.654	-0.37
165600.0	0.99984	5.0604	3.9858	9.526	10.201	14.1	52.801	-0.37
166200.0	1.00112	5.0614	3.9868	9.4345	10.133	14.45	52.736	-0.371
166800.0	0.99904	5.0582	3.9864	9.545	10.2115	13.68	52.655	-0.371
167400.0	1.00032	5.06	3.9862	9.616	10.304	14.59	52.592	-0.3720000000000001
168000.0	0.99664	5.0562	3.986	9.6205	10.2955	14.91	52.63399999999999	-0.371
168600.0	1.00832	5.0672	3.9864	9.596	10.3215	13.97	52.747	-0.374
169200.0	0.99744	5.057	3.9864	9.5885	10.338	16.09	52.227	-0.37
169800.0	1.00336	5.0616	3.9858	9.6	10.3095	14.61	52.594	-0.37
170400.0	1.00112	5.0594	3.9856	9.5935	10.3135	14.77	52.431	-0.371
171000.0	0.9968	5.0552	3.9864	9.562	10.273	14.87	52.835	-0.371
171600.0	1.00096	5.058	3.985	9.544	10.2415	14.81	52.642	-0.3720000000000001
172200.0	1.00304	5.0612	3.9864	9.55	10.229	14.53	52.506	-0.37
172800.0	1.00192	5.0602	3.9868	9.6555	10.321	14.51	52.69300000000001	-0.371
173400.0	1.00208	5.0588	3.986	9.678	10.364	14.91	52.425	-0.3720000000000001
174000.0	1.00288	5.0602	3.9848	9.659	10.359000000000002	14.75	52.687	-0.3720000000000001
174600.0	0.99824	5.056	3.9856	9.6475	10.3565	14.88	52.57100000000001	-0.3720000000000001
175200.0	0.99792	5.0546	3.9854	9.6825	10.386	14.69	52.368	-0.37
175800.0	0.99936	5.0566	3.9834	9.698	10.4815	16.2	52.091	-0.3720000000000001
176400.0	0.99856	5.0554	3.984	9.698	10.4275	16.04	52.331	-0.371
177000.0	1.00208	5.0588	3.985	9.663	10.414	15.42	52.426	-0.37
177600.0	0.99712	5.0538	3.9856	9.649	10.3555	14.49	52.483	-0.373
178200.0	1.00032	5.0572	3.9838	9.586	10.3	14.82	52.483	-0.374
178800.0	0.9968	5.0518	3.9794	9.368	10.17	15.13	52.492	-0.37
179400.0	0.99984	5.0552	3.9814	9.235	9.992	13.66	52.802	-0.371
180000.0	0.9984	5.053	3.9806	9.1655	9.9385	14.72	52.601000000000006	-0.374
180600.0	1.00224	5.0554	3.98	9.143	9.8645	14.01	52.886	-0.371
181200.0	0.99856	5.0526	3.9778	9.089	9.8415	14.3	52.775	-0.371
181800.0	1.00192	5.0564	3.9786	9.3455	9.9665	14.08	52.64100000000001	-0.373
182400.0	0.99936	5.0536	3.9804	9.3925	10.0885	14.94	52.76300000000001	-0.371
183000.0	1.00144	5.0544	3.9768	9.3905	10.1015	14.42	52.665	-0.371
183600.0	1.00064	5.0538	3.9792	9.389	10.078	14.25	52.723	-0.374
184200.0	1.0008	5.0546	3.9796	9.382	10.086	13.64	52.81	-0.373
184800.0	0.99808	5.051	3.9782	9.3725	10.0625	14.88	52.532	-0.373
185400.0	1.00048	5.0544	3.98	9.3755	10.0755	13.81	52.915	-0.371
186000.0	0.99872	5.0526	3.98	9.4875	10.14	14.3	52.762	-0.373
186600.0	1.00064	5.0538	3.9788	9.6245	10.259	14.25	52.867	-0.373
187200.0	0.99888	5.0528	3.9818	9.782	10.4305	13.95	52.708	-0.375
187800.0	0.99584	5.0496	3.9802	9.7655	10.421	14.49	52.802	-0.3720000000000001
188400.0	1.00416	5.0572	3.9798	9.8025	10.4555	13.56	52.857	-0.371
189000.0	1.0	5.0534	3.9782	9.7895	10.4475	14.29	52.774	-0.373
189600.0	1.00144	5.0546	3.978	9.7845	10.435	14.29	52.734	-0.3720000000000001
190200.0	1.0024	5.0556	3.979	9.803	10.4485	14.07	52.89	-0.375
190800.0	1.00144	5.0558	3.9796	9.7635	10.421	13.2	53.036	-0.374
191400.0	0.99296	5.0476	3.9814	9.74	10.3975	14.19	52.94300000000001	-0.37
192000.0	0.99936	5.0524	3.9792	9.615	10.288	13.75	52.88800000000001	-0.3720000000000001
192600.0	0.99936	5.053	3.9798	9.567	10.2395	13.75	52.833	-0.371
193200.0	0.99696	5.051	3.9788	9.559	10.221	13.89	53.066	-0.371
193800.0	1.00064	5.0539999999999985	3.9788	9.572	10.251	14.17	52.614	-0.371
194400.0	1.0	5.0534	3.9794	9.625	10.252	15.15	52.534	-0.3720000000000001
195000.0	1.00336	5.0564	3.979	9.7445	10.3815	14.12	52.577	-0.371
195600.0	0.9952	5.0498	3.9798	9.7695	10.4185	15.37	52.721	-0.371
196200.0	0.99776	5.052	3.9784	9.73	10.4095	14.33	52.785	-0.374
196800.0	1.00304	5.0564	3.979	9.7145	10.3865	14.41	52.556	-0.374
197400.0	1.0056	5.0588	3.977	9.7055	10.382	14.2	52.574	-0.375
198000.0	0.9976	5.0512	3.98	9.443	10.2255	14.39	52.621	-0.374
198600.0	1.00144	5.0548	3.9786	9.2795	9.982	13.56	52.805	-0.371
199200.0	1.00096	5.0542	3.9794	9.2025	9.9635	14.89	52.608	-0.3720000000000001
199800.0	0.99744	5.0498	3.9782	9.1105	9.829	14.59	52.824	-0.371
200400.0	1.00416	5.0552	3.9778	9.0185	9.7965	14.12	52.86600000000001	-0.3720000000000001
201000.0	0.99888	5.051	3.978	8.9305	9.7005	14.34	52.907	-0.37
201600.0	1.00384	5.0538	3.9776	8.8005	9.565	13.86	52.858	-0.371
202200.0	0.99904	5.0496	3.978	8.897	9.601	13.35	52.813	-0.3720000000000001
202800.0	0.99984	5.05	3.9782	8.916	9.641	14.02	52.957	-0.37
203400.0	0.9992	5.0482	3.9778	8.885	9.645	13.88	52.797	-0.3720000000000001
204000.0	0.9992	5.0482	3.977	8.8955	9.623	14.36	52.787	-0.375
204600.0	1.00208	5.0508	3.9788	8.8925	9.6395	13.65	53.103	-0.37
205200.0	0.9984	5.0478	3.9784	8.988999999999997	9.697	14.85	52.59	-0.371
205800.0	1.00464	5.0532	3.977	8.998	9.7425	13.41	52.94	-0.3720000000000001
206400.0	0.99888	5.047	3.9772	8.8955	9.635	13.94	52.93	-0.371
207000.0	1.00144	5.05	3.9754	9.152	9.74	13.99	52.925	-0.371
207600.0	0.99936	5.0478	3.9766	9.4575	10.069	13.33	52.986	-0.371
208200.0	1.0024	5.051	3.9772	9.478	10.142	13.55	53.069	-0.373
208800.0	0.99904	5.0478	3.9774	9.4835	10.1315	14.43	52.801	-0.371
209400.0	1.00352	5.0522	3.978	9.519	10.1985	13.74	53.003	-0.37
210000.0	1.00064	5.0496	3.9766	9.643	10.2685	13.45	52.967	-0.371
210600.0	0.99488	5.045	3.9774	9.515	10.208	14.27	52.986	-0.371
211200.0	1.00192	5.0506	3.9744	9.404	10.0945	13.35	52.89100000000001	-0.3720000000000001
211800.0	0.99904	5.048	3.9758	9.386	10.0455	14.3	52.903	-0.371
212400.0	0.99584	5.0442	3.9768	9.321	10.0255	13.46	52.85	-0.3720000000000001
213000.0	0.99888	5.0472	3.9768	9.2365	9.9465	14.4	52.798	-0.37
213600.0	1.00064	5.049	3.9768	9.2085	9.893	14.38	52.904	-0.371
214200.0	0.99888	5.048	3.9788	9.219	9.896	13.76	52.758	-0.371
214800.0	1.00144	5.0502	3.977	9.232	9.907	14.01	52.97	-0.3720000000000001
215400.0	1.00032	5.049	3.9784	9.241	9.9095	13.95	52.858	-0.3720000000000001
216000.0	1.0024	5.0508	3.9774	9.2325	9.9345	13.66	52.979	-0.37
216600.0	0.99616	5.0456	3.977	9.225	9.912	14.0	52.854	-0.371
217200.0	1.00224	4.9708	3.8976	9.234	9.9035	14.32	53.03	-0.37
217800.0	1.00048	5.0924	4.0186	9.2195	9.927	14.7	52.728	-0.37
218400.0	1.00832	5.099	4.0174	9.2035	9.887	13.73	52.719	-0.371
219000.0	1.01056	5.1016	4.0184	9.241	9.9205	14.06	52.594	-0.373
219600.0	1.00912	5.0996	4.0176	9.2785	9.962	14.07	52.569	-0.3720000000000001
220200.0	1.00576	5.097	4.018	9.295	9.9705	13.68	52.737	-0.3720000000000001
220800.0	1.0128	5.104	4.0184	9.309	9.989	14.28	52.522	-0.3720000000000001
221400.0	1.01696	5.1078	4.0186	9.364	10.0225	14.38	52.337	-0.3720000000000001
222000.0	1.02336	5.1136	4.0174	9.4365	10.1535	14.5	52.005	-0.371
222600.0	1.024	5.115	4.0188	9.6495	10.2535	14.72	51.90600000000001	-0.371
223200.0	1.0324799999999998	5.1236	4.0186	9.9625	10.5645	14.23	52.0	-0.376
223800.0	1.03344	5.1258	4.017	9.9875	10.628	14.89	51.667	-0.373
224400.0	1.0324799999999998	5.1244	4.0172	9.973	10.62	14.62	51.95399999999999	-0.374
225000.0	1.036	5.127000000000002	4.0182	9.9405	10.5905	14.01	52.015	-0.374
225600.0	1.03712	5.1296	4.0184	9.996	10.6015	13.96	52.118	-0.3720000000000001
226200.0	1.03264	5.1254	4.017	9.9755	10.607	13.42	52.32899999999999	-0.3720000000000001
226800.0	1.03968	5.1320000000000014	4.0182	9.952	10.587	14.01	51.992	-0.3720000000000001
227400.0	1.02896	5.1224	4.0184	10.0135	10.5925	13.57	52.237	-0.371
228000.0	1.02512	5.1196	4.0182	9.995	10.622	14.06	52.244	-0.371
228600.0	1.01472	5.1102	4.0224	9.9765	10.5825	13.63	52.574	-0.373
229200.0	1.00688	5.1042	4.0226	9.945	10.5865	13.81	52.793	-0.373
229800.0	0.99984	5.098	4.0236	9.912	10.536	13.89	52.74800000000001	-0.3720000000000001
230400.0	1.00288	5.1006	4.0252	9.934	10.5475	14.07	52.813	-0.3720000000000001
231000.0	1.0	5.0976	4.0236	9.982	10.5875	13.41	52.885	-0.37
231600.0	0.9976	5.0954	4.0242	9.959	10.5785	13.86	52.92100000000001	-0.3720000000000001
232200.0	1.00096	5.099	4.025	9.9695	10.6085	14.81	52.563	-0.371
232800.0	0.99632	5.0954	4.026	10.039	10.666	15.19	52.518	-0.371
233400.0	1.00144	5.1008	4.0278	9.956	10.6595	13.78	52.863	-0.37
234000.0	0.996	5.0954	4.0262	9.738	10.461	15.36	52.538	-0.3720000000000001
234600.0	1.00224	5.1006	4.0248	9.64	10.356	14.29	52.622	-0.371
235200.0	0.99376	5.0934	4.024	9.605	10.307	15.27	52.42100000000001	-0.371
235800.0	0.99984	5.0976	4.0234	9.5945	10.298	14.42	52.525	-0.371
236400.0	0.99872	5.0968	4.0246	9.588	10.289	14.59	52.527	-0.37
237000.0	0.99984	5.099	4.0242	9.5935	10.2865	14.91	52.53100000000001	-0.371
237600.0	1.00016	5.0978	4.0242	9.525	10.265	14.89	52.401	-0.3720000000000001
238200.0	1.0008	5.0986	4.0248	9.172	10.0005	15.1	52.243	-0.3720000000000001
238800.0	1.00064	5.0978	4.0246	9.142	9.9205	14.78	52.32899999999999	-0.37
239400.0	0.99984	5.097	4.0236	8.908999999999997	9.774	14.91	52.609	-0.371
240000.0	1.00144	5.0972	4.0234	8.8945	9.652	14.9	52.402	-0.371
240600.0	0.99776	5.0946	4.0228	8.8685	9.679	14.84	52.464	-0.371
241200.0	1.00096	5.097	4.0216	9.0285	9.765	15.5	52.28	-0.371
241800.0	0.99696	5.0928	4.02	9.1295	9.85	14.92	52.62	-0.37
242400.0	0.99984	5.096	4.0204	9.0625	9.864	14.94	52.327	-0.37
243000.0	0.9976	5.093	4.0206	9.1175	9.814	14.36	52.765	-0.37
243600.0	1.00192	5.0974	4.0202	9.205	9.934	14.74	52.573	-0.37
244200.0	0.99776	5.0938	4.0202	9.1965	9.9155	14.97	52.679	-0.371
244800.0	1.00192	5.0974	4.0202	9.0395	9.8475	14.84	52.67100000000001	-0.37
245400.0	0.99936	5.0946	4.022	9.116	9.8325	15.17	52.58600000000001	-0.371
246000.0	0.99904	5.093	4.0198	9.13	9.828	13.88	52.643	-0.371
246600.0	0.99808	5.0922	4.0192	9.208	9.94	14.79	52.601000000000006	-0.371
247200.0	1.00096	5.0956	4.0192	9.1605	9.909	14.5	52.627	-0.3720000000000001
247800.0	1.00112	5.0954	4.0194	9.402	10.0125	14.69	52.594	-0.371
248400.0	1.00112	5.0956	4.0198	9.519	10.227	14.11	52.605	-0.37
249000.0	0.99696	5.092	4.0208	9.516	10.2295	14.27	52.776	-0.37
249600.0	1.00656	5.1004	4.02	9.4945	10.227	14.27	52.503	-0.37
250200.0	0.99648	5.0928	4.0224	9.544	10.1625	15.13	52.617	-0.37
250800.0	1.00144	5.0954	4.0192	9.8355	10.4765	14.1	52.767	-0.371
251400.0	1.00256	5.0972	4.0204	9.817	10.505	14.74	52.565	-0.3720000000000001
252000.0	1.00016	5.0956	4.0194	9.799	10.4725	14.51	52.62	-0.37
252600.0	0.9984	5.093	4.02	9.77	10.4605	14.71	52.57	-0.37
253200.0	1.00032	5.093	4.019	9.757	10.443	14.74	52.74800000000001	-0.371
253800.0	1.00224	5.0962	4.0184	9.8105	10.4855	14.39	52.56399999999999	-0.37
254400.0	1.00064	5.0946	4.02	9.8915	10.537	14.48	52.694	-0.3720000000000001
255000.0	0.99696	5.0912	4.0214	9.854	10.5165	14.13	52.831	-0.37
255600.0	1.00352	5.0972	4.0186	9.8325	10.511	13.85	52.813	-0.371
256200.0	0.9984	5.0922	4.0202	9.8055	10.477	13.34	52.784	-0.371
256800.0	0.99968	5.0936	4.0196	9.705	10.4125	13.72	52.776	-0.37
257400.0	0.99968	5.0938	4.018	9.7175	10.4005	14.08	52.699	-0.37
258000.0	1.0	5.0934	4.0182	9.701	10.378	13.54	52.988	-0.37
258600.0	1.00144	5.0964	4.0214	9.6775	10.358	13.78	52.872	-0.37
259200.0	0.99856	5.0928	4.02	9.6725	10.3375	13.96	52.96100000000001	-0.37
259800.0	1.00144	5.0958	4.0208	9.7175	10.3635	13.78	52.992	-0.37
260400.0	0.99936	5.0934	4.0188	9.7665	10.424	13.69	52.924	-0.371
261000.0	1.0044799999999998	5.0978	4.0198	9.768	10.4315	13.0	52.683	-0.371
261600.0	0.99328	5.0874	4.0198	9.7655	10.4145	14.27	53.099	-0.37
262200.0	0.99952	5.0939999999999985	4.0188	9.768	10.438	13.28	53.043	-0.37
262800.0	0.9928	5.0864	4.02	9.7535	10.4305	13.91	52.925	-0.37
263400.0	1.0008	5.0946	4.0188	9.7315	10.411	13.57	53.058	-0.37
264000.0	0.9976	5.0924	4.0202	9.669	10.394	13.68	52.975	-0.371
264600.0	1.0008	5.0942	4.0184	9.529	10.221	13.43	52.886	-0.371
265200.0	0.99728	5.091	4.0196	9.4925	10.2405	14.34	52.823	-0.3720000000000001
265800.0	0.99872	5.0926	4.0184	9.377	10.177	14.58	52.68	-0.371
266400.0	0.99952	5.0924	4.0182	9.257	10.0315	14.4	52.622	-0.37
267000.0	0.99776	5.091	4.0182	9.3115	10.0665	14.76	52.581	-0.371
267600.0	1.00128	5.0932	4.0188	9.27	9.991	14.62	52.621	-0.37
268200.0	1.00016	5.0922	4.0184	9.387	10.143	14.28	52.54	-0.37
268800.0	0.99392	5.088	4.0192	9.446	10.189	15.03	52.6	-0.37
269400.0	1.0016	5.0938	4.0178	9.526	10.219	14.6	52.445	-0.371
270000.0	0.99952	5.0916	4.0176	9.634	10.355	14.61	52.728	-0.371
270600.0	1.00272	5.0954	4.019	9.7175	10.4095	13.62	52.848	-0.371
271200.0	0.99904	5.093	4.0198	9.769	10.45	14.3	52.822	-0.3720000000000001
271800.0	1.00288	5.0958	4.0188	9.7585	10.4405	13.44	52.782	-0.373
272400.0	0.99696	5.09	4.0192	9.778	10.4775	14.33	52.75100000000001	-0.3720000000000001
273000.0	1.00208	5.0942	4.0182	9.774	10.4625	13.46	52.856	-0.37
273600.0	0.9984	5.0906	4.0188	9.762	10.4535	14.32	52.776	-0.3720000000000001
274200.0	0.99904	5.0912	4.0184	9.792	10.465	13.5	52.915	-0.373
274800.0	0.99728	5.0902	4.0196	9.8105	10.501	14.09	52.808	-0.371
275400.0	1.00064	5.0936	4.0198	9.804	10.483	13.59	52.857	-0.371
276000.0	1.00096	5.0932	4.0186	9.774	10.479	13.77	52.858	-0.37
276600.0	0.99936	5.0916	4.0182	9.761	10.4505	13.65	52.778	-0.371
277200.0	0.99792	5.0082	3.9376	9.63	10.384	15.02	52.849	-0.37
277800.0	1.00208	5.0636	3.9882	9.6015	10.287	13.69	52.83	-0.37
278400.0	1.0008	5.0634	3.9898	9.577	10.302	13.97	52.615	-0.371
279000.0	0.9992	5.0614	3.9874	9.572	10.278	14.1	52.886	-0.371
279600.0	1.00192	5.0652	3.9906	9.7185	10.3535	13.04	52.98	-0.37
280200.0	1.00016	5.0622	3.9902	9.7795	10.4425	14.04	52.95	-0.374
280800.0	1.0048	5.0662	3.988	9.7595	10.3945	12.6	53.015	-0.371
281400.0	1.0024	5.0642	3.9882	9.741	10.3745	12.7	53.114	-0.371
282000.0	0.99456	5.0574	3.9902	9.72	10.3475	12.62	53.268	-0.371
282600.0	1.00304	5.0646	3.9884	9.7085	10.349	12.92	53.242	-0.373
283200.0	0.99824	5.0602	3.9878	9.542	10.259	13.4	52.925	-0.371
283800.0	1.0	5.0626	3.9896	9.514	10.2195	13.86	52.771	-0.371
284400.0	0.99808	5.0606	3.9896	9.4555	10.135	13.54	53.111	-0.3720000000000001
285000.0	0.99952	5.0618	3.9894	9.423	10.125	12.98	53.114	-0.3720000000000001
285600.0	0.99856	5.0604	3.9894	9.2535	10.0355	13.9	52.957	-0.3720000000000001
286200.0	1.00304	5.065	3.988	9.2205	9.922	13.66	52.979	-0.371
286800.0	1.00192	5.0632	3.988	8.969	9.759	13.91	52.914	-0.37
287400.0	1.0008	5.062	3.9876	8.846	9.6695	13.6	52.978	-0.37
288000.0	1.00304	5.063	3.987	8.826	9.6085	13.9	52.929	-0.371
288600.0	0.9968	5.0566	3.9872	8.8705	9.6385	13.43	52.967	-0.371
289200.0	1.0	5.0604	3.987	8.87	9.6305	14.32	52.708	-0.371
289800.0	0.99616	5.0558	3.9874	8.9045	9.684	14.67	52.675	-0.371
290400.0	0.96576	5.0272	3.9894	8.932	10.476	30.88	47.744	-0.37
291000.0	1.03296	5.0876	3.983	9.173	10.64	29.13	47.067	-0.371
291600.0	1.0056	5.062	3.983	9.1275	9.9155	13.91	52.628	-0.373
292200.0	0.99744	5.0548	3.9842	9.3515	10.0255	14.85	52.559	-0.371
292800.0	1.00096	5.0582	3.9848	9.4135	10.1465	14.12	52.666	-0.37
293400.0	0.99456	5.0514	3.9824	9.4615	10.1635	14.97	52.805	-0.371
294000.0	1.00608	5.0614	3.9802	9.504	10.236	14.19	52.645	-0.37
294600.0	0.99344	5.0512	3.9848	9.6395	10.3215	14.56	52.924	-0.371
295200.0	1.00064	5.0572	3.9838	9.719	10.403	14.18	52.755	-0.371
295800.0	1.00256	5.0598	3.984	9.7265	10.43	14.26	52.602	-0.371
296400.0	0.99904	5.0566	3.985	9.771	10.451	14.27	52.595	-0.37
297000.0	1.00176	5.0596	3.9848	9.787	10.4925	14.76	52.68899999999999	-0.371
297600.0	0.99856	5.0572	3.9874	9.79	10.5055	14.65	52.572	-0.374
298200.0	0.99744	5.0562	3.986	9.811	10.4985	14.44	52.774	-0.37
298800.0	1.00304	5.062	3.9864	9.8305	10.5345	14.65	52.547	-0.3720000000000001
299400.0	0.99776	5.0568	3.9862	9.827	10.5375	14.89	52.526	-0.373
300000.0	1.00112	5.0606	3.986	9.863	10.5565	14.07	52.788	-0.37
300600.0	1.00048	5.0606	3.9872	9.8895	10.5735	15.07	52.416	-0.373
301200.0	1.00224	5.0616	3.9858	9.869	10.5535	14.22	52.806	-0.37
301800.0	1.0	5.0608	3.9878	9.8365	10.5445	14.44	52.607	-0.37
302400.0	0.92096	4.9876	3.9942	9.842	11.1905	32.92	47.115	-0.3720000000000001
303000.0	1.0843200000000002	5.1368	3.9786	10.033	11.066	19.64	49.272	-0.37
303600.0	1.0008	5.0598	3.9852	9.9955	10.643	14.02	52.695	-0.371
304200.0	0.99904	5.058	3.9858	10.076	10.732	14.03	53.037	-0.37
304800.0	0.9992	5.0594	3.9858	10.1155	10.736	13.72	52.799	-0.374
305400.0	1.00128	5.0618	3.9868	10.0795	10.7305	14.29	52.749	-0.37
306000.0	1.00528	5.0668	3.989	10.1205	10.755	13.73	52.88	-0.37
306600.0	0.99776	5.0606	3.9904	10.074	10.7345	14.34	52.804	-0.37
307200.0	1.00384	5.0674	3.9912	10.1335	10.758	13.49	52.881	-0.37
307800.0	0.99376	5.0586	3.993	10.1	10.7585	14.14	52.642	-0.3720000000000001
308400.0	0.99824	5.0632	3.9922	10.1585	10.772	13.43	52.84	-0.3720000000000001
309000.0	0.99952	5.0652	3.9916	10.2065	10.8145	14.41	52.665	-0.371
309600.0	1.0032	5.0686	3.992	10.2295	10.8595	14.05	52.783	-0.371
310200.0	0.99536	5.0612	3.9942	10.246	10.8755	15.46	52.534	-0.37
310800.0	1.00016	5.0676	3.9948	10.245	10.9655	15.55	52.161	-0.373
311400.0	1.0	5.069	3.9958	10.276	11.001	16.15	51.993	-0.371
312000.0	0.99904	5.0672	3.993	10.2995	11.001	16.49	51.993	-0.37
312600.0	1.00048	5.0706	3.9966	10.2415	10.9995	16.69	51.951	-0.37
313200.0	1.00112	5.069	3.994	10.0555	10.8865	15.85	52.152	-0.37
313800.0	1.00096	5.0688	3.9952	9.582	10.5135	15.82	52.169	-0.37
314400.0	1.00128	5.07	3.9958	9.41	10.2495	16.02	52.127	-0.371
315000.0	1.00144	5.0696	3.9956	9.365	10.1635	14.57	52.57899999999999	-0.37
315600.0	1.00064	5.0684	3.9954	9.334	10.1005	14.38	52.793	-0.37
316200.0	1.00064	5.0688	3.9956	9.305	10.0535	14.46	52.678	-0.37
316800.0	0.99968	5.0678	3.9962	9.2745	10.033	14.17	52.886	-0.3720000000000001
317400.0	1.00064	5.0682	3.9956	9.24	9.961	14.27	52.694	-0.371
318000.0	1.00096	5.0712	3.9972	9.2485	9.9995	14.63	52.75899999999999	-0.371
318600.0	1.00176	5.0702	3.9962	9.3155	10.0425	14.0	52.835	-0.373
319200.0	0.99952	5.0692	3.9972	9.4155	10.1545	15.7	52.442	-0.3720000000000001
319800.0	1.0016	5.0714	3.9984	9.432	10.233	15.37	52.273	-0.373
320400.0	1.00384	5.073	3.9958	9.4235	10.2305	15.48	52.493	-0.374
321000.0	0.99936	5.07	3.9982	9.4765	10.241	16.54	52.147	-0.374
321600.0	0.99584	5.0678	3.998	9.5575	10.351	15.98	52.127	-0.374
322200.0	1.0	5.0716	3.9996	9.579	10.384	15.89	52.418	-0.3720000000000001
322800.0	1.00128	5.0722	3.9972	9.572	10.382	15.88	52.234	-0.376
323400.0	1.00336	5.073	3.9958	9.582	10.342	15.21	52.328	-0.374
324000.0	0.99952	5.0698	3.997	9.5735	10.3645	15.73	52.256	-0.376
324600.0	0.99984	5.0714	3.9974	9.5715	10.344	15.26	52.653	-0.376
325200.0	1.00064	5.072	3.9988	9.526	10.3145	14.83	52.77	-0.378
325800.0	0.9968	5.0680000000000005	3.9976	9.4985	10.305	15.11	52.574	-0.378
326400.0	1.00048	5.0722	3.9992	9.492	10.2545	14.96	52.655	-0.376
327000.0	1.00016	5.0710000000000015	3.9972	9.4505	10.255	15.74	52.42100000000001	-0.378
327600.0	1.00176	5.072	3.9976	9.308	10.108	14.88	52.619	-0.375
328200.0	1.00016	5.0722	3.9986	9.359	10.101	15.22	52.438	-0.378
328800.0	0.99856	5.0696	3.999	9.1105	9.9875	14.78	52.67	-0.376
329400.0	1.00032	5.0706	3.9972	8.8955	9.8105	14.96	52.478	-0.376
330000.0	0.9952	5.0668	4.0006	8.743	9.6145	15.26	52.484	-0.378
330600.0	0.9992	5.0702	3.996	8.927999999999997	9.746	15.46	52.668	-0.374
331200.0	1.00208	5.073	3.9966	8.7945	9.7395	15.3	52.467	-0.379
331800.0	1.00192	5.0716	3.9964	8.7775	9.681	15.49	52.4	-0.377
332400.0	1.00224	5.0706	3.9952	9.0	9.763	15.92	52.386	-0.378
333000.0	0.99776	5.0678	3.9958	9.0985	9.912	15.5	52.517	-0.376
333600.0	1.00128	5.0714	3.9964	9.2685	10.0635	15.61	52.38399999999999	-0.379
334200.0	1.0056	5.0754	3.9968	9.2755	10.0605	14.92	52.407	-0.379
334800.0	0.99904	5.069	3.997	9.383	10.1795	15.21	52.703	-0.377
335400.0	0.99504	5.0654	3.9984	9.392	10.1845	15.72	52.427	-0.379
336000.0	1.00208	5.0710000000000015	3.9964	9.3865	10.2025	14.68	52.482	-0.376
336600.0	1.00128	5.0706	3.9966	9.3655	10.1775	15.7	52.458	-0.38
337200.0	1.00096	5.0354	3.9598	9.3635	10.159	14.62	52.399	-0.379
337800.0	0.9936	5.0548	3.9872	9.3385	10.167	15.4	52.512	-0.378
338400.0	1.00192	5.0622	3.9874	9.3515	10.156	14.71	52.591	-0.378
339000.0	0.99888	5.059	3.9866	9.4355	10.238	14.93	52.615	-0.378
339600.0	1.00224	5.0622	3.9864	9.429	10.2765	14.78	52.612	-0.379
340200.0	0.99712	5.0564	3.985	9.4065	10.2375	15.29	52.554	-0.379
340800.0	1.00784	5.0662	3.9848	9.379	10.2205	14.77	52.502	-0.375
341400.0	0.99728	5.056	3.986	9.35	10.1725	14.94	52.617	-0.379
342000.0	0.99904	5.0568	3.9854	9.3375	10.177	15.53	52.56399999999999	-0.379
342600.0	1.00128	5.0588	3.9848	9.3085	10.1535	15.67	52.42100000000001	-0.378
343200.0	0.99904	5.0566	3.9836	9.285	10.152	15.32	52.677	-0.376
343800.0	0.99968	5.057	3.9838	9.2405	10.1115	15.05	52.50100000000001	-0.378
344400.0	1.00368	5.0606	3.9824	9.234	10.089	14.32	52.645	-0.379
345000.0	0.99888	5.055	3.9824	9.2375	10.0495	15.12	52.692	-0.376
345600.0	1.00208	5.0574	3.98	9.2465	10.055	14.66	52.732	-0.373
346200.0	0.99904	5.055	3.9838	9.3315	10.1325	14.76	52.914	-0.374
346800.0	0.99792	5.0534	3.9802	9.3435	10.15	15.02	52.448	-0.377
347400.0	1.004	5.0592	3.981	9.3235	10.1315	14.22	52.533	-0.377
348000.0	0.99792	5.0526	3.9814	9.322	10.159	15.28	52.423	-0.377
348600.0	0.9976	5.0522	3.9798	9.354	10.1685	15.42	52.591	-0.376
349200.0	1.0024	5.0572	3.9806	9.436	10.263	15.48	52.43	-0.378
349800.0	0.99808	5.0518	3.9784	9.465	10.291	15.03	52.605	-0.375
350400.0	1.00464	5.061	3.9824	9.464	10.242	13.28	53.055	-0.376
351000.0	1.00336	5.0564	3.978	9.4215	10.146	12.26	53.452	-0.378
351600.0	0.99456	5.047	3.9786	9.393	10.056	11.93	53.779	-0.375
352200.0	1.0064	5.0588	3.9786	9.39	10.047	10.55	53.823	-0.375
352800.0	0.99712	5.0486	3.9774	9.3825	9.975	10.81	54.087	-0.377
353400.0	1.00208	5.0546	3.9792	9.368	9.917	8.09	54.618	-0.377
354000.0	1.0024	5.0548	3.9782	9.362	9.826	7.52	55.06800000000001	-0.376
354600.0	1.00496	5.0566	3.9774	9.3595	9.778	6.23	55.341	-0.379
355200.0	1.00256	5.0562	3.9796	9.3485	9.723	5.82	55.49	-0.376
355800.0	1.00096	5.055	3.979	9.321	9.662	3.89	56.112	-0.377
356400.0	0.99984	5.0526	3.9796	9.039	9.4565	4.09	56.125	-0.377
357000.0	0.9992	5.0524	3.9784	9.0355	9.3565	4.27	56.074	-0.376
357600.0	1.0	5.0544	3.9794	8.898	9.263	3.87	56.13399999999999	-0.38
358200.0	1.0	5.0532	3.9772	8.715	9.145	4.46	55.944	-0.378
358800.0	0.99648	5.0496	3.9792	8.6815	9.0535	3.56	56.28	-0.3720000000000001
359400.0	1.00544	5.0598	3.9808	8.6335	9.0055	2.82	56.342	-0.375
360000.0	0.99792	5.0524	3.9794	8.607999999999999	8.9705	4.56	56.28	-0.375
360600.0	0.99792	5.0528	3.9824	8.6185	8.98	3.45	56.015	-0.379
361200.0	0.99504	5.0498	3.9802	8.6205	8.9615	4.01	56.063	-0.377
361800.0	1.0024	5.0582	3.9814	8.6565	9.006	2.5	56.199	-0.376
362400.0	1.00064	5.0562	3.98	8.6565	8.9855	3.92	56.16	-0.379
363000.0	0.99664	5.0518	3.9808	8.666	8.988	3.97	56.368	-0.378
363600.0	1.00208	5.0588	3.9826	8.645	8.978	3.2	56.175	-0.376
364200.0	0.99776	5.0544	3.9812	8.6965	9.0185	2.61	56.38800000000001	-0.375
364800.0	0.99776	5.0536	3.9798	8.7115	9.0425	2.44	56.441	-0.379
365400.0	0.99984	5.057	3.984	8.954	9.1865	3.35	56.4	-0.374
366000.0	0.99776	5.0548	3.9818	9.123	9.4165	2.73	56.29600000000001	-0.376
366600.0	1.00256	5.0594	3.9824	9.099	9.4035	3.09	56.118	-0.376
367200.0	0.99872	5.0558	3.9836	9.082	9.394	3.07	56.284	-0.377
367800.0	0.99584	5.0534	3.984	9.053	9.375	3.78	56.323	-0.375
368400.0	1.0032	5.0612	3.984	9.1255	9.406	2.86	56.26600000000001	-0.376
369000.0	0.99456	5.052	3.9836	9.157	9.448	4.37	56.107	-0.376
369600.0	1.00304	5.0614	3.9856	9.122	9.471	4.3	55.977	-0.379
370200.0	0.99792	5.0562	3.9854	8.9675	9.3975	4.11	56.299	-0.375
370800.0	1.00192	5.0588	3.9826	8.7	9.103	3.24	56.195	-0.375
371400.0	0.99792	5.0562	3.9844	8.5695	8.927	4.09	56.167	-0.377
372000.0	1.00064	5.0578	3.9838	8.57	8.946	2.95	56.168	-0.379
372600.0	0.9976	5.0568	3.9856	8.493	8.866	2.91	56.245	-0.374
373200.0	0.99776	5.0568	3.9864	8.5435	8.888	3.43	56.148	-0.376
373800.0	1.00064	5.06	3.9848	8.5345	8.908999999999997	2.24	56.205	-0.379
374400.0	0.99904	5.0572	3.985	8.476	8.834	3.77	56.153	-0.377
375000.0	0.99984	5.0586	3.985	8.3595	8.727	2.84	56.485	-0.378
375600.0	0.97008	5.0326	3.9888	8.353	9.2265	15.53	53.096	-0.378
376200.0	0.99056	5.0548	3.9914	8.5835	9.9925	26.02	49.247	-0.375
376800.0	0.98752	5.051	3.9904	9.0225	11.1455	40.12	44.025	-0.378
377400.0	1.02464	5.089	3.991	9.1755	10.5445	24.85	49.034	-0.377
378000.0	0.99888	5.0656	3.994	9.08	10.5005	25.64	49.333	-0.376
378600.0	1.00256	5.0692	3.9932	9.1955	10.529000000000002	25.48	49.098	-0.378
379200.0	1.0024	5.0684	3.9932	9.223	10.6005	25.4	49.2	-0.375
379800.0	1.00208	5.0672	3.9926	9.2615	10.59	24.75	49.19300000000001	-0.378
380400.0	0.99792	5.0632	3.991	9.3905	10.635	24.36	49.57100000000001	-0.374
381000.0	1.004	5.0678	3.989	9.387	10.6725	24.25	49.77	-0.376
381600.0	0.99936	5.0614	3.9888	9.38	10.6575	24.62	49.44	-0.376
382200.0	1.00272	5.0636	3.9874	9.403	10.6775	24.14	49.85	-0.376
382800.0	1.03344	5.0916	3.9836	9.3395	10.004	8.63	53.807	-0.373
383400.0	1.00272	5.0622	3.9858	9.2335	9.623	3.16	55.951	-0.3720000000000001
384000.0	0.99936	5.0592	3.9872	9.0755	9.4525	4.15	55.902	-0.371
384600.0	1.0044799999999998	5.0632	3.9844	9.0365	9.3995	2.87	56.025	-0.37
385200.0	0.99968	5.058	3.984	9.1275	9.4185	3.62	56.157	-0.37
385800.0	1.0032	5.0626	3.986	9.2415	9.5305	2.75	56.131	-0.371
386400.0	0.99456	5.0558	3.9872	9.301	9.611	3.54	56.177	-0.371
387000.0	1.00336	5.0628	3.9874	9.295	9.6365	3.93	56.225	-0.373
387600.0	0.99616	5.0566	3.9852	9.278	9.6075	3.9	56.093	-0.373
388200.0	0.9896	5.05	3.9858	9.268	9.655	5.35	55.64100000000001	-0.375
388800.0	0.99792	5.0588	3.9866	9.316	10.149	15.26	52.603	-0.3720000000000001
389400.0	1.00016	5.0612	3.9886	9.383	10.263	15.56	52.475	-0.3720000000000001
390000.0	0.99808	5.0604	3.989	9.4105	10.2455	15.7	52.401	-0.373
390600.0	1.00432	5.0668	3.9894	9.515	10.3385	15.0	52.36	-0.373
391200.0	1.00192	5.0654	3.9892	9.7865	10.499	15.9	52.229	-0.371
391800.0	1.00432	5.0678	3.9898	10.0115	10.748	16.11	52.354	-0.374
392400.0	1.00016	5.0652	3.9922	10.0265	10.787	14.89	52.457	-0.373
393000.0	1.0048	5.07	3.9916	10.0715	10.8105	15.62	52.458	-0.374
393600.0	0.9968	5.0628	3.9918	10.0565	10.831	15.73	52.485	-0.3720000000000001
394200.0	1.00112	5.0668	3.9906	10.049	10.7935	15.23	52.543	-0.37
394800.0	1.00208	5.069	3.9936	10.079	10.832	15.19	52.341	-0.3720000000000001
395400.0	0.99632	5.0636	3.9956	10.0345	10.7865	16.05	52.32899999999999	-0.3720000000000001
396000.0	1.00192	5.0676	3.9932	10.048	10.7775	15.38	52.413	-0.371
396600.0	0.9984	5.0476	3.9772	10.087	10.8515	16.93	52.611	-0.371
397200.0	1.00208	4.982	3.907	10.07	10.8025	14.49	52.356	-0.371
397800.0	1.00096	5.0816	4.01	10.039	10.7935	14.73	52.798	-0.371
398400.0	1.00192	5.0836	4.0112	10.11	10.845999999999998	15.2	52.467	-0.37
399000.0	0.99888	5.0806	4.0102	10.0955	10.8275	15.23	52.553	-0.37
399600.0	0.99904	5.0812	4.0104	10.125	10.853	15.7	52.424	-0.3720000000000001
400200.0	0.99568	5.0782	4.0106	10.064	10.924	16.19	52.379	-0.371
400800.0	1.00272	5.0832	4.011	10.021	10.815	15.09	52.316	-0.3720000000000001
401400.0	0.98208	5.0612	4.006	10.021	11.005	20.86	50.806	-0.371
402000.0	1.0164799999999998	5.0906	4.0014	10.188	10.8975	12.92	52.952	-0.3720000000000001
402600.0	1.00048	5.0758	4.0022	9.9515	10.6895	12.39	53.394	-0.37
403200.0	1.0	5.0766	4.004	9.824	10.542	12.52	53.484	-0.373
403800.0	1.0136	5.0796	3.993	9.779	10.5065	11.89	53.136	-0.37
404400.0	1.01984	5.0816	3.9868	9.77	10.4725	12.41	53.122	-0.375
405000.0	1.00544	5.0688	3.9898	9.751	10.4325	12.03	53.514	-0.375
405600.0	0.99616	5.0596	3.9916	9.731	10.4275	11.99	53.66	-0.375
406200.0	0.9936	5.057	3.9908	9.7305	10.4575	13.91	53.056	-0.375
406800.0	0.99824	5.061	3.99	9.7185	10.609000000000002	16.28	52.191	-0.376
407400.0	0.99424	5.0572	3.9902	9.742	10.6435	16.28	52.17	-0.3720000000000001
408000.0	1.00192	5.065	3.9896	9.797	10.6855	16.5	52.137	-0.374
408600.0	0.9968	5.0594	3.9894	9.8555	10.755	16.71	52.205	-0.3720000000000001
409200.0	1.00208	5.064	3.991	9.84	10.772	16.23	52.027	-0.371
409800.0	1.00032	5.0626	3.9874	9.796	10.723	15.89	52.49100000000001	-0.3720000000000001
410400.0	0.99952	5.0608	3.9888	9.773	10.708	15.31	52.417	-0.373
411000.0	1.00128	5.0612	3.986	9.7845	10.6825	14.98	52.637	-0.37
411600.0	1.00256	5.0622	3.9872	9.779	10.663	14.75	52.433	-0.374
412200.0	1.00208	5.0606	3.986	9.7575	10.6455	14.4	52.54	-0.3720000000000001
412800.0	0.99776	5.0582	3.986	9.7375	10.658	14.63	52.808	-0.373
413400.0	0.9968	5.0548	3.986	9.7095	10.6285	15.1	52.565	-0.371
414000.0	1.00096	5.0588	3.984	9.72	10.6315	15.85	52.206	-0.371
414600.0	1.00608	5.0626	3.9826	9.696	10.6	14.31	52.511	-0.3720000000000001
415200.0	1.0	5.056	3.9816	9.31	10.3835	15.27	52.692	-0.371
415800.0	1.00016	5.056	3.9808	9.2595	10.1945	14.52	52.769	-0.371
416400.0	0.99696	5.0518	3.981	9.101	10.11	15.15	52.619	-0.371
417000.0	0.99904	5.0536	3.9788	9.1505	10.0545	14.82	52.78	-0.37
417600.0	0.99552	5.0488	3.9818	9.309	10.1685	15.71	52.654	-0.3720000000000001
418200.0	1.00288	5.0556	3.9788	8.8755	10.008	14.29	52.54	-0.37
418800.0	1.00064	5.052	3.9796	8.7615	9.7065	15.5	52.506	-0.3720000000000001
419400.0	0.99872	5.0492	3.978	8.8755	9.8235	15.18	52.433	-0.371
420000.0	1.00032	5.05	3.9772	9.109	9.9925	15.04	52.655	-0.373
420600.0	1.00032	5.0502	3.9764	9.296	10.203	15.2	52.496	-0.3720000000000001
421200.0	0.99536	5.044	3.9776	9.2185	10.1295	15.29	52.435	-0.373
421800.0	1.00192	5.0506	3.9784	9.2095	10.1285	15.39	52.332	-0.373
422400.0	0.9992	5.0476	3.9776	9.249	10.1125	15.21	52.593	-0.37
423000.0	0.99632	5.0454	3.9758	9.3045	10.1785	15.93	52.458	-0.3720000000000001
423600.0	1.00048	5.0482	3.9732	9.341	10.1965	14.62	52.614	-0.3720000000000001
424200.0	0.99584	5.043	3.975	9.3655	10.207	14.61	52.819	-0.3720000000000001
424800.0	0.99936	5.046	3.9746	9.569	10.369000000000002	14.69	52.552	-0.373
425400.0	0.99984	5.046	3.9726	9.696	10.5305	14.42	52.647	-0.3720000000000001
426000.0	0.996	5.0414	3.9736	9.6825	10.5185	14.26	52.823	-0.371
426600.0	0.99936	5.0452	3.9714	9.6715	10.52	13.89	52.708	-0.37
427200.0	1.00416	5.0474	3.9702	9.717	10.567	14.12	52.779	-0.371
427800.0	0.99824	5.0428	3.9718	9.7005	10.573	15.21	52.566	-0.371
428400.0	0.99952	5.0438	3.9716	9.695	10.544	14.1	52.881	-0.3720000000000001
429000.0	0.99472	5.0388	3.9718	9.7765	10.6645	16.02	52.308	-0.3720000000000001
429600.0	1.00208	5.0448	3.9704	9.7705	10.5805	13.94	52.85	-0.371
430200.0	1.00128	5.043	3.9698	9.747	10.593	14.35	52.778	-0.37
430800.0	0.99376	5.0358	3.9714	9.733	10.5725	15.05	52.852	-0.3720000000000001
431400.0	0.99808	5.0386	3.9702	9.6055	10.5235	15.1	52.636	-0.371
432000.0	1.00512	5.0438	3.9682	9.626	10.503	14.28	52.657	-0.3720000000000001
432600.0	0.99744	5.0366	3.9692	9.6235	10.489	15.39	52.64100000000001	-0.3720000000000001
433200.0	0.99776	5.0362	3.967	9.613	10.5165	15.63	52.482	-0.3720000000000001
433800.0	1.0016	5.0392	3.9668	9.599	10.5005	15.26	52.474	-0.371
434400.0	0.99936	5.038	3.9664	9.5735	10.4895	15.49	52.51300000000001	-0.371
435000.0	0.99712	5.0344	3.9646	9.5505	10.454	15.63	52.62	-0.371
435600.0	1.00192	5.039	3.9638	9.541	10.4345	15.41	52.474	-0.3720000000000001
436200.0	1.00464	5.0402	3.963	9.533	10.437	15.52	52.437	-0.373
436800.0	0.9968	5.032	3.9652	9.3125	10.2725	15.81	52.252	-0.3720000000000001
437400.0	1.00048	5.035	3.9632	9.3115	10.277	15.68	52.356	-0.373
438000.0	1.00208	5.0356	3.962	9.3025	10.233	15.03	52.57899999999999	-0.371
438600.0	0.99696	5.0314	3.963	9.2985	10.25	15.94	52.345	-0.3720000000000001
439200.0	0.9968	5.0298	3.9622	9.3155	10.2105	15.2	52.343	-0.3720000000000001
439800.0	1.00048	5.033	3.9592	9.304	10.2195	14.97	52.56399999999999	-0.371
440400.0	1.00112	5.0326	3.9596	9.3075	10.182	15.43	52.45399999999999	-0.371
441000.0	0.99952	5.0312	3.9602	9.2935	10.2015	14.52	52.613	-0.375
441600.0	0.99296	5.0232	3.957	9.2815	10.163	15.59	52.672	-0.374
442200.0	1.0	5.03	3.9588	9.264	10.174	14.8	52.8	-0.3720000000000001
442800.0	1.00064	5.0308	3.956	9.257	10.1395	15.21	52.434	-0.3720000000000001
443400.0	1.00464	5.0332	3.9544	9.257	10.165	14.83	52.565	-0.37
444000.0	1.00224	5.0306	3.9548	9.276	10.155	14.67	52.49100000000001	-0.3720000000000001
444600.0	0.99712	5.0248	3.9544	9.3285	10.2025	14.53	52.817	-0.37
445200.0	0.9992	5.0266	3.9552	9.3215	10.1895	14.08	52.737	-0.374
445800.0	0.99776	5.025	3.9542	9.3355	10.1945	14.3	52.8	-0.371
446400.0	1.00096	5.0274	3.9546	9.3145	10.161	14.2	52.831	-0.375
447000.0	1.00256	5.0284	3.9528	9.311	10.2155	15.26	52.49100000000001	-0.373
447600.0	0.99744	5.0238	3.9538	9.331	10.23	15.28	52.552	-0.373
448200.0	0.9976	5.0232	3.9518	9.3235	10.221	15.8	52.556	-0.3720000000000001
448800.0	1.00384	5.0278	3.9526	9.3265	10.231	14.33	52.468	-0.3720000000000001
449400.0	0.99712	5.0222	3.9526	9.308	10.2035	15.36	52.453	-0.374
450000.0	1.00048	5.0246	3.95	9.273	10.198	15.24	52.27	-0.375
450600.0	1.00736	5.0302	3.9482	9.265	10.206	15.07	52.323	-0.371
451200.0	0.99408	5.0176	3.949	9.243	10.1325	15.05	52.503	-0.373
451800.0	1.00096	5.0238	3.9484	9.227	10.1135	14.9	52.574	-0.376
452400.0	0.99744	5.0172	3.9494	9.22	10.09	14.77	52.749	-0.371
453000.0	1.00048	5.0218	3.947	9.216	10.098	15.15	52.572	-0.373
453600.0	0.99792	5.0186	3.9468	9.315	10.2065	15.31	52.525	-0.374
454200.0	1.00224	5.0226	3.9466	9.333	10.21	15.11	52.476000000000006	-0.374
454800.0	0.99984	5.0192	3.9462	9.316	10.178	14.69	52.57100000000001	-0.374
455400.0	1.00208	5.0218	3.9456	9.297	10.1685	14.99	52.471	-0.373
456000.0	1.00032	5.0184	3.9466	9.284	10.146	14.23	52.807	-0.373
456600.0	0.99792	4.9918	3.9206	9.1995	10.126	14.79	52.817	-0.37
457200.0	1.0	5.0514	3.9776	9.0665	9.9335	14.17	52.703	-0.3720000000000001
457800.0	0.99968	5.0614	3.9882	9.0175	9.9955	15.21	52.633	-0.374
458400.0	0.99808	5.0592	3.9874	8.6865	9.7545	16.21	52.227	-0.371
459000.0	1.00224	5.0628	3.9864	8.4875	9.532	15.6	52.423	-0.3720000000000001
459600.0	1.00064	5.0586	3.9858	8.311	9.323	14.56	52.629	-0.3720000000000001
460200.0	0.99904	5.0564	3.985	8.2665	9.25	14.69	52.899	-0.375
460800.0	1.00016	5.057	3.9842	8.2895	9.2585	14.41	53.065	-0.373
461400.0	1.0032	5.0594	3.9818	8.343	9.2925	14.49	52.723	-0.374
462000.0	0.99664	5.0536	3.9826	8.383	9.3135	14.64	52.934	-0.374
462600.0	1.0008	5.0554	3.9796	8.3775	9.3175	14.42	52.724	-0.376
463200.0	1.00688	5.0616	3.9806	8.4345	9.3445	14.67	52.652	-0.375
463800.0	0.99664	5.052	3.9822	8.5955	9.5035	15.7	52.606	-0.373
464400.0	1.00352	5.0602	3.9814	8.901	9.741	15.61	52.288	-0.374
465000.0	0.99392	5.0512	3.9804	9.0395	9.9235	16.78	52.182	-0.373
465600.0	0.99904	5.055	3.9806	9.1285	9.9675	15.25	52.302	-0.376
466200.0	1.0016	5.0562	3.9808	9.329	10.167	15.75	52.483	-0.374
466800.0	0.99744	5.0542	3.983	9.4515	10.3165	15.98	52.636	-0.376
467400.0	0.99344	5.049	3.9808	9.4225	10.3925	18.52	51.611	-0.375
468000.0	1.00176	5.0382	3.9622	9.615	10.7125	21.74	50.051	-0.375
468600.0	1.00544	4.8986	3.8206	9.6555	10.683	19.49	50.893	-0.376
469200.0	0.92672	4.9912	3.9934	9.6015	10.822	29.72	48.658	-0.374
469800.0	1.06736	5.127999999999999	3.9874	9.9825	12.4785	54.66	35.22400000000001	-0.373
470400.0	1.00752	5.0748	3.993	9.7555	10.6615	15.94	52.11600000000001	-0.373
471000.0	1.0064	5.0724	3.9946	9.7205	10.5815	14.89	52.548	-0.376
471600.0	1.00016	5.0664	3.9928	9.538	10.413	15.53	52.426	-0.374
472200.0	1.00048	5.0684	3.9938	9.5225	10.3525	15.61	52.608	-0.375
472800.0	0.99872	5.0668	3.9956	9.499	10.356	15.32	52.494	-0.371
473400.0	0.99872	5.067	3.9948	9.4985	10.338	15.21	52.473	-0.371
474000.0	0.99984	5.0674	3.9946	9.511	10.325	15.01	52.678	-0.371
474600.0	0.99936	5.0672	3.9952	9.49	10.314	15.62	52.343	-0.374
475200.0	0.99936	5.0676	3.9954	9.4995	10.2985	14.76	52.713	-0.373
475800.0	1.00144	5.0692	3.9934	9.5	10.298	14.48	52.793	-0.3720000000000001
476400.0	0.99824	5.0666	3.9936	9.5465	10.3085	15.16	52.739	-0.375
477000.0	0.99968	5.0680000000000005	3.995	9.6395	10.41	14.94	52.728	-0.375
477600.0	1.00272	5.0708	3.9952	9.67	10.4395	14.15	52.753	-0.371
478200.0	0.99648	5.0664	3.9964	9.6655	10.4095	15.47	52.732	-0.371
478800.0	0.99872	5.0696	3.9976	9.662	10.4235	13.9	53.018	-0.371
479400.0	1.00608	5.0758	3.998	9.6535	10.419	14.03	52.74800000000001	-0.373
480000.0	0.99728	5.0688	3.9988	9.6355	10.406	14.45	52.992	-0.374
480600.0	0.99616	5.0678	3.9988	9.6265	10.4195	15.07	52.578	-0.374
481200.0	1.00336	5.0754	4.0004	9.6545	10.448	15.85	52.286	-0.3720000000000001
481800.0	1.00048	5.0732	3.9986	9.7035	10.5095	15.15	52.503	-0.376
482400.0	0.99952	5.072	3.999	9.7025	10.517	15.3	52.578	-0.373
483000.0	1.00096	5.0724	3.9982	9.6905	10.5175	15.84	52.419	-0.373
483600.0	0.99968	5.0738	4.0012	9.7705	10.5435	15.51	52.487	-0.373
484200.0	0.99936	5.0732	4.002	9.7865	10.6075	15.54	52.453	-0.374
484800.0	0.99776	5.0712	4.002	9.779	10.553	15.11	52.578	-0.375
485400.0	1.0016	5.0752	4.0002	9.7565	10.5265	15.13	52.591	-0.3720000000000001
486000.0	1.00064	5.0734	4.0004	9.7455	10.495	15.04	52.377	-0.373
486600.0	0.99568	5.0702	4.0008	9.782	10.4975	15.8	52.365	-0.37
487200.0	1.00096	5.0758	4.0026	9.794	10.5385	14.18	52.65	-0.37
487800.0	0.9928	5.0688	4.002	9.7765	10.5055	15.26	52.566	-0.3720000000000001
488400.0	0.9936	5.0698	4.005	9.8625	10.566	15.63	52.534	-0.373
489000.0	1.00416	5.0808	4.0044	9.9	10.6205	14.42	52.666	-0.3720000000000001
489600.0	1.00192	5.0782	4.0034	9.9105	10.6195	14.34	52.767	-0.3720000000000001
490200.0	1.11024	5.1782	3.997	9.926	10.662	15.58	50.089	-0.3720000000000001
490800.0	1.16544	5.2292	3.9888	9.961	10.6815	14.54	49.4	-0.373
491400.0	1.15648	5.2204	3.9902	9.9775	10.6705	15.2	49.444	-0.373
492000.0	1.07968	5.1512	3.9986	10.086	10.748	14.49	51.032	-0.374
492600.0	1.0	5.0776	4.0066	10.0955	10.8015	15.3	52.45	-0.373
493200.0	0.99904	5.0776	4.006	10.1105	10.8165	14.75	52.595	-0.3720000000000001
493800.0	0.99648	5.0754	4.0054	10.154	10.8375	15.63	52.407	-0.375
494400.0	1.00144	5.0802	4.0074	10.1475	10.8345	15.12	52.458	-0.371
495000.0	0.99952	5.0776	4.0066	10.23	10.9	15.06	52.545	-0.375
495600.0	1.0	5.0806	4.0078	10.2445	10.9375	15.39	52.583	-0.371
496200.0	1.00272	5.0836	4.0086	10.2155	10.9215	14.99	52.441	-0.374
496800.0	1.00336	5.0828	4.009	10.21	10.914	14.92	52.529	-0.373
497400.0	0.99904	5.0796	4.0084	9.981	10.789	14.96	52.688	-0.374
498000.0	1.0044799999999998	5.0854	4.0096	9.721	10.5265	14.82	52.56399999999999	-0.374
498600.0	0.99824	5.0788	4.0096	9.74	10.51	14.86	52.562	-0.373
499200.0	1.00384	5.0842	4.008	9.706	10.4805	14.39	52.789	-0.373
499800.0	0.99456	5.0754	4.0088	9.6945	10.458	15.16	52.518	-0.373
500400.0	1.00064	5.0796	4.008	9.789	10.524	14.02	52.892	-0.375
501000.0	0.99584	5.0764	4.0104	9.883	10.6005	14.98	52.787	-0.373
501600.0	1.00288	5.0846	4.0094	9.8345	10.5875	13.93	52.895	-0.375
502200.0	0.99824	5.0792	4.0106	9.797	10.5495	14.85	52.724	-0.379
502800.0	1.00144	5.0828	4.0098	9.7205	10.5375	14.24	52.726000000000006	-0.375
503400.0	0.99744	5.0776	4.0084	9.5965	10.3675	14.24	53.004	-0.374
504000.0	1.00288	5.0836	4.0106	9.4115	10.2775	14.18	52.705	-0.376
504600.0	1.00016	5.0808	4.0094	9.2185	10.016	14.3	52.574	-0.374
505200.0	0.99904	5.0792	4.0074	9.1605	10.0045	13.83	52.84	-0.377
505800.0	0.99936	5.0794	4.0074	9.0395	9.9465	14.72	52.659	-0.375
506400.0	0.99744	5.0754	4.0062	9.0315	9.874	15.23	52.37600000000001	-0.374
507000.0	1.00352	5.0816	4.0044	9.3215	10.103	15.19	52.545	-0.3720000000000001
507600.0	0.99984	5.0786	4.0056	9.4445	10.2415	14.92	52.47	-0.378
508200.0	0.99792	5.078	4.007	9.4235	10.27	15.63	52.53	-0.378
508800.0	1.00096	5.0796	4.0056	9.3915	10.2255	15.18	52.537	-0.376
509400.0	0.99856	5.0776	4.0058	9.3595	10.1895	14.93	52.555	-0.377
510000.0	1.0032	5.0806	4.0074	9.2455	10.126	14.92	52.643	-0.376
510600.0	1.00192	5.0802	4.0048	9.184	10.0295	14.88	52.609	-0.379
511200.0	1.00016	5.0772	4.0028	9.0305	9.926	15.05	52.562	-0.373
511800.0	1.0008	5.079	4.0062	9.0485	9.9485	14.37	52.828	-0.376
512400.0	1.00528	5.0824	4.0052	8.9465	9.8465	14.89	52.649	-0.373
513000.0	0.99968	5.0766	4.0056	8.942	9.79	14.87	52.749	-0.375
513600.0	1.0024	5.0782	4.0024	8.967	9.8275	14.56	52.636	-0.373
514200.0	1.00528	5.0808	4.0038	8.918	9.8145	14.33	52.664	-0.376
514800.0	0.99952	5.0744	4.0018	8.936	9.7725	14.56	52.725	-0.377
515400.0	1.00128	5.0754	4.0014	8.9565	9.8215	14.61	52.858	-0.374
516000.0	0.99968	5.0744	4.0028	8.9265	9.796	14.61	52.859	-0.374
516600.0	1.00016	5.0354	3.962	8.9105	9.817	14.17	52.855	-0.375
517200.0	1.00256	5.0638	3.9888	8.942	9.777	13.89	52.627	-0.376
517800.0	0.99824	5.0606	3.9878	8.9595	9.8235	14.41	52.968	-0.379
