#1
double tab1(1008,7)
# Date
# Eau Chaude - Température entrée condenseurs TFP1
# Eau chaude - Température sortie condenseur TFP1
# Eau Chaude - Débit TFP1
# Eau glacée - Température entrée évaporateur TFP1
# Eau glacée - Température sortie évaporateurs TFP1
# Eau Glacée - Débit TFP1
-86400.0	57.054	61.167	200.019	11.2145	7.6455	160.15200000000004
-85800.0	57.106	61.147	199.989	11.226	7.7215	159.81
-85200.0	57.209	61.235	200.088	11.2435	7.7515	159.882
-84600.0	57.057	61.082	200.091	11.241	7.7505	159.672
-84000.0	57.293	61.29	200.346	11.238	7.7360000000000015	159.996
-83400.0	57.598	61.333	199.824	11.2465	8.013	160.158
-82800.0	57.659	61.339	200.202	11.3175	8.142000000000001	159.576
-82200.0	57.597	61.277	199.896	11.334	8.179	159.876
-81600.0	57.742	61.363	200.019	11.323	8.1975	159.972
-81000.0	57.975	61.38	199.995	11.339	8.3705	160.2
-80400.0	57.883	61.19300000000001	199.983	11.394	8.5585	160.056
-79800.0	57.717	60.947	199.986	11.415	8.656	159.798
-79200.0	57.74800000000001	61.01	199.971	11.4395	8.657	159.84
-78600.0	57.764	61.06	200.202	11.431	8.62	160.18200000000004
-78000.0	57.549	60.883	199.896	11.443	8.6015	159.97799999999995
-77400.0	57.339	60.732	199.713	11.4225	8.5185	159.912
-76800.0	57.548	61.06100000000001	200.25	11.3965	8.3535	159.972
-76200.0	57.622	61.104	199.836	11.384	8.3965	159.984
-75600.0	57.61600000000001	60.992	199.794	11.379	8.4845	160.248
-75000.0	57.53100000000001	60.942	199.80900000000003	11.408	8.487	159.93
-74400.0	57.431	60.86600000000001	199.824	11.3965	8.45	160.08
-73800.0	57.393	60.859	199.866	11.3825	8.422	159.99
-73200.0	57.325	60.819	200.208	11.3695	8.3835	160.06799999999996
-72600.0	57.139	60.668	199.929	11.371	8.363	159.804
-72000.0	56.988	60.74800000000001	199.932	11.371	8.0915	160.14
-71400.0	57.014	60.858	200.454	11.3025	7.9395	160.554
-70800.0	56.845	60.768	199.992	11.285	7.8685	159.798
-70200.0	56.757	60.69	200.211	11.2575	7.8	160.14
-69600.0	56.871	60.847	200.046	11.2555	7.7635	159.94799999999995
-69000.0	56.915	60.84	200.127	11.2335	7.7985	159.834
-68400.0	56.489	60.62600000000001	200.052	11.239	7.6115	159.93
-67800.0	56.433	60.499	199.71	11.2105	7.6365	160.188
-67200.0	56.615	60.65600000000001	200.235	11.214	7.655	160.29
-66600.0	56.919	60.94300000000001	199.74	11.2	7.6629999999999985	160.29
-66000.0	57.28	61.275	200.073	11.206	7.7235	160.08
-65400.0	57.512	61.284	200.286	11.2365	7.952000000000001	159.828
-64800.0	57.43899999999999	61.246	199.929	11.2815	7.9425	160.092
-64200.0	57.442	61.276	199.944	11.293	7.928	160.30200000000005
-63600.0	57.478	61.308	200.268	11.2685	7.9205	159.876
-63000.0	57.392	61.206	200.172	11.2715	7.9275	159.78
-62400.0	57.393	61.256	200.226	11.2725	7.9085	160.542
-61800.0	57.451	61.289	200.061	11.273	7.9275	159.816
-61200.0	57.553	61.407	200.01	11.289	7.9195	160.566
-60600.0	57.25	61.07100000000001	199.776	11.3125	7.9585	159.378
-60000.0	57.362	61.179	200.088	11.311	7.956	160.07399999999996
-59400.0	57.355	61.18899999999999	200.118	11.289	7.947	159.864
-58800.0	57.53100000000001	61.307	199.887	11.2895	7.968	160.21200000000005
-58200.0	57.744	61.332	200.19	11.311	8.172	160.338
-57600.0	57.408	60.831	199.956	11.3625	8.4435	159.984
-57000.0	57.2	60.651	199.368	11.417	8.4375	160.04399999999995
-56400.0	57.331	60.816	200.289	11.4135	8.4065	160.164
-55800.0	57.451	60.844	199.824	11.4145	8.4905	160.03799999999995
-55200.0	57.24800000000001	60.825	199.986	11.4445	8.3465	160.116
-54600.0	57.326	60.902	200.169	11.4125	8.341000000000001	159.936
-54000.0	57.485	61.058	199.812	11.428	8.332	159.99
-53400.0	57.582	61.045	199.854	11.4195	8.4375	160.368
-52800.0	57.916	61.323	200.19	11.429	8.4755	160.11
-52200.0	57.867	61.344	200.064	11.441	8.432	160.326
-51600.0	56.558	60.99800000000001	199.74	11.417	7.4695	159.84
-51000.0	58.393	62.01	200.13	11.2415	8.1685	160.434
-50400.0	56.099	60.113	199.992	11.392	7.943	159.558
-49800.0	56.89100000000001	61.612	200.202	11.33	7.38	160.06799999999996
-49200.0	57.606	61.163	199.932	11.306	8.2185	159.93
-48600.0	57.19600000000001	60.846	200.21400000000003	11.4295	8.274	160.05
-48000.0	57.335	61.114	199.725	11.4385	8.138	159.666
-47400.0	57.523	61.274	199.983	11.4035	8.1285	160.056
-46800.0	57.788	61.40600000000001	200.256	11.4175	8.2605	160.07399999999996
-46200.0	57.701	61.092	199.866	11.477	8.5685	159.87
-45600.0	57.955	61.35	200.523	11.5535	8.6415	159.936
-45000.0	58.035	61.365	199.758	11.565	8.687000000000001	160.03799999999995
-44400.0	58.226000000000006	61.36600000000001	199.866	11.5695	8.9065	160.032
-43800.0	58.36600000000001	61.49	199.812	11.61	8.93	159.93
-43200.0	58.51600000000001	61.566	199.794	11.619000000000002	9.012	160.00799999999995
-42600.0	58.715	61.57899999999999	200.187	11.646	9.1735	160.03799999999995
-42000.0	58.298	61.19	200.052	11.677	9.234	160.09799999999996
-41400.0	58.044	60.931	200.25	11.6835	9.2125	159.798
-40800.0	58.029	60.863	200.115	11.674	9.251	159.876
-40200.0	58.168	61.024	200.016	11.688	9.2425	160.05
-39600.0	58.161	61.05	200.106	11.692	9.232	160.07399999999996
-39000.0	58.14100000000001	60.977	199.833	11.6775	9.2555	160.056
-38400.0	58.053	60.89	199.812	11.706	9.2635	159.99
-37800.0	58.06399999999999	60.905	199.983	11.6955	9.257	160.164
-37200.0	58.148	61.011	200.34	11.707	9.244	159.864
-36600.0	58.202	61.003	200.199	11.707	9.288	159.966
-36000.0	58.56399999999999	61.354	200.346	11.7305	9.336	159.81
-35400.0	58.629	61.447	196.872	11.722	9.293	158.874
-34800.0	58.344	61.463	179.835	11.7075	9.275	159.822
-34200.0	58.113	61.15	179.949	11.709	9.372	160.03799999999995
-33600.0	57.86600000000001	60.951	179.826	11.72	9.326	159.984
-33000.0	57.489	60.61600000000001	179.886	11.7075	9.2715	160.062
-32400.0	57.471	60.709	180.06900000000005	11.693	9.169	160.17
-31800.0	57.615	60.844	180.009	11.682	9.189	159.924
-31200.0	57.54	60.79	180.024	11.686	9.164	160.07399999999996
-30600.0	57.20399999999999	60.633	180.03599999999997	11.6785	8.9865	159.93
-30000.0	57.4	60.872	179.706	11.6435	8.923	160.134
-29400.0	57.42100000000001	60.91	179.817	11.65	8.9045	160.17
-28800.0	57.604	61.096	180.09900000000005	11.636	8.8975	160.23
-28200.0	57.886	61.339	179.808	11.6455	8.9315	159.918
-27600.0	58.192	61.537	179.958	11.665	9.029	159.63
-27000.0	58.334	61.635	179.967	11.6665	9.1005	160.254
-26400.0	58.143	61.46100000000001	179.868	11.695	9.1195	160.128
-25800.0	57.986	61.322	179.78400000000005	11.6975	9.098	159.966
-25200.0	57.87300000000001	61.229	180.093	11.7025	9.0815	159.918
-24600.0	57.593	60.981	179.66400000000004	11.683	9.052	160.44
-24000.0	57.351000000000006	60.717	180.003	11.704	9.065	159.918
-23400.0	57.285	60.679	179.922	11.7005	9.031	159.72
-22800.0	57.097	60.65600000000001	180.198	11.7	8.911	159.888
-22200.0	57.04	60.744	179.697	11.6585	8.749	159.75
-21600.0	57.105	60.815	179.97299999999996	11.6355	8.716000000000001	159.942
-21000.0	57.172	60.874	179.826	11.635	8.709	160.392
-20400.0	57.415	61.099	180.048	11.6365	8.727	160.17
-19800.0	57.307	61.03	179.976	11.6285	8.705	160.14600000000004
-19200.0	57.475	61.187	180.12900000000005	11.6325	8.7015	159.888
-18600.0	57.62	61.349	179.958	11.634	8.697000000000001	160.18200000000004
-18000.0	57.804	61.504	180.09	11.647	8.721	159.858
-17400.0	57.523	61.07899999999999	180.09599999999998	11.6805	8.8675	159.75
-16800.0	56.993	60.752	180.282	11.6865	8.746	159.558
-16200.0	56.799	60.643	179.829	11.668	8.624	160.014
-15600.0	56.71	60.56	180.132	11.6515	8.6295	160.026
-15000.0	56.497	60.833	179.94299999999996	11.607	8.1925	159.94799999999995
-14400.0	57.14100000000001	61.383	179.84400000000005	11.5425	8.1735	160.02
-13800.0	57.549	61.45399999999999	179.706	11.545	8.47	160.15200000000004
-13200.0	57.644	61.405	179.862	11.6025	8.656	159.798
-12600.0	57.302	60.977	180.06599999999997	11.6625	8.816	159.972
-12000.0	57.105	60.832	180.084	11.6805	8.7925	159.972
-11400.0	57.394	61.096	180.195	11.6685	8.789	160.04399999999995
-10800.0	57.403	61.036	179.394	11.682	8.871	160.236
-10200.0	57.44600000000001	61.125	180.051	11.6955	8.862	160.02
-9600.0	57.46	61.15600000000001	180.015	11.684	8.823	159.75
-9000.0	57.458	61.18899999999999	180.03599999999997	11.686	8.799	159.864
-8400.0	57.475	61.111	180.222	11.675999999999998	8.89	160.24200000000005
-7800.0	57.355	61.03100000000001	179.796	11.7095	8.8705	159.936
-7200.0	57.539	61.20399999999999	180.267	11.6975	8.854	159.972
-6600.0	57.642	61.302	180.12900000000005	11.6985	8.849	160.2
-6000.0	57.84	61.39100000000001	180.396	11.699000000000002	8.951	160.10399999999996
-5400.0	57.79	61.42	179.88	11.7055	8.857999999999997	159.87
-4800.0	57.742	61.29	180.123	11.6985	8.982000000000003	159.972
-4200.0	57.622	61.246	179.886	11.705	8.891	160.09799999999996
-3600.0	57.743	61.33	180.177	11.6985	8.8675	160.092
-3000.0	57.595	61.234	179.63099999999997	11.7095	8.8485	160.092
-2400.0	57.422	61.099	179.77200000000005	11.6825	8.8115	160.11
-1800.0	57.226000000000006	60.874	179.919	11.6845	8.7945	160.134
-1200.0	57.325	60.929	179.78099999999995	11.6775	8.8395	160.284
-600.0	57.236	60.882	180.102	11.68	8.8205	160.21200000000005
0.0	57.612	61.213	180.18	11.6695	8.8265	159.954
600.0	57.885	61.485	180.156	11.675999999999998	8.837	160.266
1200.0	57.864	61.458	179.85299999999995	11.662	8.8415	159.816
1800.0	57.78100000000001	61.276	179.997	11.659	8.9095	160.086
2400.0	57.64	61.084	179.91	11.686	9.0165	159.912
3000.0	57.515	60.97	179.937	11.7095	9.021	159.888
3600.0	57.305	60.767	180.075	11.6965	9.0015	159.99
4200.0	57.038	60.756	179.916	11.695	8.7845	160.326
4800.0	57.021	60.793	180.171	11.6395	8.697000000000001	159.78
5400.0	56.956	60.935	180.03599999999997	11.6095	8.4585	159.81
6000.0	56.92	60.881	180.15	11.571	8.4795	160.344
6600.0	56.798	60.715	179.898	11.586	8.521	159.798
7200.0	56.77	60.685	179.99400000000003	11.595	8.5295	159.672
7800.0	56.737	60.69600000000001	179.634	11.578	8.502	159.864
8400.0	56.753	60.845	180.147	11.5655	8.3535	159.972
9000.0	56.93600000000001	61.063	180.021	11.535	8.276	159.738
9600.0	56.957	60.942	179.81099999999995	11.547	8.445	160.188
10200.0	56.982	61.002	180.084	11.553	8.4155	159.94799999999995
10800.0	57.178	61.144	179.96400000000003	11.5605	8.481	159.906
11400.0	57.553	61.392	180.177	11.571	8.576	160.09799999999996
12000.0	57.667	61.283	179.69400000000005	11.5955	8.783999999999999	159.912
12600.0	57.527	61.177	179.91	11.630999999999998	8.795	159.846
13200.0	57.507	61.203	180.195	11.630999999999998	8.744	159.798
13800.0	57.503	61.208	179.826	11.628	8.7345	160.188
14400.0	57.604	61.188	179.75099999999995	11.635	8.826	160.21200000000005
15000.0	57.578	61.217	179.808	11.654000000000002	8.815	160.00799999999995
15600.0	57.793	61.472	180.234	11.6375	8.7495	159.654
16200.0	57.869	61.401	180.063	11.6345	8.86	160.062
16800.0	57.772	61.277	180.033	11.664	8.9245	159.75
17400.0	57.59	61.125	180.174	11.6795	8.9285	160.134
18000.0	57.226000000000006	60.784	180.198	11.669	8.9075	160.10399999999996
18600.0	57.175	60.929	180.165	11.6625	8.7395	160.086
19200.0	57.303	61.103	179.976	11.642	8.658999999999999	159.918
19800.0	57.355	61.144	179.895	11.6145	8.6405	159.882
20400.0	57.298	61.07899999999999	179.676	11.6155	8.642000000000001	160.10399999999996
21000.0	57.31399999999999	61.107	180.054	11.617	8.625	160.218
21600.0	57.404	61.214	179.793	11.6115	8.6115	159.99
22200.0	57.525	61.327	179.96400000000003	11.6255	8.62	160.04399999999995
22800.0	57.33600000000001	61.187	179.85	11.612	8.596	159.936
23400.0	57.203	61.088	179.607	11.595999999999998	8.5605	159.97799999999995
24000.0	57.004	60.835	179.685	11.6035	8.6105	159.756
24600.0	57.121	60.979	180.324	11.6105	8.5575	160.116
25200.0	56.958	60.629	179.93400000000003	11.626	8.78	160.23
25800.0	56.764	60.816	180.171	11.6395	8.423	159.966
26400.0	56.625	60.697	179.81099999999995	11.572	8.3515	159.786
27000.0	56.207	60.69300000000001	179.81400000000005	11.531	7.9885	159.606
27600.0	56.407	60.875	179.991	11.462	7.932	160.14600000000004
28200.0	56.63800000000001	61.143	180.261	11.4545	7.9215	160.04399999999995
28800.0	56.338	60.804	179.733	11.4615	7.938	160.248
29400.0	56.178	60.799	179.727	11.4735	7.8145	159.984
30000.0	56.005	60.632	179.63099999999997	11.459	7.7885	160.24200000000005
30600.0	56.125	60.723	179.607	11.4415	7.787000000000001	159.882
31200.0	56.076	60.685	179.778	11.435	7.7875	159.756
31800.0	56.368	60.96100000000001	179.997	11.448	7.7995	159.97799999999995
32400.0	56.64100000000001	61.223	180.282	11.429	7.815	160.224
33000.0	57.03100000000001	61.377	179.94299999999996	11.435	8.017000000000001	159.9
33600.0	57.062	61.394	179.988	11.4765	8.0475	159.834
34200.0	57.111	61.418	179.93400000000003	11.468	8.0585	160.116
34800.0	57.182	61.371	179.925	11.4905	8.181000000000001	159.84
35400.0	56.937	61.13399999999999	179.916	11.5035	8.2115	160.2
36000.0	56.887	61.097	180.183	11.515999999999998	8.169	159.6
36600.0	57.45	61.469	180.255	11.4965	8.312000000000001	159.822
37200.0	57.36600000000001	61.228	179.796	11.5545	8.5095	159.648
37800.0	57.176	61.055	180.222	11.594	8.5845	160.224
38400.0	57.213	61.094	179.85299999999995	11.6095	8.56	159.984
39000.0	57.24100000000001	61.225	180.078	11.6275	8.4945	160.122
39600.0	57.38	61.26	179.997	11.6015	8.586	160.26
40200.0	57.733	61.412	179.88	11.646	8.7335	160.14600000000004
40800.0	57.774	61.255	179.61900000000003	11.698	8.9985	160.06799999999996
41400.0	57.679	61.154	180.423	11.717	9.0165	160.164
42000.0	57.66	61.132	180.225	11.7305	9.025	160.014
42600.0	57.727	61.18600000000001	180.141	11.741	9.0415	160.00799999999995
43200.0	58.01300000000001	61.448	180.003	11.7495	9.0665	160.116
43800.0	58.107	61.567	179.90400000000002	11.7605	9.0645	160.09799999999996
44400.0	58.18	61.613	179.96099999999996	11.7735	9.0895	159.936
45000.0	58.286	61.588	179.919	11.779000000000002	9.229	159.714
45600.0	58.223	61.43	180.144	11.8015	9.3015	160.422
46200.0	58.108	61.29600000000001	180.102	11.8235	9.3635	159.702
46800.0	58.216	61.392	180.111	11.8425	9.379	160.092
47400.0	58.338	61.486	180.135	11.8495	9.413	159.984
48000.0	58.12600000000001	61.309	180.06900000000005	11.8565	9.394	159.822
48600.0	57.971	61.192	180.06	11.845	9.3745	160.062
49200.0	58.353	61.48	180.21	11.855	9.417	160.17600000000004
49800.0	58.48	61.62	179.793	11.8725	9.447	159.72
50400.0	58.746	61.703	180.378	11.886	9.5985	159.94799999999995
51000.0	58.68899999999999	61.607	180.144	11.921	9.6785	159.97799999999995
51600.0	58.537	61.47	180.0	11.9365	9.6795	159.894
52200.0	58.525	61.467	179.90400000000002	11.933	9.651	159.72
52800.0	58.677	61.547	180.11700000000005	11.9455	9.719	160.254
53400.0	58.784	61.662	179.84400000000005	11.956	9.7225	160.014
54000.0	58.82	61.682	179.99400000000003	11.97	9.739	159.582
54600.0	58.841	61.672	180.153	11.970999999999998	9.7665	160.308
55200.0	58.733	61.508	180.174	11.999	9.865	160.464
55800.0	58.701	61.48	179.925	12.42	10.1565	159.234
56400.0	58.5	61.293	179.96099999999996	12.41	10.3475	160.668
57000.0	57.992	60.782	180.165	11.965	9.8	159.714
57600.0	57.569	60.445	180.192	12.0945	9.868	159.684
58200.0	57.68899999999999	60.717	180.225	12.0855	9.7235	159.924
58800.0	57.927	60.962	180.009	12.0815	9.707	160.032
59400.0	58.203	61.19300000000001	179.778	11.997	9.686	160.356
60000.0	58.229	61.161	180.153	12.013	9.721	160.05
60600.0	58.122	61.108	180.12900000000005	12.0165	9.6995	160.07399999999996
61200.0	57.881	60.90600000000001	179.817	12.003	9.641	160.062
61800.0	57.465	60.54600000000001	179.796	12.003	9.598	160.41
62400.0	57.39100000000001	60.742	179.859	11.9755	9.3775	159.972
63000.0	57.736	61.225	180.11700000000005	11.914	9.2195	160.032
63600.0	57.985	61.49800000000001	180.018	11.8965	9.154	159.52200000000005
64200.0	57.594	61.087	179.778	11.8795	9.1675	160.356
64800.0	57.231	60.749	180.258	11.8805	9.125	159.75
65400.0	56.978	60.83600000000001	180.12599999999995	11.847	8.847000000000003	159.672
66000.0	56.911	60.847	180.216	11.796	8.701	160.15200000000004
66600.0	56.774	60.92	180.051	11.7445	8.4925	160.116
67200.0	56.76	60.777	180.045	11.7375	8.6015	159.69
67800.0	56.864	60.951	179.96099999999996	11.7495	8.547	159.816
68400.0	57.38	61.344	179.82299999999995	11.755999999999998	8.642999999999999	159.894
69000.0	57.478	61.235	180.132	11.8115	8.866	160.344
69600.0	57.401	61.246	180.108	11.83	8.8275	160.05
70200.0	57.5	61.21	179.96400000000003	11.845999999999998	8.991	159.99
70800.0	57.467	61.136	180.312	11.8795	9.061	160.236
71400.0	57.024	61.029	180.003	11.8785	8.7255	159.882
72000.0	57.448	61.205	180.225	11.8175	8.8605	159.912
72600.0	57.344	61.172	179.778	11.856	8.885	160.278
73200.0	57.45	61.18	180.03599999999997	11.859000000000002	8.992	160.326
73800.0	57.292	61.104	179.925	11.861	8.9365	160.03799999999995
74400.0	57.162	60.996	179.80200000000005	11.8555	8.894	160.284
75000.0	57.65	61.179	180.171	11.845	9.0775	160.314
75600.0	57.942	61.338	180.438	11.9125	9.278	159.714
76200.0	57.617	61.023	179.75400000000005	11.936	9.281	160.06799999999996
76800.0	57.653	61.063	179.769	11.9295	9.2755	160.314
77400.0	57.951	61.358	179.922	11.945	9.274	160.06799999999996
78000.0	58.036	61.456	180.27	11.9395	9.278	160.02
78600.0	57.788	61.231	179.622	11.9425	9.2655	160.02
79200.0	57.681	61.124	179.928	11.9515	9.2585	159.94799999999995
79800.0	57.745	61.2	179.868	11.936	9.2465	159.94799999999995
80400.0	57.826	61.284	179.976	11.933	9.2415	160.092
81000.0	57.853	61.323	179.763	11.935	9.2355	160.02
81600.0	57.802	61.284	180.249	11.9375	9.227	160.194
82200.0	57.867	61.27	180.045	11.9355	9.26	160.446
82800.0	57.82899999999999	61.205	179.976	11.9375	9.337	160.10399999999996
83400.0	57.755	61.142	180.078	11.949000000000002	9.306	159.9
84000.0	57.644	61.025	179.877	11.945	9.3025	159.972
84600.0	57.651	61.033	179.96400000000003	11.9345	9.29	160.164
85200.0	57.565	60.97	180.06599999999997	11.9275	9.272	159.996
85800.0	57.537	60.931	180.09	11.918	9.2665	160.122
86400.0	57.62600000000001	61.036	180.114	11.916	9.253	160.086
87000.0	57.539	60.974	179.907	11.9215	9.2425	159.612
87600.0	57.647	61.044	180.171	11.9095	9.25	160.434
88200.0	57.23	60.642	180.045	11.9055	9.2385	160.47
88800.0	57.291	60.89100000000001	180.05700000000004	11.906	9.07	159.768
89400.0	57.57100000000001	61.162	179.99400000000003	11.88	9.071	160.128
90000.0	57.775	61.37	180.06599999999997	11.8725	9.0605	159.642
90600.0	57.18899999999999	60.916	179.658	11.8785	8.945	159.792
91200.0	57.227	61.018	179.91	11.8415	8.867	160.09799999999996
91800.0	57.374	61.184	180.063	11.8155	8.8295	159.588
92400.0	57.154	61.002	179.739	11.8245	8.8045	159.75
93000.0	57.107	60.947	180.174	11.8185	8.7785	160.284
93600.0	57.055	60.886	179.862	11.8135	8.797	160.09799999999996
94200.0	56.791	60.673	179.808	11.834	8.762	160.08
94800.0	56.86600000000001	60.841	179.81400000000005	11.8155	8.6705	160.284
95400.0	57.035	60.927	180.159	11.7875	8.7145	159.99
96000.0	57.035	61.012	179.892	11.800999999999998	8.6505	159.708
96600.0	57.351000000000006	61.202	180.138	11.806	8.7615	159.99
97200.0	57.68	61.441	179.856	11.8405	8.8405	160.32
97800.0	57.851000000000006	61.337	179.838	11.8545	9.1625	159.72
98400.0	57.889	61.334	180.051	11.9075	9.219	160.134
99000.0	57.898	61.351000000000006	180.102	11.9155	9.231	159.804
99600.0	57.883	61.342	180.114	11.934	9.229	160.314
100200.0	57.846	61.301	180.132	11.925999999999998	9.233	159.792
100800.0	57.75100000000001	61.21	179.958	11.9255	9.218	160.14600000000004
101400.0	57.756	61.226000000000006	180.18	11.9225	9.217	159.66
102000.0	57.75	61.229	179.745	11.9195	9.2065	160.404
102600.0	57.77	61.265	180.09599999999998	11.9035	9.19	159.576
103200.0	57.608	61.13	180.075	11.912	9.1675	159.972
103800.0	57.429	60.955	180.072	11.9075	9.1425	159.96
104400.0	57.03	60.76300000000001	179.997	11.897	8.9715	160.248
105000.0	57.181	60.978	179.82	11.8505	8.869	160.15200000000004
105600.0	57.46100000000001	61.23	179.868	11.838	8.868	159.954
106200.0	57.681	61.445	179.952	11.8325	8.8635	159.75
106800.0	57.858	61.578	179.94299999999996	11.8365	8.908	159.792
107400.0	57.798	61.372	179.80200000000005	11.8455	9.056	160.05
108000.0	57.645	61.214	179.82299999999995	11.8765	9.0975	159.912
108600.0	57.6	61.177	180.063	11.8835	9.1055	160.03799999999995
109200.0	57.403	60.989	179.949	11.8835	9.084	160.326
109800.0	57.076	60.758	179.808	11.8605	9.012	159.786
110400.0	57.191	60.913	180.195	11.8465	8.957	160.07399999999996
111000.0	57.223	60.937	180.138	11.845999999999998	8.932	159.846
111600.0	57.25899999999999	60.837	179.886	11.842	9.0735	160.11
112200.0	56.913	60.651	179.895	11.914	8.9975	160.29
112800.0	57.056	60.993	180.276	11.907	8.808	160.128
113400.0	57.067	61.176	180.27	11.8385	8.581	160.00799999999995
114000.0	56.861	60.994	180.12900000000005	11.835	8.5865	160.23
114600.0	56.69600000000001	60.851000000000006	179.982	11.865	8.5785	159.834
115200.0	56.736	60.86	179.667	11.8685	8.585	160.2
115800.0	56.903	60.972	179.769	11.8775	8.641	160.056
116400.0	56.899	60.99	179.808	11.9015	8.6515	159.894
117000.0	56.669	60.788	179.73	11.883	8.624	159.786
117600.0	56.457	60.74100000000001	180.201	11.88	8.4975	159.81
118200.0	56.349	60.73	179.766	11.8405	8.4	160.08
118800.0	56.803	61.233	179.718	11.824000000000002	8.3135	160.026
119400.0	57.342	61.395	180.246	11.8165	8.6055	159.822
120000.0	57.417	61.299	180.0	11.897	8.8455	160.17
120600.0	57.109	60.86	180.06	11.93	9.0575	159.762
121200.0	56.801	60.647	179.928	11.961	8.9625	159.81
121800.0	57.165	61.102	180.084	11.936	8.853	160.11
122400.0	57.284	61.288	179.88299999999995	11.937	8.766	159.804
123000.0	57.17	61.128	179.90400000000002	11.929	8.816	160.488
123600.0	56.996	61.052	179.736	11.93	8.7215	159.744
124200.0	57.182	61.12	180.216	11.911	8.847999999999997	160.254
124800.0	57.165	61.113	179.87099999999995	11.935	8.866	159.996
125400.0	57.008	60.852	180.078	11.9785	8.9855	159.738
126000.0	56.852	60.709	179.856	11.9765	8.962	159.99
126600.0	57.088	60.96100000000001	180.11700000000005	11.9915	8.955	160.03799999999995
127200.0	57.358	61.224	180.135	11.9685	8.9685	160.248
127800.0	57.04600000000001	60.86600000000001	179.946	11.982	9.0515	159.96
128400.0	56.826	60.853	179.862	11.9885	8.7995	160.11
129000.0	56.971	61.066	179.829	11.955	8.716000000000001	159.876
129600.0	57.122	61.121	180.219	11.9555	8.8265	159.912
130200.0	57.17100000000001	61.184	179.685	11.970999999999998	8.839	159.618
130800.0	57.385	61.375	180.12599999999995	11.9705	8.8505	160.05
131400.0	57.403	61.403	179.907	11.974	8.823	159.942
132000.0	57.565	61.465	180.207	11.9855	8.9015	159.834
132600.0	57.283	61.107	180.078	12.012	9.0365	160.188
133200.0	57.229	61.223	179.835	12.0275	8.875	159.468
133800.0	57.573	61.442	180.198	12.0125	8.9735	159.78
134400.0	57.649	61.433	179.907	12.0275	9.092	160.248
135000.0	57.81100000000001	61.444	179.979	12.046	9.2045	160.116
135600.0	57.858	61.344	179.997	12.099	9.3645	159.96
136200.0	58.065	61.528	180.12599999999995	12.1305	9.4125	160.06799999999996
136800.0	58.205	61.61600000000001	179.736	12.1175	9.4435	159.756
137400.0	58.149	61.386	180.048	12.142	9.6275	160.00799999999995
138000.0	57.979	61.242	180.459	12.179	9.6295	160.14600000000004
138600.0	58.027	61.245	179.7	12.1535	9.626	159.792
139200.0	58.131	61.333	179.985	12.188	9.6715	160.11
139800.0	58.216	61.418	180.201	12.202	9.676	159.75
140400.0	58.083	61.315	180.045	12.1895	9.673	160.10399999999996
141000.0	58.128	61.36600000000001	179.97	12.2055	9.6555	160.21200000000005
141600.0	58.113	61.368	180.342	12.196	9.6485	159.822
142200.0	57.889	61.131	179.88299999999995	12.1945	9.6705	160.134
142800.0	57.718	60.916	180.36	12.197	9.7085	159.786
143400.0	57.475	60.706	180.12900000000005	12.216	9.689	160.20600000000005
144000.0	57.198	60.472	179.976	12.214	9.643	159.45600000000005
144600.0	57.17	60.695	179.955	12.187	9.4145	160.00799999999995
145200.0	57.419	61.058	180.03599999999997	12.142	9.3275	160.05
145800.0	57.611	61.31	179.91299999999995	12.121	9.2255	159.966
146400.0	57.74	61.37	179.91	12.11	9.287	160.29
147000.0	57.594	61.165	180.111	12.125	9.343	160.20600000000005
147600.0	57.473	61.268	179.967	12.113	9.176	160.03799999999995
148200.0	57.72	61.456	179.85	12.11	9.1795	159.852
148800.0	57.543	61.303	179.808	12.107	9.1685	159.966
149400.0	57.249	61.03100000000001	179.982	12.0895	9.143	160.00799999999995
150000.0	57.175	60.926	179.868	12.0965	9.1335	160.056
150600.0	57.048	60.81800000000001	180.12599999999995	12.0895	9.122	159.78
151200.0	56.794	60.644	179.81400000000005	12.089	9.049	159.888
151800.0	56.76300000000001	60.648	180.09900000000005	12.072	9.026	160.086
152400.0	56.713	60.92100000000001	179.96099999999996	12.0485	8.6915	159.918
153000.0	57.02	61.044	180.174	11.979	8.8445	160.134
153600.0	57.056	61.111	179.90400000000002	12.0225	8.866	160.002
154200.0	57.067	61.159	179.736	12.0285	8.8235	159.78
154800.0	57.669	61.451	180.159	12.0055	9.0155	159.822
155400.0	57.466	60.993	180.192	12.0925	9.378	160.554
156000.0	56.894	60.718	180.084	12.107	9.134	159.846
156600.0	56.534	60.631	179.99400000000003	12.062	8.8735	159.84
157200.0	56.31	60.78100000000001	179.766	12.037	8.4665	160.03799999999995
157800.0	56.767	61.223	180.276	11.9735	8.458	159.94799999999995
158400.0	56.935	61.347	179.634	11.9695	8.48	160.35
159000.0	57.154	61.437	180.03599999999997	11.9765	8.597000000000001	160.086
159600.0	57.372	61.25100000000001	179.976	12.0115	8.969	160.11
160200.0	57.098	60.968	179.799	12.07	9.0405	159.69
160800.0	57.092	60.849	179.979	12.101	9.1885	160.17
161400.0	56.869	60.64	180.02700000000004	12.116	9.1865	160.14
162000.0	57.06100000000001	61.028	180.144	12.1105	8.9945	160.24200000000005
162600.0	57.341	61.188	180.114	12.11	9.1055	160.248
163200.0	57.672	61.418	180.003	12.1245	9.186	159.864
163800.0	57.778	61.359	180.111	12.108	9.359	160.2
164400.0	57.642	61.197	180.12599999999995	12.1575	9.433	159.78
165000.0	57.804	61.37300000000001	180.108	12.175	9.432	159.684
165600.0	57.903	61.434	180.072	12.1805	9.445	160.026
166200.0	57.835	61.42	180.02700000000004	12.1725	9.3855	160.14600000000004
166800.0	57.96100000000001	61.38800000000001	180.078	12.173	9.481	159.942
167400.0	58.01600000000001	61.415	180.084	12.193	9.548	159.864
168000.0	57.827	61.249	180.084	12.203	9.546	160.062
168600.0	57.403	60.863	180.147	12.2105	9.523	159.546
169200.0	57.508	60.956	179.93400000000003	12.2165	9.5285	160.23
169800.0	57.612	61.074	179.985	12.218	9.531	159.93
170400.0	57.769	61.226000000000006	180.024	12.2165	9.5175	159.816
171000.0	57.565	61.058	180.03599999999997	12.205	9.482	160.20600000000005
171600.0	57.284	60.79	179.76	12.2035	9.4605	160.14
172200.0	57.588	61.062	179.985	12.2105	9.483	159.756
172800.0	58.011	61.381	179.82299999999995	12.2105	9.5835	160.056
173400.0	58.091	61.459	179.988	12.233	9.5845	159.834
174000.0	58.04600000000001	61.429	180.09	12.2265	9.582	159.864
174600.0	58.03	61.424	179.895	12.2365	9.571	159.996
175200.0	58.035	61.40600000000001	180.08700000000005	12.2245	9.5955	159.846
175800.0	57.883	61.25899999999999	180.249	12.252	9.614	159.918
176400.0	57.825	61.202	180.009	12.258	9.609	160.392
177000.0	57.442	60.843	179.74200000000005	12.2465	9.5845	159.846
177600.0	57.274	60.68899999999999	180.168	12.237	9.569	160.134
178200.0	57.099	60.547	180.06	12.2275	9.5115	159.924
178800.0	57.047	60.783	180.063	12.199000000000002	9.2795	160.06799999999996
179400.0	57.255	61.14	179.997	12.158	9.149	160.08
180000.0	57.185	61.104	179.877	12.1275	9.057	160.06799999999996
180600.0	57.285	61.187	180.204	12.109000000000002	9.0625	159.876
181200.0	57.478	61.404	180.111	12.122	9.014	160.002
181800.0	57.67100000000001	61.291	180.327	12.1	9.285	159.84
182400.0	57.536	61.185	180.11700000000005	12.1675	9.328	160.122
183000.0	57.636	61.294	180.045	12.1655	9.3155	160.08
183600.0	57.566	61.222	179.745	12.1665	9.3065	160.03799999999995
184200.0	57.341	61.02	179.81400000000005	12.171	9.3005	159.816
184800.0	57.374	61.027	179.982	12.155	9.289	159.822
185400.0	57.789	61.402	180.21	12.144	9.3025	159.882
186000.0	58.08	61.522	179.937	12.1615	9.454	159.882
186600.0	58.261	61.608	180.06900000000005	12.1905	9.583	160.482
187200.0	58.04	61.301	179.997	12.23	9.707	160.00799999999995
187800.0	57.919	61.19300000000001	180.093	12.259	9.6825	160.24200000000005
188400.0	57.869	61.117	180.237	12.2615	9.7085	159.792
189000.0	57.74	61.012	180.018	12.261	9.6955	159.954
189600.0	57.865	61.145	179.91299999999995	12.2585	9.6825	160.032
190200.0	58.048	61.3	179.94299999999996	12.2685	9.717	159.84
190800.0	57.612	60.947	180.045	12.2655	9.668	160.07399999999996
191400.0	57.386	60.736	180.0	12.2715	9.649	160.17
192000.0	57.489	60.978	179.838	12.257	9.5375	160.122
192600.0	57.559	61.08	179.7	12.2155	9.498	159.852
193200.0	57.694	61.18899999999999	179.952	12.222	9.4855	160.26
193800.0	57.985	61.473	179.919	12.233	9.506	159.804
194400.0	58.132	61.519	179.97	12.2355	9.551	159.888
195000.0	57.964	61.26600000000001	180.06900000000005	12.2495	9.6665	159.414
195600.0	57.685	61.01600000000001	179.862	12.267	9.669	160.09799999999996
196200.0	57.489	60.82100000000001	179.925	12.262	9.638	160.00799999999995
196800.0	57.399	60.74100000000001	180.135	12.263	9.634	159.786
197400.0	57.267	60.63399999999999	180.0	12.2665	9.615	159.606
198000.0	56.999	60.70399999999999	179.865	12.252	9.3365	160.062
198600.0	57.25	61.057	180.09900000000005	12.1665	9.2085	159.54
199200.0	57.218	61.111	179.93400000000003	12.163	9.119	159.828
199800.0	57.12300000000001	61.062	180.243	12.1255	9.039	160.122
200400.0	56.95	61.028	179.835	12.119000000000002	8.914	160.002
201000.0	56.841	60.967	179.94	12.1015	8.8485	159.99
201600.0	56.8	61.007	180.279	12.083	8.734	159.846
202200.0	57.024	61.154	180.138	12.0805	8.8365	160.062
202800.0	57.005	61.149	179.979	12.107	8.8475	160.254
203400.0	56.973	61.147	180.36900000000003	12.103	8.8145	160.188
204000.0	56.967	61.108	179.799	12.1005	8.8235	160.2
204600.0	56.88800000000001	61.056	179.769	12.102	8.8205	160.06799999999996
205200.0	57.139	61.16	180.21	12.091	8.9185	159.918
205800.0	56.994	61.058	180.111	12.123	8.9225	159.87
206400.0	57.226000000000006	61.335	179.739	12.1105	8.829	160.10399999999996
207000.0	57.57899999999999	61.33	180.03900000000004	12.0945	9.1305	159.732
207600.0	57.37	60.938	179.976	12.155	9.4155	159.834
208200.0	57.31	60.912	180.225	12.2095	9.409	159.888
208800.0	57.606	61.198	180.429	12.2005	9.442	160.026
209400.0	57.666	61.144	179.985	12.2135	9.493	160.014
210000.0	57.574	61.087	179.87400000000005	12.242	9.546	160.026
210600.0	57.372	60.962	180.219	12.223	9.4385	160.2
211200.0	57.038	60.699	180.108	12.2155	9.336	159.966
211800.0	57.039	60.684	179.88299999999995	12.189	9.325	159.924
212400.0	56.984	60.728	179.78099999999995	12.1905	9.2425	160.14
213000.0	56.905	60.75899999999999	179.796	12.174	9.158	160.00799999999995
213600.0	57.111	60.951	180.36900000000003	12.153	9.135	160.05
214200.0	57.29	61.124	179.99400000000003	12.142	9.151	159.918
214800.0	57.207	61.034	180.237	12.157	9.1595	160.06799999999996
215400.0	57.092	60.919	180.0	12.1455	9.156	160.026
216000.0	57.0	60.81100000000001	179.832	12.145	9.157	160.05
216600.0	57.35	61.146	180.093	12.1445	9.168	160.24200000000005
217200.0	57.426	61.243	180.048	12.1515	9.171	160.26
217800.0	57.252	61.082	180.021	12.1515	9.154	159.94799999999995
218400.0	57.315	61.16	180.381	12.1355	9.1355	160.158
219000.0	57.308	61.101000000000006	179.997	12.133	9.1815	159.966
219600.0	57.21	60.947	179.96400000000003	12.149	9.209	159.858
220200.0	57.55	61.265	179.93099999999995	12.162	9.2295	160.04399999999995
220800.0	57.755	61.484	179.967	12.164	9.233	160.05
221400.0	57.95	61.601000000000006	180.294	12.157	9.3085	160.014
222000.0	57.816	61.441	180.225	12.198	9.391	159.918
222600.0	58.353	61.594	180.078	12.1865	9.6135	160.24200000000005
223200.0	58.451	61.548	180.114	12.3005	9.89	159.798
223800.0	58.517	61.601000000000006	179.78400000000005	12.305	9.911	160.134
224400.0	58.308	61.43	179.847	12.311	9.8855	160.15200000000004
225000.0	58.268	61.386	180.03	12.2945	9.8675	160.09799999999996
225600.0	58.293	61.372	180.09599999999998	12.297	9.907	160.314
226200.0	58.331	61.429	180.105	12.3125	9.8905	160.236
226800.0	58.292	61.43	179.985	12.3015	9.862	159.9
227400.0	58.225	61.294	180.045	12.3095	9.9325	160.17
228000.0	58.1	61.18899999999999	179.925	12.316	9.9085	160.09799999999996
228600.0	58.262	61.369	179.916	12.3025	9.897	160.116
229200.0	58.117	61.26	179.93400000000003	12.302	9.8525	160.134
229800.0	57.932	61.099	179.84099999999995	12.294	9.821	160.07399999999996
230400.0	57.852	60.938	179.892	12.2795	9.8685	160.23
231000.0	57.688	60.74	179.84099999999995	12.2985	9.899	159.852
231600.0	57.874	60.957	179.787	12.296	9.883	159.984
232200.0	58.002	61.06800000000001	180.138	12.297	9.897	159.94799999999995
232800.0	57.697	60.726000000000006	180.033	12.302	9.9435	160.308
233400.0	57.429	60.56	180.219	12.298	9.8475	160.026
234000.0	57.522	60.947	180.03599999999997	12.2845	9.63	160.05
234600.0	57.755	61.209	179.865	12.2375	9.5545	159.81
235200.0	57.719	61.177	179.748	12.2195	9.532	160.15200000000004
235800.0	57.584	61.047	179.78099999999995	12.2155	9.5215	160.18200000000004
236400.0	57.9	61.344	180.267	12.2095	9.5275	159.924
237000.0	57.733	61.209	179.96400000000003	12.215	9.516	159.9
237600.0	57.216	60.782	179.835	12.2145	9.4185	159.97799999999995
238200.0	56.82100000000001	60.764	179.571	12.179	9.092	159.738
238800.0	57.019	60.953	180.33	12.117	9.03	159.828
239400.0	56.868	61.03	180.336	12.1095	8.82	159.97799999999995
240000.0	56.698	60.8	179.655	12.0605	8.845	159.858
240600.0	56.612	60.756	179.688	12.0715	8.7995	160.056
241200.0	57.029	60.93	179.99400000000003	12.078	8.988999999999997	159.78
241800.0	57.332	61.202	180.258	12.0955	9.05	160.164
242400.0	56.927	60.907	179.868	12.111	8.974	160.15200000000004
243000.0	57.17100000000001	61.045	180.018	12.0845	9.074	160.2
243600.0	57.192	61.053	180.12900000000005	12.1165	9.137	159.94799999999995
244200.0	57.058	60.93600000000001	180.09599999999998	12.1095	9.1	160.236
244800.0	57.034	61.022	179.643	12.117	8.977	159.798
245400.0	57.464	61.367	180.072	12.0915	9.014	159.744
246000.0	57.371	61.276	179.87099999999995	12.1115	9.08	160.134
246600.0	57.453	61.333	180.00599999999997	12.1335	9.1235	160.434
247200.0	57.537	61.40600000000001	179.991	12.146	9.0915	159.942
247800.0	57.622	61.236	179.88	12.1475	9.363	160.002
248400.0	57.424	60.997	180.195	12.2075	9.4635	160.056
249000.0	57.381	60.978	180.138	12.220999999999998	9.453	160.236
249600.0	57.429	61.058	179.82299999999995	12.2155	9.434	159.612
250200.0	57.958	61.422	180.05700000000004	12.187	9.505	160.056
250800.0	58.121	61.316	179.979	12.2355	9.7485	159.816
251400.0	58.137	61.42	180.168	12.277	9.7215	159.858
252000.0	58.205	61.476000000000006	180.108	12.27	9.703	159.72
252600.0	58.095	61.37300000000001	179.93099999999995	12.2545	9.68	159.996
253200.0	58.25	61.528	179.715	12.2515	9.673	160.224
253800.0	58.355	61.525	180.15	12.2405	9.7455	159.888
254400.0	58.194	61.39100000000001	179.886	12.272	9.802	159.972
255000.0	57.87300000000001	61.08600000000001	179.58900000000003	12.262	9.763	159.954
255600.0	57.85	61.083	180.093	12.2725	9.742	160.218
256200.0	57.698	60.929	179.7	12.254	9.7175	160.134
256800.0	57.375	60.708	179.53799999999995	12.236	9.6255	159.684
257400.0	57.56100000000001	60.86600000000001	180.228	12.214	9.637	160.158
258000.0	57.675	61.00899999999999	179.96099999999996	12.22	9.622	160.15200000000004
258600.0	57.518	60.877	180.012	12.211	9.598	159.852
259200.0	57.587	60.942	179.69099999999997	12.217	9.594	159.792
259800.0	58.08600000000001	61.355	180.015	12.214	9.6315	160.03799999999995
260400.0	57.917	61.19600000000001	179.85	12.223	9.6765	160.122
261000.0	57.924	61.202	179.84400000000005	12.227	9.68	159.69
261600.0	57.964	61.232	180.11700000000005	12.236	9.6835	160.32
262200.0	57.934	61.219	180.162	12.2435	9.673	160.026
262800.0	57.771	61.065	179.928	12.238	9.6665	159.924
263400.0	57.416	60.721	180.141	12.225	9.6455	160.194
264000.0	57.18899999999999	60.575	179.982	12.2385	9.5655	159.876
264600.0	57.247	60.732	180.327	12.183	9.463	159.966
265200.0	57.195	60.705	180.12	12.175999999999998	9.4255	160.17600000000004
265800.0	56.986	60.647	179.967	12.1705	9.2955	159.756
266400.0	57.105	60.89100000000001	180.12900000000005	12.125	9.1735	159.984
267000.0	57.17	60.903	179.84400000000005	12.1045	9.2025	160.14600000000004
267600.0	57.333	61.037	180.015	12.0965	9.219	160.10399999999996
268200.0	57.457	61.082	180.02700000000004	12.104	9.3155	160.224
268800.0	57.576	61.12	179.805	12.1245	9.402	160.14
269400.0	58.00899999999999	61.462	180.174	12.1405	9.472	159.702
270000.0	58.298	61.649	180.048	12.159	9.557	160.10399999999996
270600.0	58.326	61.588	179.988	12.1875	9.6365	159.858
271200.0	58.153	61.393	180.018	12.199000000000002	9.6835	160.17600000000004
271800.0	58.048	61.291	179.97299999999996	12.191	9.6665	159.94799999999995
272400.0	57.976000000000006	61.199	179.93099999999995	12.204	9.686	160.134
273000.0	57.99100000000001	61.213	180.0	12.21	9.6815	159.714
273600.0	58.121	61.357	179.982	12.206	9.67	160.224
274200.0	58.267	61.449	180.165	12.2095	9.7165	160.314
274800.0	58.233	61.41	179.90099999999995	12.2135	9.723	160.14
275400.0	58.182	61.38399999999999	180.111	12.1975	9.7035	160.158
276000.0	58.087	61.317	179.835	12.206	9.6865	159.97799999999995
276600.0	57.955	61.203	180.033	12.2075	9.6705	159.768
277200.0	57.484	60.893	180.093	12.199000000000002	9.5385	160.11
277800.0	57.573	60.987	180.24	12.1765	9.5215	160.05
278400.0	57.917	61.333	180.08700000000005	12.171	9.5075	159.63
279000.0	58.14100000000001	61.52	180.021	12.1525	9.516	160.164
279600.0	58.231	61.45399999999999	179.898	12.1695	9.6345	159.912
280200.0	58.195	61.416	179.805	12.2025	9.6915	160.218
280800.0	58.205	61.43899999999999	180.141	12.206	9.663	159.876
281400.0	58.119	61.381	179.808	12.1935	9.6495	159.894
282000.0	58.00899999999999	61.28	180.09	12.1975	9.634	160.392
282600.0	57.813	61.112	179.72099999999998	12.1925	9.6185	160.06799999999996
283200.0	57.541	61.003	179.73	12.1775	9.4635	159.94799999999995
283800.0	57.51300000000001	61.015	179.949	12.149	9.424	159.936
284400.0	57.441	60.974	180.243	12.134	9.3915	160.284
285000.0	57.213	60.78	180.291	12.1325	9.3635	160.00799999999995
285600.0	56.911	60.698	179.937	12.1215	9.15	159.942
286200.0	56.93899999999999	60.718	180.291	12.0865	9.1495	159.912
286800.0	56.66	60.718	179.991	12.0685	8.866	159.888
287400.0	56.779	60.87300000000001	180.02700000000004	12.0275	8.7715	160.188
288000.0	57.201	61.274	180.168	12.008	8.762	159.93
288600.0	57.275	61.358	179.832	12.02	8.7895	159.96
289200.0	57.175	61.26	179.74200000000005	12.019	8.8	159.918
289800.0	57.353	61.396	180.102	12.0375	8.827	159.996
290400.0	57.43899999999999	61.486	179.94299999999996	12.097	8.875	159.834
291000.0	57.473	61.50899999999999	179.967	12.3305	9.1095	159.708
291600.0	57.644	61.551	179.775	12.114	9.0525	160.062
292200.0	57.682	61.301	180.00599999999997	12.092	9.314	159.99
292800.0	57.695	61.29600000000001	179.637	12.115	9.362	159.894
293400.0	57.871	61.418	180.033	12.15	9.4105	160.56
294000.0	57.93600000000001	61.489	180.138	12.1605	9.4065	160.128
294600.0	58.117	61.417	179.916	12.171	9.6135	160.32
295200.0	58.293	61.569	180.06900000000005	12.187	9.636	159.864
295800.0	58.26	61.522	180.186	12.209	9.647	159.798
296400.0	58.244	61.452	180.273	12.2125	9.7015	160.27200000000005
297000.0	58.151	61.37	179.865	12.236	9.7125	160.10399999999996
297600.0	58.011	61.271	180.018	12.2385	9.692	159.996
298200.0	58.034	61.24	180.11700000000005	12.2375	9.729	160.218
298800.0	58.037	61.224	180.06	12.254	9.7495	159.87
299400.0	58.167	61.37	180.075	12.253	9.7445	159.876
300000.0	58.417	61.574	179.868	12.2525	9.781	160.122
300600.0	58.434	61.578	180.084	12.2575	9.803	159.66
301200.0	58.38	61.56100000000001	179.94	12.2615	9.78	159.768
301800.0	58.292	61.502	180.054	12.2435	9.7395	159.708
302400.0	58.146	61.386	180.114	12.247	9.7445	160.674
303000.0	58.325	61.508	179.90400000000002	12.4855	9.97	159.084
303600.0	58.673	61.723	179.958	12.293	9.923	160.20600000000005
304200.0	58.614	61.581	179.96099999999996	12.289	9.9945	160.314
304800.0	58.353	61.297	179.865	12.2965	10.015	160.20600000000005
305400.0	58.22	61.184	180.189	12.3075	9.997	160.158
306000.0	58.163	61.092	179.838	12.299	10.022	159.69
306600.0	58.107	61.09	179.90099999999995	12.2945	9.985	159.94799999999995
307200.0	58.131	61.038	180.105	12.3015	10.048	159.906
307800.0	58.144	61.083	179.85	12.303	10.0125	160.11
308400.0	58.242	61.09	180.207	12.3035	10.086	160.284
309000.0	58.008	60.828	179.94	12.3115	10.136	160.15200000000004
309600.0	58.014	60.81	180.09	12.3295	10.149	159.96
310200.0	58.235	61.007	179.949	12.34	10.1875	160.2
310800.0	58.3	61.12600000000001	179.952	12.358	10.186	159.936
311400.0	58.52	61.308	180.243	12.3605	10.185	159.936
312000.0	58.399	61.182	179.955	12.377	10.2415	160.002
312600.0	57.782	60.681	180.021	12.382	10.169	160.10399999999996
313200.0	57.322	60.417	179.817	12.369000000000002	9.942	159.942
313800.0	57.325	60.977	180.063	12.299	9.4665	159.97799999999995
314400.0	57.459	61.163	179.93400000000003	12.2055	9.3265	159.738
315000.0	57.482	61.174	179.988	12.1515	9.277	159.942
315600.0	57.404	61.091	180.228	12.143	9.258	160.338
316200.0	57.067	60.767	179.898	12.124	9.231	159.918
316800.0	56.904	60.613	179.96400000000003	12.1175	9.195	160.15200000000004
317400.0	57.109	60.851000000000006	179.838	12.101	9.1605	160.30200000000005
318000.0	57.592	61.335	180.02700000000004	12.1105	9.172	159.906
318600.0	57.85	61.487	180.05700000000004	12.106	9.2405	160.17
319200.0	57.819	61.355	180.147	12.139	9.3725	160.164
319800.0	57.692	61.25899999999999	179.967	12.1575	9.3785	159.78
320400.0	57.721	61.294	180.012	12.1525	9.366	159.96
321000.0	58.028	61.53100000000001	180.159	12.173	9.4075	159.918
321600.0	58.097	61.534	180.075	12.178	9.507	160.362
322200.0	57.902	61.361	179.949	12.189	9.5155	160.056
322800.0	57.701	61.162	179.73	12.203	9.513	159.822
323400.0	57.79600000000001	61.24100000000001	179.511	12.2025	9.502	159.726
324000.0	57.809	61.273	180.198	12.197	9.5155	160.092
324600.0	57.779	61.243	180.153	12.2005	9.5035	160.02
325200.0	57.46	60.969	180.174	12.2	9.458	159.94799999999995
325800.0	57.38399999999999	60.88399999999999	179.889	12.181	9.438	160.122
326400.0	57.182	60.701	179.886	12.1745	9.4265	160.164
327000.0	57.005	60.552	179.829	12.162	9.36	160.04399999999995
327600.0	57.089	60.832	179.748	12.1425	9.2245	159.942
328200.0	57.212	60.88399999999999	179.85	12.1155	9.271	159.846
328800.0	56.955	60.932	180.045	12.114	8.9915	160.44
329400.0	56.928	61.073	180.312	12.067	8.8065	159.846
330000.0	57.154	61.344	179.928	12.0175	8.679	160.248
330600.0	57.231	61.23	180.081	12.0035	8.8885	160.134
331200.0	56.908	61.12600000000001	179.84400000000005	12.0305	8.685	159.576
331800.0	57.17	61.292	180.03	11.9995	8.7095	159.78
332400.0	57.532	61.387	179.955	12.003	8.945	159.852
333000.0	57.312	61.153	180.018	12.043	9.046	160.08
333600.0	57.085	60.839	180.051	12.0865	9.2	159.96
334200.0	57.231	60.949	180.12	12.0965	9.2175	159.43200000000004
334800.0	57.232	60.851000000000006	179.979	12.1115	9.3185	159.882
335400.0	57.23	60.859	180.144	12.125	9.3195	160.47
336000.0	57.399	61.051	179.937	12.1135	9.3075	159.942
336600.0	57.512	61.177	179.91299999999995	12.1155	9.279	159.774
337200.0	57.657	61.333	180.12900000000005	12.116	9.274	159.984
337800.0	57.674	61.37300000000001	179.949	12.1175	9.2595	160.158
338400.0	57.613	61.26	180.00599999999997	12.1125	9.297	159.846
339000.0	57.73	61.3	180.282	12.1215	9.3865	160.194
339600.0	57.428	61.038	179.787	12.1375	9.3775	160.14600000000004
340200.0	57.356	60.99	180.051	12.1345	9.3485	159.756
340800.0	57.216	60.878	180.153	12.115	9.3015	159.594
341400.0	57.096	60.771	179.577	12.1135	9.276	160.092
342000.0	57.244	60.922	179.952	12.0975	9.263	159.972
342600.0	57.25	60.945	179.99400000000003	12.092	9.2415	159.936
343200.0	57.13800000000001	60.858	180.351	12.083	9.2115	160.116
343800.0	56.922	60.662	179.937	12.075	9.179	159.918
344400.0	57.007	60.76300000000001	180.00599999999997	12.068	9.1705	159.612
345000.0	57.236	60.99	180.252	12.0575	9.1625	160.218
345600.0	57.306	61.022	179.88	12.057	9.18	159.828
346200.0	57.433	61.092	179.82299999999995	12.0675	9.2615	160.18200000000004
346800.0	57.51	61.187	180.132	12.087	9.272	159.93
347400.0	57.575	61.26300000000001	180.147	12.0735	9.2415	159.714
348000.0	57.57	61.254	179.74200000000005	12.077	9.2445	160.158
348600.0	57.753	61.36	180.048	12.0685	9.3005	160.278
349200.0	57.74800000000001	61.247	179.877	12.095	9.3655	159.45600000000005
349800.0	57.605	61.08600000000001	180.018	12.1015	9.411	160.122
350400.0	57.438	60.928	180.054	12.112	9.398	159.69
351000.0	57.213	60.707	179.955	12.0945	9.3675	159.936
351600.0	57.06100000000001	60.549	180.105	12.0685	9.328	160.41
352200.0	57.124	60.603	179.99400000000003	12.0605	9.3215	159.864
352800.0	57.17	60.65	179.988	12.055	9.3125	160.602
353400.0	57.164	60.64	179.952	12.0185	9.2975	159.81
354000.0	57.06100000000001	60.535	179.796	12.017	9.285	160.08
354600.0	57.176	60.658	179.835	12.0015	9.278	160.422
355200.0	57.152	60.632	179.81099999999995	11.9965	9.2665	159.906
355800.0	57.036	60.54	180.243	11.9705	9.2385	160.03799999999995
356400.0	56.967	60.808	179.82	11.9385	8.9355	160.452
357000.0	56.99800000000001	60.778	179.991	11.8905	8.958	160.164
357600.0	56.865	60.787	180.02700000000004	11.8745	8.7965	160.188
358200.0	56.74100000000001	60.8	180.09	11.845	8.63	159.75
358800.0	56.667	60.708	180.018	11.8205	8.6095	160.332
359400.0	56.698	60.794	179.787	11.816	8.5565	159.87
360000.0	56.833	60.942	179.82299999999995	11.8015	8.5405	160.374
360600.0	56.842	60.97	179.96099999999996	11.7925	8.5305	159.984
361200.0	56.894	60.981	180.05700000000004	11.7905	8.5365	160.386
361800.0	56.923	60.975	180.06900000000005	11.7805	8.571	159.636
362400.0	57.082	61.143	180.072	11.804	8.586	160.116
363000.0	57.271	61.343	180.105	11.7935	8.578	160.566
363600.0	57.113	61.215	180.084	11.79	8.5695	159.51
364200.0	57.173	61.188	180.174	11.795	8.6335	160.032
364800.0	57.445	61.42	179.79	11.8255	8.6545	160.32
365400.0	57.596	61.333	179.93099999999995	11.825	8.921	159.69
366000.0	57.352	61.04600000000001	180.08700000000005	11.9075	9.0555	159.882
366600.0	57.162	60.88800000000001	180.153	11.9215	9.035	159.786
367200.0	57.272	61.034	179.88	11.9295	9.0135	160.122
367800.0	57.231	61.034	179.87099999999995	11.927	8.981	160.416
368400.0	57.121	60.801	180.042	11.9275	9.0685	159.726
369000.0	56.994	60.68600000000001	179.736	11.937	9.077	160.842
369600.0	56.886	60.607	179.898	11.943	9.0485	159.852
370200.0	56.78	60.697	179.68200000000004	11.9295	8.869	160.284
370800.0	56.929	61.053	180.045	11.8825	8.612	160.122
371400.0	56.794	61.044	179.859	11.8355	8.487	159.756
372000.0	56.674	60.904	180.438	11.8125	8.493	159.972
372600.0	56.567	60.838	179.96099999999996	11.778	8.4175	160.218
373200.0	56.57100000000001	60.778	179.622	11.7755	8.4705	159.954
373800.0	56.506	60.742	180.189	11.7935	8.4515	160.128
374400.0	56.413	60.716	180.045	11.7795	8.3945	160.09799999999996
375000.0	56.187	60.62300000000001	180.09	11.765999999999998	8.272	160.24200000000005
375600.0	56.537	60.929	180.297	11.7625	8.277999999999999	159.822
376200.0	57.144	61.395	180.081	11.973	8.558	159.906
376800.0	57.268	61.305	180.159	12.201	9.0045	159.438
377400.0	57.243	61.284	179.919	12.2455	9.101	160.29
378000.0	57.343	61.403	180.015	12.168	9.0095	160.116
378600.0	57.549	61.367	180.231	12.1715	9.156	159.72
379200.0	57.63	61.476000000000006	179.829	12.19	9.153	159.828
379800.0	57.489	61.313	179.84400000000005	12.186	9.1935	159.858
380400.0	57.585	61.268	180.015	12.186	9.3485	159.94799999999995
381000.0	57.618	61.365	180.144	12.2215	9.314	159.894
381600.0	57.633	61.374	179.90099999999995	12.2185	9.3125	160.122
382200.0	57.675	61.377	180.102	12.218	9.3375	160.07399999999996
382800.0	57.645	61.328	179.97	12.155	9.276	159.474
383400.0	57.514	61.18	180.009	11.9705	9.1365	159.648
384000.0	57.521	61.3	180.018	11.9275	8.994	160.092
384600.0	57.66	61.40600000000001	179.976	11.908	8.9655	159.798
385200.0	57.88399999999999	61.478	179.907	11.9025	9.065	159.93
385800.0	57.764	61.25899999999999	180.09900000000005	11.927	9.1875	159.888
386400.0	57.68	61.178	179.817	11.9485	9.239	160.29
387000.0	57.667	61.185	180.264	11.9605	9.2295	159.84
387600.0	57.42	60.967	179.91299999999995	11.961	9.2105	160.188
388200.0	57.508	61.069	180.312	11.967	9.205	160.236
388800.0	57.4	60.949	179.69400000000005	12.0555	9.26	159.576
389400.0	57.81100000000001	61.363	180.162	12.1145	9.3185	159.94799999999995
390000.0	58.01600000000001	61.566	179.946	12.1245	9.357	160.18200000000004
390600.0	58.21	61.65600000000001	180.06900000000005	12.139	9.4635	159.756
391200.0	58.63399999999999	61.719	180.02700000000004	12.1715	9.7595	159.618
391800.0	58.58600000000001	61.53100000000001	180.144	12.2425	9.95	159.75
392400.0	58.405	61.385	179.97299999999996	12.2785	9.96	159.726
393000.0	58.453	61.371	180.051	12.277	10.005	159.564
393600.0	58.521	61.47	179.862	12.2815	9.989	159.882
394200.0	58.524	61.478	179.85	12.2825	9.983	160.05
394800.0	58.085	61.019	179.817	12.276	10.008	159.702
395400.0	57.846	60.816	179.868	12.284	9.9625	160.314
396000.0	57.74800000000001	60.673	179.75400000000005	12.2795	9.9915	160.07399999999996
396600.0	57.904	60.787	180.306	12.2835	10.012	159.9
397200.0	58.092	61.017	180.012	12.296	10.0005	160.056
397800.0	57.97	60.908	179.766	12.279000000000002	9.9735	160.02
398400.0	58.082	60.938	180.08700000000005	12.2895	10.062	159.822
399000.0	57.969	60.865	180.06900000000005	12.29	10.0275	159.876
399600.0	58.055	60.861	179.481	12.2825	10.072	159.87
400200.0	58.007	60.99100000000001	180.021	12.298	9.9875	160.17
400800.0	58.169	61.207	179.87099999999995	12.2985	9.9465	160.278
401400.0	58.383	61.303	180.267	12.29	9.974	160.2
402000.0	58.122	61.023	179.835	12.34	10.105	160.158
402600.0	57.695	60.843	179.90400000000002	12.282	9.86	159.882
403200.0	57.721	60.885	180.132	12.237	9.742	160.02
403800.0	57.843	61.015	180.378	12.212	9.714	159.57
404400.0	57.913	61.11	179.649	12.211	9.7075	160.17
405000.0	57.87	61.076	179.775	12.181	9.6785	159.924
405600.0	58.13	61.354	179.74200000000005	12.179	9.6725	160.20600000000005
406200.0	58.012	61.26	180.0	12.1925	9.6485	160.404
406800.0	57.681	60.959	180.009	12.2175	9.644	160.00799999999995
407400.0	57.621	60.893	180.06599999999997	12.239	9.6595	160.29
408000.0	58.117	61.298	180.108	12.2485	9.734	159.87
408600.0	58.148	61.338	180.174	12.2705	9.7855	160.296
409200.0	57.815	61.04	179.832	12.2785	9.7555	159.882
409800.0	57.62600000000001	60.852	179.574	12.267	9.723	159.94799999999995
410400.0	57.52	60.75100000000001	180.033	12.249	9.7125	160.04399999999995
411000.0	57.56100000000001	60.797	180.081	12.2495	9.7025	160.07399999999996
411600.0	57.705	60.947	179.865	12.251	9.693	159.882
412200.0	57.73	60.99	179.982	12.24	9.691	159.918
412800.0	57.538	60.833	180.02700000000004	12.2365	9.658	160.278
413400.0	57.307	60.596	179.52	12.222	9.641	160.236
414000.0	57.55	60.83	179.991	12.233	9.6415	159.81
414600.0	57.22	60.583	180.162	12.229	9.602	159.876
415200.0	56.962	60.82100000000001	179.919	12.199000000000002	9.2165	160.086
415800.0	57.372	61.132	180.153	12.0985	9.188	159.888
416400.0	57.1	61.04	180.12599999999995	12.103	9.008	160.04399999999995
417000.0	57.218	60.963	180.054	12.052	9.107	160.10399999999996
417600.0	56.958	60.604	179.78400000000005	12.0575	9.2425	159.984
418200.0	56.51600000000001	60.738	179.91299999999995	12.0625	8.736	159.678
418800.0	57.18600000000001	61.289	180.315	11.967	8.698	159.906
419400.0	57.569	61.511	179.949	11.9655	8.828	159.87
420000.0	57.736	61.422	180.171	12.0105	9.095	160.15200000000004
420600.0	57.483	61.203	180.102	12.0555	9.2	159.984
421200.0	57.466	61.229	179.832	12.0695	9.1485	160.17
421800.0	57.57100000000001	61.306	180.09	12.077	9.14	159.564
422400.0	57.773	61.415	180.024	12.077	9.1905	159.936
423000.0	57.69300000000001	61.293	179.96099999999996	12.078	9.246	160.17
423600.0	57.637	61.238	179.706	12.0735	9.266	160.134
424200.0	58.07100000000001	61.603	180.09599999999998	12.077	9.31	160.14600000000004
424800.0	58.217	61.517	179.979	12.085	9.5295	159.822
425400.0	58.093	61.326	179.952	12.1345	9.632	159.858
426000.0	57.89100000000001	61.166	179.805	12.162	9.6085	160.386
426600.0	57.927	61.187	180.03900000000004	12.1495	9.6055	159.972
427200.0	57.702	60.94600000000001	179.96099999999996	12.163	9.6385	159.966
427800.0	57.51300000000001	60.755	180.06599999999997	12.1645	9.63	159.97799999999995
428400.0	57.62	60.851000000000006	180.21	12.177	9.627	159.858
429000.0	57.931	61.11	180.09900000000005	12.1905	9.705	159.966
429600.0	57.957	61.16	179.787	12.1995	9.692	160.17
430200.0	57.957	61.175	180.351	12.1735	9.671	160.24200000000005
430800.0	57.719	60.951	180.189	12.158	9.651	160.392
431400.0	57.416	60.789	179.997	12.1735	9.531	160.10399999999996
432000.0	57.724	61.056	179.90400000000002	12.1565	9.5585	159.582
432600.0	57.95399999999999	61.284	180.243	12.155	9.545	160.062
433200.0	57.831	61.173	179.955	12.157	9.533	160.116
433800.0	57.69600000000001	61.074	180.018	12.16	9.525	159.786
434400.0	57.471	60.87	179.916	12.157	9.512	160.14600000000004
435000.0	57.303	60.71100000000001	180.252	12.127	9.4795	160.10399999999996
435600.0	57.219	60.627	180.02700000000004	12.1415	9.4735	159.66
436200.0	57.095	60.549	179.88	12.1355	9.438	159.906
436800.0	57.129	60.806	180.02700000000004	12.1165	9.2365	160.17600000000004
437400.0	57.29	60.932	179.736	12.1015	9.244	159.87
438000.0	57.28100000000001	60.93600000000001	180.021	12.1025	9.2395	159.984
438600.0	57.274	60.916	180.225	12.088	9.2355	160.24200000000005
439200.0	57.431	61.082	179.958	12.1065	9.243	160.04399999999995
439800.0	57.40600000000001	61.067	180.138	12.0935	9.2415	160.014
440400.0	57.449	61.09	180.051	12.083	9.2355	159.924
441000.0	57.434	61.091	180.156	12.0735	9.2255	159.918
441600.0	57.32100000000001	60.995	180.135	12.0935	9.219	160.416
442200.0	57.273	60.937	179.982	12.078	9.199	160.32
442800.0	57.3	60.995	180.02700000000004	12.0755	9.1875	159.51
443400.0	57.327	61.008	179.985	12.0755	9.186	159.918
444000.0	57.327	60.968	180.054	12.0725	9.209	159.66
444600.0	57.218	60.831	180.06599999999997	12.075	9.251	160.14
445200.0	57.179	60.786	179.96400000000003	12.073	9.2585	160.15200000000004
445800.0	57.157	60.778	179.667	12.078	9.2575	160.092
446400.0	57.242	60.855	180.03	12.084	9.2485	159.966
447000.0	57.554	61.158	179.81099999999995	12.077	9.247	159.906
447600.0	57.74800000000001	61.355	180.21	12.087	9.2595	159.804
448200.0	57.734	61.355	179.895	12.0845	9.2615	160.15200000000004
448800.0	57.775	61.401	180.159	12.081	9.2505	159.666
449400.0	57.739	61.37300000000001	179.889	12.0825	9.237	159.798
450000.0	57.289	60.971	179.52900000000002	12.0665	9.2005	159.864
450600.0	57.195	60.851000000000006	180.0	12.067	9.1915	159.69
451200.0	57.306	60.99	179.868	12.065	9.165	160.542
451800.0	57.271	60.962	179.937	12.036	9.149	159.94799999999995
452400.0	57.338	61.03	179.907	12.0375	9.1445	160.44
453000.0	57.43600000000001	61.105	180.03	12.029000000000002	9.1605	160.026
453600.0	57.50899999999999	61.08600000000001	179.925	12.0335	9.2415	160.32
454200.0	57.39	60.97	180.279	12.063	9.258	160.032
454800.0	57.383	60.959	179.90099999999995	12.056	9.24	160.134
455400.0	57.506	61.102	180.345	12.0455	9.235	159.81
456000.0	57.218	60.828	179.799	12.0405	9.2165	160.07399999999996
456600.0	56.941	60.648	179.997	12.0305	9.1045	160.056
457200.0	56.914	60.768	179.78099999999995	12.0045	8.9985	160.14600000000004
457800.0	56.733	60.636	180.153	11.979	8.9175	160.05
458400.0	56.43600000000001	60.68899999999999	179.74200000000005	11.965	8.5955	159.894
459000.0	56.458	60.896	179.80200000000005	11.886	8.391	159.798
459600.0	56.356	60.94	179.79	11.8325	8.222999999999999	159.924
460200.0	56.246	60.819	179.96099999999996	11.813	8.201	160.026
460800.0	56.343	60.88399999999999	179.77200000000005	11.8105	8.2195	160.14600000000004
461400.0	56.553	61.043	180.222	11.81	8.271	159.966
462000.0	56.578	61.04600000000001	179.745	11.834	8.2915	160.236
462600.0	56.88800000000001	61.37	180.09900000000005	11.837	8.3005	160.06799999999996
463200.0	57.06100000000001	61.444	179.91299999999995	11.8335	8.3685	159.696
463800.0	57.31800000000001	61.453	180.11700000000005	11.847	8.556000000000001	160.092
464400.0	57.304	61.252	180.06900000000005	11.923	8.861	159.612
465000.0	57.541	61.393	180.132	11.9855	8.9745	160.07399999999996
465600.0	57.637	61.36	179.85299999999995	12.001	9.094	159.984
466200.0	57.621	61.208	180.141	12.044	9.286	160.21200000000005
466800.0	57.646	61.161	180.03599999999997	12.0905	9.3955	160.10399999999996
467400.0	57.755	61.278	180.12599999999995	12.1025	9.3715	160.002
468000.0	57.989	61.375	180.084	12.163	9.551	159.966
468600.0	57.947	61.33	180.084	12.2235	9.5855	160.20600000000005
469200.0	57.938	61.323	180.048	12.157	9.541	162.03
469800.0	57.962	61.335	180.219	12.591	9.925	160.24200000000005
470400.0	57.995	61.289	180.375	12.244000000000002	9.688	160.194
471000.0	57.382	60.683	180.033	12.1715	9.6065	159.804
471600.0	57.56100000000001	61.03	180.081	12.14	9.4625	160.03799999999995
472200.0	57.69	61.129	180.02700000000004	12.1165	9.445	160.086
472800.0	57.76600000000001	61.209	179.991	12.114	9.4435	159.87
473400.0	57.758	61.201	179.868	12.1125	9.4335	160.14
474000.0	57.92100000000001	61.36	180.246	12.117	9.437	160.362
474600.0	57.789	61.229	179.895	12.1105	9.432	159.888
475200.0	57.804	61.25100000000001	180.093	12.112	9.4275	160.086
475800.0	57.864	61.301	180.063	12.119000000000002	9.4325	160.032
476400.0	58.105	61.46100000000001	179.97299999999996	12.111	9.479	160.284
477000.0	57.896	61.19300000000001	179.799	12.1345	9.565	159.966
477600.0	57.88800000000001	61.168	179.727	12.1465	9.5895	159.81
478200.0	58.003	61.289	180.132	12.1485	9.5905	160.09799999999996
478800.0	58.002	61.302	180.048	12.1545	9.5965	159.97799999999995
479400.0	57.883	61.213	180.243	12.158	9.575	159.744
480000.0	57.787	61.122	179.892	12.146	9.5575	160.056
480600.0	57.793	61.15	180.12	12.1445	9.55	160.236
481200.0	57.949	61.254	180.399	12.155	9.5845	159.582
481800.0	57.966	61.23	179.865	12.1605	9.6165	160.374
482400.0	58.043	61.32	180.498	12.169	9.6225	160.23
483000.0	58.111	61.38800000000001	179.808	12.1745	9.6175	160.164
483600.0	58.483	61.678	180.243	12.1765	9.6935	160.086
484200.0	58.19	61.396	179.919	12.2165	9.725	159.942
484800.0	58.13	61.33600000000001	179.93099999999995	12.2025	9.696	160.308
485400.0	58.184	61.401	179.72099999999998	12.1965	9.672	160.134
486000.0	58.319	61.558	180.204	12.196	9.6775	160.14
486600.0	58.371	61.537	179.985	12.196	9.718	160.194
487200.0	58.162	61.374	180.189	12.211	9.72	159.876
487800.0	58.18899999999999	61.392	180.21	12.2055	9.701	160.446
488400.0	58.26600000000001	61.347	180.06900000000005	12.2145	9.8065	160.326
489000.0	58.173	61.252	180.153	12.224	9.846	159.774
489600.0	58.2	61.285	179.88	12.243	9.8425	159.924
490200.0	58.223	61.26600000000001	180.12900000000005	12.2395	9.874	159.34799999999996
490800.0	58.294	61.343	179.85299999999995	12.263	9.8895	160.194
491400.0	58.577	61.595	179.787	12.264	9.903	159.858
492000.0	58.76	61.662	179.967	12.2685	10.0255	160.608
492600.0	58.622	61.544	179.66099999999997	12.300999999999998	10.0305	160.014
493200.0	58.655	61.569	179.958	12.3135	10.0335	160.362
493800.0	58.702	61.565	180.03599999999997	12.3115	10.0835	160.14600000000004
494400.0	58.874	61.742	180.294	12.3135	10.093	159.9
495000.0	58.688	61.49800000000001	179.988	12.334	10.1675	160.14
495600.0	58.212	61.049	179.685	12.341	10.1635	160.02
496200.0	57.826	60.621	179.919	12.341	10.1545	159.54
496800.0	57.51300000000001	60.326	179.81099999999995	12.3325	10.135	160.056
497400.0	57.332	60.511	179.766	12.3365	9.86	160.416
498000.0	57.854	61.178	179.90099999999995	12.271	9.648	159.804
498600.0	57.88800000000001	61.203	180.132	12.237	9.6565	159.846
499200.0	58.045	61.346	179.922	12.224	9.6265	159.828
499800.0	58.152	61.464	180.012	12.2285	9.619	160.09799999999996
500400.0	58.402	61.544	180.267	12.224	9.7395	160.09799999999996
501000.0	58.33600000000001	61.5	180.08700000000005	12.249	9.7955	160.356
501600.0	57.823	61.019	179.799	12.257	9.745	160.014
502200.0	57.794	61.01	179.96400000000003	12.232	9.7255	160.332
502800.0	57.476000000000006	60.802	180.081	12.2315	9.626	159.726
503400.0	57.242	60.69300000000001	179.952	12.182	9.493	160.332
504000.0	57.058	60.739	179.97	12.1675	9.3025	159.84
504600.0	57.151	60.99	179.829	12.111	9.1345	159.654
505200.0	57.332	61.15600000000001	179.925	12.07	9.071	159.9
505800.0	57.365	61.31100000000001	180.024	12.061	8.94	160.03799999999995
506400.0	57.459	61.331	180.138	12.039	8.9765	160.056
507000.0	57.535	61.122	180.078	12.046	9.289	159.942
507600.0	57.159	60.72	179.96099999999996	12.1105	9.379	160.236
508200.0	57.162	60.725	180.3	12.1135	9.36	159.876
508800.0	57.442	61.007	180.042	12.1175	9.347	160.10399999999996
509400.0	57.453	61.12	180.015	12.09	9.256	159.828
510000.0	57.205	60.978	180.123	12.0865	9.1605	159.594
510600.0	56.929	60.697	180.09900000000005	12.0605	9.1055	159.996
511200.0	57.025	60.931	180.393	12.028	8.9485	159.996
511800.0	57.16	61.074	180.012	12.038	8.972000000000003	160.05
512400.0	57.316	61.299	180.078	12.008	8.865	159.816
513000.0	57.503	61.435	180.009	11.9905	8.8685	160.03799999999995
513600.0	57.37	61.344	180.054	11.998	8.8865	159.792
514200.0	57.091	61.11600000000001	179.991	11.999	8.839	159.594
514800.0	57.188	61.14	179.793	11.9795	8.874	159.936
515400.0	57.035	60.984	179.922	11.99	8.8895	159.97799999999995
516000.0	56.928	60.893	180.009	11.9925	8.8575	160.06799999999996
516600.0	57.011	61.00100000000001	179.949	11.9905	8.847000000000003	160.218
517200.0	57.273	61.208	180.021	11.9915	8.882	159.75
517800.0	57.223	61.143	179.952	11.975	8.8865	160.368
