#1
double tab1(1078,4)
# Date
# m_sec
# SSNEXIECH4CTPRET__MSEC
# SSNEXIECH4CTPRET__MSEC
3600.0	6.828169014084503	322.84999999999997	322.84999999999997
7200.0	6.828169014084503	322.84999999999997	322.84999999999997
10800.0	6.828169014084503	322.84999999999997	322.84999999999997
14400.0	6.828169014084503	322.84999999999997	322.84999999999997
18000.0	6.828169014084503	322.84999999999997	322.84999999999997
21600.0	6.828169014084503	322.84999999999997	322.84999999999997
25200.0	6.828169014084503	322.84999999999997	322.84999999999997
28800.0	6.828169014084503	322.84999999999997	322.84999999999997
32400.0	6.828169014084503	322.84999999999997	322.84999999999997
36000.0	6.835025843414867	322.8066666666666	322.8066666666666
39600.0	6.81416879768077	322.155	322.155
43200.0	7.082908071426866	322.23999999999995	322.23999999999995
46800.0	6.727078287228274	322.28666666666663	322.28666666666663
50400.0	6.626272866320139	322.83166666666665	322.83166666666665
54000.0	6.535137155637155	322.81166666666667	322.81166666666667
57600.0	6.666237222016118	321.5283333333333	321.5283333333333
61200.0	6.895106094975104	321.7233333333333	321.7233333333333
64800.0	6.960817282646268	320.25999999999993	320.25999999999993
68400.0	6.760514475839465	321.06833333333327	321.06833333333327
72000.0	6.665385295707432	320.9933333333333	320.9933333333333
75600.0	6.962304622542068	320.31999999999994	320.31999999999994
79200.0	6.825570667335672	320.9533333333333	320.9533333333333
82800.0	6.681172847866672	322.01333333333326	322.01333333333326
86400.0	6.9076583405294745	322.2083333333333	322.2083333333333
90000.0	7.028450293094396	321.9616666666666	321.9616666666666
93600.0	7.062651642734674	322.03666666666663	322.03666666666663
97200.0	7.209286340466136	322.2183333333333	322.2183333333333
100800.0	7.009765989678395	321.88499999999993	321.88499999999993
104400.0	6.974700186405132	321.3033333333333	321.3033333333333
108000.0	7.152119546350178	321.10833333333335	321.10833333333335
111600.0	7.2776056507846	320.0883333333333	320.0883333333333
115200.0	7.274239742224742	320.25666666666666	320.25666666666666
118800.0	7.379174216027879	320.9866666666666	320.9866666666666
122400.0	7.4698412698412735	321.04999999999995	321.04999999999995
126000.0	7.069821557366161	321.22166666666664	321.22166666666664
129600.0	6.809716795349971	322.1233333333333	322.1233333333333
133200.0	6.779809012456102	321.9433333333333	321.9433333333333
136800.0	6.6891279822019465	322.63	322.63
140400.0	6.601851933400899	322.56499999999994	322.56499999999994
144000.0	6.810969708399747	322.1466666666666	322.1466666666666
147600.0	6.397137244152047	320.8183333333333	320.8183333333333
151200.0	6.768375428251208	320.6416666666666	320.6416666666666
154800.0	6.976555551961935	321.18666666666667	321.18666666666667
158400.0	6.7575542774719715	320.22499999999997	320.22499999999997
162000.0	6.854564796759874	320.92	320.92
165600.0	6.794465404026086	321.7283333333333	321.7283333333333
169200.0	7.000250739819724	321.97333333333336	321.97333333333336
172800.0	6.859810113623729	322.32166666666666	322.32166666666666
176400.0	6.882529220493562	322.37499999999994	322.37499999999994
180000.0	7.134660020366217	322.025	322.025
183600.0	7.265089564684705	321.945	321.945
187200.0	7.207981514264155	321.9549999999999	321.9549999999999
190800.0	7.314362578926383	321.96166666666664	321.96166666666664
194400.0	7.493704724013304	322.1216666666666	322.1216666666666
198000.0	7.6018954248366075	322.15	322.15
201600.0	7.6018954248366075	322.15	322.15
205200.0	7.380298851150115	321.2416666666666	321.2416666666666
208800.0	6.991059805204634	320.85999999999996	320.85999999999996
212400.0	6.840259525179584	321.4	321.4
216000.0	6.622681190198504	321.6066666666666	321.6066666666666
219600.0	6.558420361813905	322.3166666666666	322.3166666666666
223200.0	6.412467131764161	322.5283333333333	322.5283333333333
226800.0	6.83570628898905	321.6066666666666	321.6066666666666
230400.0	6.625445816186545	321.65	321.65
234000.0	6.625445816186545	321.65	321.65
237600.0	6.817624284822479	321.22666666666663	321.22666666666663
241200.0	6.330552833039682	321.19333333333327	321.19333333333327
244800.0	6.521964055086702	321.6383333333333	321.6383333333333
248400.0	6.628613855772591	321.95	321.95
252000.0	6.828171255370393	322.82166666666666	322.82166666666666
255600.0	6.368758497652958	323.34499999999997	323.34499999999997
259200.0	6.690227901540875	323.47499999999997	323.47499999999997
262800.0	6.494513875085703	323.305	323.305
266400.0	6.4709542571010665	323.35166666666663	323.35166666666663
270000.0	6.895098254085308	323.07666666666665	323.07666666666665
273600.0	6.707903021153083	323.4649999999999	323.4649999999999
277200.0	6.971886237099659	322.3683333333333	322.3683333333333
280800.0	6.920657979670644	322.75166666666667	322.75166666666667
284400.0	6.484815037998274	322.49833333333333	322.49833333333333
288000.0	6.630021721648828	322.47999999999996	322.47999999999996
291600.0	6.723398580048391	322.35999999999996	322.35999999999996
295200.0	6.710995827049521	321.71	321.71
298800.0	6.6132113753074195	321.0433333333333	321.0433333333333
302400.0	6.60809833139918	321.24999999999994	321.24999999999994
306000.0	6.709815973419076	322.23999999999995	322.23999999999995
309600.0	6.284014779367148	322.26666666666665	322.26666666666665
313200.0	6.412945211919773	322.49833333333333	322.49833333333333
316800.0	6.495385891899854	322.49999999999994	322.49999999999994
320400.0	6.268975387740617	322.31166666666667	322.31166666666667
324000.0	6.507450456327538	320.99999999999994	320.99999999999994
327600.0	6.648739649998451	321.025	321.025
331200.0	6.145905767759973	321.31333333333333	321.31333333333333
334800.0	6.188112296297029	322.0466666666666	322.0466666666666
338400.0	6.609267631669709	322.79499999999996	322.79499999999996
342000.0	6.064822957312363	323.33333333333326	323.33333333333326
345600.0	6.659507434076834	324.10166666666663	324.10166666666663
349200.0	6.466343877599985	324.015	324.015
352800.0	6.4900843502568435	323.8833333333333	323.8833333333333
356400.0	6.542772998990711	323.98499999999996	323.98499999999996
360000.0	6.554535826445299	323.7416666666666	323.7416666666666
363600.0	6.5970425522057585	323.2	323.2
367200.0	6.829789189424735	322.53666666666663	322.53666666666663
370800.0	6.595662647960745	321.98	321.98
374400.0	6.634717484376859	321.74666666666667	321.74666666666667
378000.0	6.53466657229594	322.4833333333333	322.4833333333333
381600.0	6.615291618559876	323.1483333333333	323.1483333333333
385200.0	6.524244218194919	323.2266666666667	323.2266666666667
388800.0	6.429965837346737	323.0816666666666	323.0816666666666
392400.0	6.629349269917563	323.76	323.76
396000.0	6.106511346190065	322.7999999999999	322.7999999999999
399600.0	6.593971871177311	322.9633333333333	322.9633333333333
403200.0	6.184815725587763	322.8933333333333	322.8933333333333
406800.0	6.436806067681467	322.7183333333333	322.7183333333333
410400.0	6.4843190750876225	320.9083333333333	320.9083333333333
414000.0	6.606274956317753	321.51	321.51
417600.0	6.476083885725622	321.135	321.135
421200.0	6.450494565135832	321.9416666666666	321.9416666666666
424800.0	6.3277601360045095	322.89	322.89
428400.0	6.551556449529192	323.45666666666665	323.45666666666665
432000.0	6.320391461863485	323.5566666666666	323.5566666666666
435600.0	6.606665273611502	323.28666666666663	323.28666666666663
439200.0	6.608916543449974	323.37833333333333	323.37833333333333
442800.0	6.464432290866998	323.36999999999995	323.36999999999995
446400.0	6.332960221443958	323.09499999999997	323.09499999999997
450000.0	6.766606354364469	322.255	322.255
453600.0	6.840314209006241	322.1116666666666	322.1116666666666
457200.0	6.757430904253011	320.6716666666666	320.6716666666666
460800.0	6.744739606089871	321.18499999999995	321.18499999999995
464400.0	6.980428195141338	321.8133333333333	321.8133333333333
468000.0	6.866423375953616	322.335	322.335
471600.0	6.7550835738693085	322.765	322.765
475200.0	6.4276181527834035	323.005	323.005
478800.0	6.521321346713545	323.0066666666666	323.0066666666666
482400.0	6.600349088126633	323.51499999999993	323.51499999999993
486000.0	6.576444748697397	323.6033333333333	323.6033333333333
489600.0	6.530690575527421	323.2066666666666	323.2066666666666
493200.0	6.543990347047772	323.17999999999995	323.17999999999995
496800.0	6.598652051653282	322.2949999999999	322.2949999999999
500400.0	6.725879043600566	322.24999999999994	322.24999999999994
504000.0	6.725879043600566	322.24999999999994	322.24999999999994
507600.0	6.51697733465952	322.22833333333324	322.22833333333324
511200.0	6.6123212437209204	323.12499999999994	323.12499999999994
514800.0	6.62714017603348	323.21666666666664	323.21666666666664
518400.0	6.745773268961629	323.4566666666666	323.4566666666666
522000.0	6.453075385507768	323.4933333333332	323.4933333333332
525600.0	6.551892064472479	323.56	323.56
529200.0	6.845574387947272	323.65	323.65
532800.0	6.597170592709579	323.43666666666667	323.43666666666667
536400.0	6.806833431653486	322.6266666666666	322.6266666666666
540000.0	6.73627951821433	322.1766666666666	322.1766666666666
543600.0	6.768120476359987	321.63166666666666	321.63166666666666
547200.0	6.7062055750566625	321.84833333333336	321.84833333333336
550800.0	6.54981454410597	322.4533333333333	322.4533333333333
554400.0	6.591983215184859	322.5399999999999	322.5399999999999
558000.0	6.371838337182725	323.17499999999995	323.17499999999995
561600.0	6.361631636107129	323.22666666666663	323.22666666666663
565200.0	6.274383296433534	323.5633333333333	323.5633333333333
568800.0	6.36534869523544	323.62999999999994	323.62999999999994
572400.0	6.421602210727928	323.41833333333335	323.41833333333335
576000.0	6.599736792328034	323.56999999999994	323.56999999999994
579600.0	6.415901466531649	322.9949999999999	322.9949999999999
583200.0	6.443783282231374	322.12666666666667	322.12666666666667
586800.0	6.327039955259654	322.03166666666664	322.03166666666664
590400.0	6.245924374180783	322.5083333333333	322.5083333333333
594000.0	6.4023627223950506	323.2483333333333	323.2483333333333
597600.0	6.430536673069163	323.44	323.44
601200.0	6.390211614511264	324.05999999999995	324.05999999999995
604800.0	6.400227311541029	324.04166666666663	324.04166666666663
608400.0	6.547272474157285	324.2566666666666	324.2566666666666
612000.0	6.220605913448107	323.8116666666666	323.8116666666666
615600.0	6.461337277489884	324.1233333333333	324.1233333333333
619200.0	6.457317198821831	323.94499999999994	323.94499999999994
622800.0	6.478301618602074	322.9866666666666	322.9866666666666
626400.0	6.60345291126302	322.75166666666667	322.75166666666667
630000.0	6.521780411283373	321.9866666666667	321.9866666666667
633600.0	6.725106851768222	322.60166666666663	322.60166666666663
637200.0	6.512542274293072	322.9083333333333	322.9083333333333
640800.0	6.644617508483425	322.755	322.755
644400.0	6.456731431220201	322.88333333333327	322.88333333333327
648000.0	6.6799820152108005	323.1816666666666	323.1816666666666
651600.0	6.356244184143662	323.12666666666667	323.12666666666667
655200.0	6.678317318729054	323.0433333333333	323.0433333333333
658800.0	6.613758774044694	323.4	323.4
662400.0	6.90052886886321	323.13166666666666	323.13166666666666
666000.0	6.927243416572574	322.91166666666663	322.91166666666663
669600.0	6.504867147244125	322.06499999999994	322.06499999999994
673200.0	6.174447889864662	321.96999999999997	321.96999999999997
676800.0	6.397135227281211	321.77	321.77
680400.0	6.533562205092977	322.2533333333333	322.2533333333333
684000.0	6.6182859872605215	323.30499999999995	323.30499999999995
687600.0	6.754766978705927	323.11166666666657	323.11166666666657
691200.0	6.71220336206202	323.6733333333333	323.6733333333333
694800.0	6.543601016516997	323.47666666666663	323.47666666666663
698400.0	6.799054159698928	323.4483333333333	323.4483333333333
702000.0	6.697163611777487	323.4366666666666	323.4366666666666
705600.0	6.581487332752978	323.2799999999999	323.2799999999999
709200.0	7.10639448049338	322.0466666666666	322.0466666666666
712800.0	6.970917020465938	321.9916666666666	321.9916666666666
716400.0	6.834838486670536	320.9816666666666	320.9816666666666
720000.0	6.79813737929022	321.75	321.75
723600.0	6.745430561784482	321.9983333333333	321.9983333333333
727200.0	6.532224892830288	322.28166666666664	322.28166666666664
730800.0	6.612295251112691	321.97499999999997	321.97499999999997
734400.0	6.576819301310474	322.7783333333333	322.7783333333333
738000.0	7.09595115302758	323.2266666666667	323.2266666666667
741600.0	7.088141494045125	322.9533333333333	322.9533333333333
745200.0	6.665589190626021	322.89166666666665	322.89166666666665
748800.0	6.636272912450015	322.7533333333333	322.7533333333333
752400.0	6.9290694735786635	321.9816666666667	321.9816666666667
756000.0	6.870863817280533	321.53999999999996	321.53999999999996
759600.0	6.745839840980633	321.6683333333333	321.6683333333333
763200.0	6.982905982905985	320.74999999999994	320.74999999999994
766800.0	6.623056193411716	321.86	321.86
770400.0	7.016761189658954	322.0283333333333	322.0283333333333
774000.0	6.9048341441899765	323.0833333333333	323.0833333333333
777600.0	6.609118924206433	323.3166666666666	323.3166666666666
781200.0	6.821041499882498	322.91166666666663	322.91166666666663
784800.0	6.8413631572775975	322.67666666666656	322.67666666666656
788400.0	6.729183022762236	323.01	323.01
792000.0	6.871342397727905	322.7099999999999	322.7099999999999
795600.0	6.874347350686138	322.3166666666666	322.3166666666666
799200.0	6.865325407766219	322.1733333333333	322.1733333333333
802800.0	6.839932819867431	322.2083333333333	322.2083333333333
806400.0	6.875031511831313	322.23999999999995	322.23999999999995
810000.0	6.909794174206318	321.22166666666664	321.22166666666664
813600.0	6.9229970176812134	321.87166666666667	321.87166666666667
817200.0	6.607503375086815	322.0233333333333	322.0233333333333
820800.0	6.631034282027167	322.50666666666666	322.50666666666666
824400.0	6.629066633359738	322.34666666666664	322.34666666666664
828000.0	6.478218568134649	322.7833333333333	322.7833333333333
831600.0	6.858904764860675	322.2099999999999	322.2099999999999
835200.0	6.649691401897543	323.1183333333333	323.1183333333333
838800.0	6.788262280360034	322.645	322.645
842400.0	6.818443638361938	322.09833333333324	322.09833333333324
846000.0	6.241471725844544	322.9549999999999	322.9549999999999
849600.0	6.914375335877782	321.9733333333333	321.9733333333333
853200.0	6.68761818431763	322.3483333333333	322.3483333333333
856800.0	6.480550628299306	322.8833333333333	322.8833333333333
860400.0	6.5908771988036925	323.1483333333333	323.1483333333333
864000.0	6.583631287469455	323.47333333333324	323.47333333333324
867600.0	6.466601952407181	323.52166666666665	323.52166666666665
871200.0	6.64124242785326	323.74666666666667	323.74666666666667
874800.0	6.7767115840960095	323.53666666666663	323.53666666666663
878400.0	6.633623492547206	323.6433333333333	323.6433333333333
882000.0	6.84008457459166	323.03499999999997	323.03499999999997
885600.0	6.725475509158326	322.94333333333327	322.94333333333327
889200.0	6.810281052778089	322.72499999999997	322.72499999999997
892800.0	6.71445825125014	322.9083333333333	322.9083333333333
896400.0	6.935065208570281	322.05833333333334	322.05833333333334
900000.0	6.848620365607447	321.9466666666666	321.9466666666666
903600.0	6.866550594261903	321.9233333333333	321.9233333333333
907200.0	6.345102152114361	322.68333333333334	322.68333333333334
910800.0	6.978520067288259	322.81499999999994	322.81499999999994
914400.0	6.405717319327312	322.2366666666667	322.2366666666667
918000.0	6.976775978168955	322.87666666666667	322.87666666666667
921600.0	7.192605633802821	322.84999999999997	322.84999999999997
925200.0	7.192605633802821	322.84999999999997	322.84999999999997
928800.0	6.992324022949264	321.80999999999995	321.80999999999995
932400.0	6.846885300959217	321.60166666666663	321.60166666666663
936000.0	6.446879357363734	321.56833333333327	321.56833333333327
939600.0	6.39998640394249	321.86	321.86
943200.0	6.530365942471762	323.195	323.195
946800.0	6.602562017381114	323.47999999999996	323.47999999999996
950400.0	6.911701234254968	323.32666666666665	323.32666666666665
954000.0	6.5956847533828356	323.5066666666666	323.5066666666666
957600.0	6.6691993899936595	323.64833333333326	323.64833333333326
961200.0	6.615084318693347	323.14666666666665	323.14666666666665
964800.0	6.6790867091746815	323.2783333333333	323.2783333333333
968400.0	7.122334738409257	322.1083333333333	322.1083333333333
972000.0	6.998233264941345	321.9316666666666	321.9316666666666
975600.0	6.944901917079966	321.43666666666667	321.43666666666667
979200.0	6.931009372657861	321.4333333333333	321.4333333333333
982800.0	7.156156203066744	321.8983333333333	321.8983333333333
986400.0	7.672471910112366	321.34999999999997	321.34999999999997
990000.0	6.946176522050497	322.20333333333326	322.20333333333326
993600.0	6.722085633402859	322.94166666666666	322.94166666666666
997200.0	6.522248697874289	322.2783333333333	322.2783333333333
1000800.0	6.698759577329881	323.2016666666666	323.2016666666666
1004400.0	6.543814564945665	323.17999999999995	323.17999999999995
1008000.0	6.595177527415929	322.9799999999999	322.9799999999999
1011600.0	6.6998451282252205	322.38499999999993	322.38499999999993
1015200.0	6.764710092838245	321.55999999999995	321.55999999999995
1018800.0	6.805824865767526	321.43499999999995	321.43499999999995
1022400.0	6.790402634242875	321.4783333333333	321.4783333333333
1026000.0	6.553121515266561	321.565	321.565
1029600.0	6.711317966267806	322.5633333333333	322.5633333333333
1033200.0	6.83592602395773	323.1066666666666	323.1066666666666
1036800.0	6.888354415056307	322.77166666666665	322.77166666666665
1040400.0	6.623333333333334	322.54999999999995	322.54999999999995
1044000.0	6.623333333333334	322.54999999999995	322.54999999999995
1047600.0	6.677464726631393	322.57833333333326	322.57833333333326
1051200.0	6.709401390765363	322.5283333333333	322.5283333333333
1054800.0	7.302468519665584	322.0116666666666	322.0116666666666
1058400.0	7.394938627566799	321.50999999999993	321.50999999999993
1062000.0	7.4036791507888715	320.74499999999995	320.74499999999995
1065600.0	6.999704934090397	321.0583333333333	321.0583333333333
1069200.0	7.119756632124424	321.70166666666665	321.70166666666665
1072800.0	7.132071564490086	321.995	321.995
1076400.0	6.864198994993723	322.18999999999994	322.18999999999994
1080000.0	7.058942716851893	322.05999999999995	322.05999999999995
1083600.0	6.616609985810403	322.185	322.185
1087200.0	6.6678685843300896	322.97499999999997	322.97499999999997
1090800.0	6.227245876666868	322.5616666666666	322.5616666666666
1094400.0	6.2215090090090195	322.54999999999995	322.54999999999995
1098000.0	6.2215090090090195	322.54999999999995	322.54999999999995
1101600.0	6.608514171852489	322.12999999999994	322.12999999999994
1105200.0	6.713983935016815	321.8983333333333	321.8983333333333
1108800.0	6.767425447427845	320.2833333333333	320.2833333333333
1112400.0	6.675369000490296	321.27833333333325	321.27833333333325
1116000.0	6.6223407592640235	322.47666666666663	322.47666666666663
1119600.0	6.600761711087848	322.9316666666667	322.9316666666667
1123200.0	6.657183148458387	323.0999999999999	323.0999999999999
1126800.0	6.445026191891889	323.37166666666667	323.37166666666667
1130400.0	6.9303723526236265	323.28499999999997	323.28499999999997
1134000.0	6.647605101181005	323.1333333333333	323.1333333333333
1137600.0	6.594769181833692	322.9633333333333	322.9633333333333
1141200.0	6.771705638442209	322.275	322.275
1144800.0	6.8500716628824865	321.935	321.935
1148400.0	7.432153119962662	321.2933333333333	321.2933333333333
1152000.0	7.009494456898061	321.1616666666667	321.1616666666667
1155600.0	7.12804878048779	322.04999999999995	322.04999999999995
1159200.0	7.12804878048779	322.04999999999995	322.04999999999995
1162800.0	7.132650117907475	322.22833333333324	322.22833333333324
1166400.0	6.5747848201780705	323.1166666666666	323.1166666666666
1170000.0	6.517331037591384	322.9733333333333	322.9733333333333
1173600.0	6.746817950875876	323.275	323.275
1177200.0	6.849576744683488	322.85833333333323	322.85833333333323
1180800.0	6.571476892113317	323.17499999999995	323.17499999999995
1184400.0	6.533606481113962	322.49166666666656	322.49166666666656
1188000.0	6.871559074316258	320.29499999999996	320.29499999999996
1191600.0	6.620765656861471	321.8983333333333	321.8983333333333
1195200.0	6.476363072526553	320.97499999999997	320.97499999999997
1198800.0	6.397281523399321	322.0333333333332	322.0333333333332
1202400.0	6.704149197067485	321.65666666666664	321.65666666666664
1206000.0	6.595379760679652	323.29999999999995	323.29999999999995
1209600.0	6.599054591965755	323.455	323.455
1213200.0	6.642970776892077	323.07499999999993	323.07499999999993
1216800.0	6.691837395292728	322.7766666666666	322.7766666666666
1220400.0	6.874019442299772	322.9333333333333	322.9333333333333
1224000.0	6.858968800279648	322.9516666666666	322.9516666666666
1227600.0	6.861178576854604	321.79166666666663	321.79166666666663
1231200.0	7.106224203892852	321.5833333333333	321.5833333333333
1234800.0	7.0762711963628675	321.06833333333327	321.06833333333327
1238400.0	7.3740366525737	320.8833333333333	320.8833333333333
1242000.0	6.730344110278802	321.4516666666666	321.4516666666666
1245600.0	6.595933979426327	322.1766666666666	322.1766666666666
1249200.0	6.655959623467174	322.8033333333333	322.8033333333333
1252800.0	6.818634032159823	322.63166666666666	322.63166666666666
1256400.0	6.7906271748432445	322.6116666666666	322.6116666666666
1260000.0	6.570642344500038	322.465	322.465
1263600.0	6.62447930065475	322.1833333333333	322.1833333333333
1267200.0	6.670527375605047	321.78166666666664	321.78166666666664
1270800.0	6.7111153826323005	321.32	321.32
1274400.0	7.148025565562878	320.34166666666664	320.34166666666664
1278000.0	6.9857853748534255	320.2583333333333	320.2583333333333
1281600.0	6.8477461621590745	319.6166666666667	319.6166666666667
1285200.0	6.9895211010536515	320.32499999999993	320.32499999999993
1288800.0	6.8851346198819705	321.04833333333323	321.04833333333323
1292400.0	6.8794063321915395	321.45833333333326	321.45833333333326
1296000.0	6.890495786864582	321.615	321.615
1299600.0	6.768914795143115	321.75166666666667	321.75166666666667
1303200.0	6.8582820197716	321.8016666666666	321.8016666666666
1306800.0	7.022111707979577	321.9666666666666	321.9666666666666
1310400.0	6.725695015071315	321.66666666666663	321.66666666666663
1314000.0	6.805605060532614	321.74	321.74
1317600.0	6.75899169406063	321.3716666666666	321.3716666666666
1321200.0	6.8669802287160575	320.49999999999994	320.49999999999994
1324800.0	6.991170226368967	321.61499999999995	321.61499999999995
1328400.0	7.0316779852276285	323.4933333333333	323.4933333333333
1332000.0	6.83041304119479	323.1916666666666	323.1916666666666
1335600.0	6.529691922929491	324.0033333333333	324.0033333333333
1339200.0	6.969394590934386	320.12999999999994	320.12999999999994
1342800.0	7.116970378027427	320.3733333333333	320.3733333333333
1346400.0	6.874107163286418	321.0516666666667	321.0516666666667
1350000.0	6.902698969219357	321.0816666666666	321.0816666666666
1353600.0	6.679029216088818	321.31666666666666	321.31666666666666
1357200.0	6.742880660704037	321.15000000000003	321.15000000000003
1360800.0	6.955005140720229	319.97999999999996	319.97999999999996
1364400.0	6.886033564581607	320.37999999999994	320.37999999999994
1368000.0	6.781056602864157	320.40999999999997	320.40999999999997
1371600.0	7.00638307164652	320.41999999999996	320.41999999999996
1375200.0	6.9940876626710375	320.8616666666666	320.8616666666666
1378800.0	6.7646424292173535	321.31999999999994	321.31999999999994
1382400.0	6.850700287254486	321.95666666666665	321.95666666666665
1386000.0	6.984421647564976	322.0283333333333	322.0283333333333
1389600.0	7.366341262412762	322.23	322.23
1393200.0	7.050951360234188	322.3233333333333	322.3233333333333
1396800.0	7.067164667819231	322.2566666666666	322.2566666666666
1400400.0	6.787668497953099	322.24499999999995	322.24499999999995
1404000.0	6.787944072658014	322.13333333333327	322.13333333333327
1407600.0	7.2299769304713255	321.4866666666666	321.4866666666666
1411200.0	6.842985870083519	321.155	321.155
1414800.0	6.716247753126835	321.02833333333325	321.02833333333325
1418400.0	6.752776649208657	321.0166666666666	321.0166666666666
1422000.0	6.711724472984737	321.10166666666663	321.10166666666663
1425600.0	6.590968650829012	321.61499999999995	321.61499999999995
1429200.0	6.6609626332581	321.7283333333333	321.7283333333333
1432800.0	6.494753710350858	321.145	321.145
1436400.0	6.737274984904628	321.92999999999995	321.92999999999995
1440000.0	6.492287277971517	322.2483333333333	322.2483333333333
1443600.0	6.193591411176339	322.09	322.09
1447200.0	6.436025768815117	321.81833333333327	321.81833333333327
1450800.0	6.499880819943103	321.7233333333333	321.7233333333333
1454400.0	6.698144989059225	321.9966666666666	321.9966666666666
1458000.0	6.397513664440894	321.5283333333333	321.5283333333333
1461600.0	6.3046693813825465	322.54499999999996	322.54499999999996
1465200.0	6.504841383005682	322.81499999999994	322.81499999999994
1468800.0	6.835877880144242	322.4383333333333	322.4383333333333
1472400.0	6.771050879389486	322.72499999999997	322.72499999999997
1476000.0	6.822814389695502	322.6233333333333	322.6233333333333
1479600.0	6.615297754998444	322.74666666666667	322.74666666666667
1483200.0	6.6856217078898155	322.96999999999997	322.96999999999997
1486800.0	6.628198357711126	322.06333333333333	322.06333333333333
1490400.0	6.609838255343449	322.0983333333333	322.0983333333333
1494000.0	6.8217106618521	322.185	322.185
1497600.0	6.900710736239349	321.64	321.64
1501200.0	6.796536567966844	321.50666666666666	321.50666666666666
1504800.0	6.563767164507885	321.375	321.375
1508400.0	6.505569268526594	321.0333333333333	321.0333333333333
1512000.0	6.6883966111893525	322.26166666666666	322.26166666666666
1515600.0	6.380459559029088	322.1433333333333	322.1433333333333
1519200.0	6.26695698715642	322.39166666666665	322.39166666666665
1522800.0	6.5197962703208905	321.95666666666665	321.95666666666665
1526400.0	6.734032279915761	321.40166666666664	321.40166666666664
1530000.0	6.503764697107284	322.005	322.005
1533600.0	6.633661714653492	320.2733333333333	320.2733333333333
1537200.0	6.528507859841548	321.78499999999997	321.78499999999997
1540800.0	6.6043421233274415	321.10166666666663	321.10166666666663
1544400.0	6.35421494238107	321.4133333333333	321.4133333333333
1548000.0	6.717699098839012	321.8066666666667	321.8066666666667
1551600.0	6.733750175973928	322.63166666666666	322.63166666666666
1555200.0	6.74777815183124	322.49833333333333	322.49833333333333
1558800.0	6.705373196239121	322.7183333333333	322.7183333333333
1562400.0	6.6092827460439185	322.68333333333334	322.68333333333334
1566000.0	6.388433525989774	322.68999999999994	322.68999999999994
1569600.0	6.482015963100704	322.66999999999996	322.66999999999996
1573200.0	6.869166218554861	321.7616666666666	321.7616666666666
1576800.0	6.904179999554299	321.35166666666663	321.35166666666663
1580400.0	7.124504678070582	320.6866666666666	320.6866666666666
1584000.0	7.7506923703294	320.87	320.87
1587600.0	7.27003325523029	320.9033333333333	320.9033333333333
1591200.0	7.0272838185434985	320.69999999999993	320.69999999999993
1594800.0	6.858306802755459	321.49999999999994	321.49999999999994
1598400.0	6.91630506193919	322.3333333333333	322.3333333333333
1602000.0	6.820468533299454	322.4433333333333	322.4433333333333
1605600.0	6.410329899864938	322.6083333333333	322.6083333333333
1609200.0	7.1545189571334955	322.65666666666664	322.65666666666664
1612800.0	6.848451685883995	322.155	322.155
1616400.0	7.014674834331219	321.18999999999994	321.18999999999994
1620000.0	6.944411218605113	320.16833333333335	320.16833333333335
1623600.0	6.884110966228719	320.75333333333333	320.75333333333333
1627200.0	6.72534311084423	319.95166666666665	319.95166666666665
1630800.0	6.852157973021396	320.45833333333326	320.45833333333326
1634400.0	6.878822438422987	320.905	320.905
1638000.0	7.115600776459366	322.05	322.05
1641600.0	6.791097684091305	322.1583333333333	322.1583333333333
1645200.0	6.622953458610822	322.50333333333333	322.50333333333333
1648800.0	6.93063480108409	322.215	322.215
1652400.0	6.860396781878835	322.2666666666666	322.2666666666666
1656000.0	6.969399240948878	322.1233333333332	322.1233333333332
1659600.0	6.993959906463991	321.6033333333333	321.6033333333333
1663200.0	6.860723031544532	321.7683333333333	321.7683333333333
1666800.0	6.813132256088235	321.5	321.5
1670400.0	6.954044965307623	320.4	320.4
1674000.0	6.691548902170554	320.57	320.57
1677600.0	6.726182501672674	321.1583333333333	321.1583333333333
1681200.0	6.547518484305737	321.65166666666664	321.65166666666664
1684800.0	6.5899201331191595	321.85166666666663	321.85166666666663
1688400.0	6.609688397346233	322.1516666666666	322.1516666666666
1692000.0	6.582225078918702	322.325	322.325
1695600.0	6.723986752876048	322.135	322.135
1699200.0	6.605604974017215	322.1133333333333	322.1133333333333
1702800.0	6.617237711802824	321.92833333333334	321.92833333333334
1706400.0	7.0558090341884965	320.44666666666666	320.44666666666666
1710000.0	6.614071886374841	321.2633333333333	321.2633333333333
1713600.0	6.784316138915236	320.8283333333333	320.8283333333333
1717200.0	6.704317857562983	320.59499999999997	320.59499999999997
1720800.0	6.536677844975556	321.59499999999997	321.59499999999997
1724400.0	6.517422833990577	322.03166666666664	322.03166666666664
1728000.0	6.755236376753889	322.79499999999996	322.79499999999996
1731600.0	6.487814093919011	322.8283333333333	322.8283333333333
1735200.0	6.451138853853017	322.7483333333333	322.7483333333333
1738800.0	6.641585176024505	322.41999999999996	322.41999999999996
1742400.0	6.546407994302589	322.6683333333333	322.6683333333333
1746000.0	6.633037979797413	322.24499999999995	322.24499999999995
1749600.0	6.870376357459584	321.55999999999995	321.55999999999995
1753200.0	6.878324861286155	320.6933333333333	320.6933333333333
1756800.0	6.777551757689893	319.9533333333333	319.9533333333333
1760400.0	6.952877155865028	321.25333333333333	321.25333333333333
1764000.0	6.70753891284236	321.15	321.15
1767600.0	6.646364835565784	321.26666666666665	321.26666666666665
1771200.0	6.57573137300659	321.4683333333333	321.4683333333333
1774800.0	6.599699276397803	321.53666666666663	321.53666666666663
1778400.0	6.513945686770711	321.775	321.775
1782000.0	6.338526655862418	321.87333333333333	321.87333333333333
1785600.0	6.460012924698907	321.9266666666666	321.9266666666666
1789200.0	6.578222096250993	321.98999999999995	321.98999999999995
1792800.0	6.8049820132038645	320.41166666666663	320.41166666666663
1796400.0	6.6528040677444595	320.72499999999997	320.72499999999997
1800000.0	6.443311905916163	321.08	321.08
1803600.0	6.638736305819782	320.49833333333333	320.49833333333333
1807200.0	6.51096046281439	321.6533333333333	321.6533333333333
1810800.0	6.427616537114995	322.28666666666663	322.28666666666663
1814400.0	6.571848002024766	322.8433333333333	322.8433333333333
1818000.0	6.992915088731552	322.5933333333333	322.5933333333333
1821600.0	6.936866424703478	322.6683333333333	322.6683333333333
1825200.0	6.7969777829921805	322.76	322.76
1828800.0	6.926996005926819	322.38833333333326	322.38833333333326
1832400.0	6.832111664527021	321.60999999999996	321.60999999999996
1836000.0	6.755566514624794	321.2566666666666	321.2566666666666
1839600.0	6.860233397100528	320.725	320.725
1843200.0	7.013073257905187	320.935	320.935
1846800.0	6.98066729711497	321.2849999999999	321.2849999999999
1850400.0	6.86398733187955	321.8583333333333	321.8583333333333
1854000.0	6.984681887992903	322.1833333333333	322.1833333333333
1857600.0	7.015728869895535	322.9083333333333	322.9083333333333
1861200.0	6.713732915166837	322.4316666666666	322.4316666666666
1864800.0	6.406654706743433	322.3983333333333	322.3983333333333
1868400.0	6.318982165893923	322.68499999999995	322.68499999999995
1872000.0	6.633946740063943	322.17999999999995	322.17999999999995
1875600.0	6.5920438480746535	322.31333333333333	322.31333333333333
1879200.0	6.577757515316897	321.275	321.275
1882800.0	6.5295866960541	321.96166666666664	321.96166666666664
1886400.0	6.498089597076142	321.48833333333334	321.48833333333334
1890000.0	6.567651340168082	321.43	321.43
1893600.0	6.506766344707097	322.7699999999999	322.7699999999999
1897200.0	6.471297498509623	323.31333333333333	323.31333333333333
1900800.0	6.548418105579131	323.51666666666665	323.51666666666665
1904400.0	6.4974382998078655	323.65000000000003	323.65000000000003
1908000.0	6.4238487182975295	323.77166666666665	323.77166666666665
1911600.0	6.566083775371103	323.89000000000004	323.89000000000004
1915200.0	6.534392818561246	323.7833333333333	323.7833333333333
1918800.0	6.543188779378922	322.855	322.855
1922400.0	6.670398593415678	322.62666666666667	322.62666666666667
1926000.0	6.273538385782008	321.51666666666665	321.51666666666665
1929600.0	6.433950957221436	322.3166666666666	322.3166666666666
1933200.0	6.586962252983819	322.4533333333333	322.4533333333333
1936800.0	6.3929019780111425	323.16666666666663	323.16666666666663
1940400.0	6.517853072840296	324.28166666666664	324.28166666666664
1944000.0	6.778802760370349	324.19666666666666	324.19666666666666
1947600.0	6.309243878650464	323.5566666666666	323.5566666666666
1951200.0	6.504819473064011	324.29499999999996	324.29499999999996
1954800.0	6.546186418292821	324.585	324.585
1958400.0	6.11569454069454	323.2833333333333	323.2833333333333
1962000.0	6.146696696696698	323.25	323.25
1965600.0	6.146696696696698	323.25	323.25
1969200.0	6.411895626201041	323.25833333333327	323.25833333333327
1972800.0	6.408659312564668	323.5516666666666	323.5516666666666
1976400.0	6.246028944327838	323.93499999999995	323.93499999999995
1980000.0	6.60710969860018	324.5016666666666	324.5016666666666
1983600.0	6.361650564244137	324.8316666666666	324.8316666666666
1987200.0	6.354540157408238	325.125	325.125
1990800.0	6.369801945717359	325.2966666666666	325.2966666666666
1994400.0	6.523131832828705	325.2583333333333	325.2583333333333
1998000.0	6.812842049477217	325.3216666666666	325.3216666666666
2001600.0	6.9102120372389475	325.21666666666664	325.21666666666664
2005200.0	6.5258551082061835	324.22	324.22
2008800.0	6.45556446736853	324.53666666666663	324.53666666666663
2012400.0	6.6732866334561365	323.9183333333333	323.9183333333333
2016000.0	6.738460997452089	323.88	323.88
2019600.0	6.621737645074518	322.725	322.725
2023200.0	6.73402716075952	322.42833333333334	322.42833333333334
2026800.0	6.719347069815141	323.0516666666666	323.0516666666666
2030400.0	6.616047915187293	323.0433333333333	323.0433333333333
2034000.0	6.562124746223818	323.4883333333333	323.4883333333333
2037600.0	6.5251882628586415	323.6333333333333	323.6333333333333
2041200.0	6.533392279252349	323.89166666666665	323.89166666666665
2044800.0	6.678095845255507	324.13166666666655	324.13166666666655
2048400.0	6.559980491646743	323.86999999999995	323.86999999999995
2052000.0	6.749489872762298	322.78499999999997	322.78499999999997
2055600.0	6.430894453007004	323.38333333333327	323.38333333333327
2059200.0	6.475194089373129	323.0	323.0
2062800.0	6.727162346450776	323.21166666666664	323.21166666666664
2066400.0	6.599384462395052	323.40999999999997	323.40999999999997
2070000.0	6.911436784754908	324.1483333333333	324.1483333333333
2073600.0	6.520347329075615	324.33000000000004	324.33000000000004
2077200.0	6.665763999344769	324.1583333333333	324.1583333333333
2080800.0	6.316417910447765	324.1499999999999	324.1499999999999
2084400.0	6.316417910447765	324.1499999999999	324.1499999999999
2088000.0	6.483230251711239	324.2166666666666	324.2166666666666
2091600.0	7.036218511514283	323.51666666666665	323.51666666666665
2095200.0	6.7857545515070505	323.59	323.59
2098800.0	6.908406473027274	323.34333333333325	323.34333333333325
2102400.0	6.994087164082992	323.06833333333327	323.06833333333327
2106000.0	6.904031001508702	322.7316666666666	322.7316666666666
2109600.0	6.636985442312177	321.9766666666667	321.9766666666667
2113200.0	6.316574750525924	322.16499999999996	322.16499999999996
2116800.0	6.6452949715363285	322.6916666666666	322.6916666666666
2120400.0	6.775118860536828	322.84999999999997	322.84999999999997
2124000.0	6.617230323151015	322.9133333333333	322.9133333333333
2127600.0	6.706015549860419	323.1416666666666	323.1416666666666
2131200.0	6.564265722849132	322.6316666666666	322.6316666666666
2134800.0	6.598617431741506	322.78166666666664	322.78166666666664
2138400.0	6.5289468537829265	321.9133333333333	321.9133333333333
2142000.0	6.436550244772503	322.1133333333333	322.1133333333333
2145600.0	6.5706478922171305	321.80999999999995	321.80999999999995
2149200.0	6.815863272854059	322.23499999999996	322.23499999999996
2152800.0	6.698847364676643	323.0616666666666	323.0616666666666
2156400.0	6.613367451403725	323.55499999999995	323.55499999999995
2160000.0	6.567365149404568	324.08833333333337	324.08833333333337
2163600.0	6.4338232181835275	324.15166666666664	324.15166666666664
2167200.0	6.465439878599788	323.9433333333333	323.9433333333333
2170800.0	6.6239410707518305	323.79166666666663	323.79166666666663
2174400.0	6.847245560141126	323.76166666666666	323.76166666666666
2178000.0	6.990595146143486	322.7516666666666	322.7516666666666
2181600.0	7.107965464765984	322.1316666666666	322.1316666666666
2185200.0	7.1852107919837955	321.52166666666665	321.52166666666665
2188800.0	7.390766683976169	321.82	321.82
2192400.0	6.901088792285449	322.50166666666667	322.50166666666667
2196000.0	6.699044312532121	322.84666666666664	322.84666666666664
2199600.0	6.689954903548418	323.48999999999995	323.48999999999995
2203200.0	6.646005246569077	323.4	323.4
2206800.0	6.478601586930627	324.0283333333333	324.0283333333333
2210400.0	6.883700821464737	323.365	323.365
2214000.0	6.416156185400663	323.90666666666664	323.90666666666664
2217600.0	6.556483904257119	323.96666666666664	323.96666666666664
2221200.0	6.579294168475878	323.60166666666663	323.60166666666663
2224800.0	6.86485989041541	321.88999999999993	321.88999999999993
2228400.0	6.549285842306487	322.83666666666664	322.83666666666664
2232000.0	6.646726520835783	323.00999999999993	323.00999999999993
2235600.0	6.5542971631634295	323.15999999999997	323.15999999999997
2239200.0	6.6541363825554285	323.6533333333333	323.6533333333333
2242800.0	6.619956247285311	324.12833333333333	324.12833333333333
2246400.0	6.762155009486195	324.5983333333333	324.5983333333333
2250000.0	6.628942829794911	324.53499999999997	324.53499999999997
2253600.0	6.797411904088106	324.1383333333333	324.1383333333333
2257200.0	6.761580711520128	324.27666666666664	324.27666666666664
2260800.0	6.867227602259444	324.26499999999993	324.26499999999993
2264400.0	6.684912842629284	323.63333333333327	323.63333333333327
2268000.0	6.679113222676389	323.14833333333326	323.14833333333326
2271600.0	6.821494101611793	322.50666666666666	322.50666666666666
2275200.0	6.805459706507875	322.41499999999996	322.41499999999996
2278800.0	6.488063115352808	322.82333333333327	322.82333333333327
2282400.0	6.56863999057766	323.8166666666666	323.8166666666666
2286000.0	6.585902968758717	323.63833333333326	323.63833333333326
2289600.0	6.792694646357815	323.97499999999997	323.97499999999997
2293200.0	6.6490637021320085	323.9866666666666	323.9866666666666
2296800.0	6.576382987551097	324.405	324.405
2300400.0	6.748418416294557	324.25833333333327	324.25833333333327
2304000.0	6.591977752341752	324.435	324.435
2307600.0	6.493158994252877	323.78	323.78
2311200.0	6.6090174377326685	322.7216666666667	322.7216666666667
2314800.0	6.712331635810347	323.02666666666664	323.02666666666664
2318400.0	6.452333167061369	322.94166666666666	322.94166666666666
2322000.0	6.50173251213697	322.03999999999996	322.03999999999996
2325600.0	6.453499423213719	323.6716666666666	323.6716666666666
2329200.0	6.554252747397527	324.39666666666665	324.39666666666665
2332800.0	6.627645306291561	324.2933333333333	324.2933333333333
2336400.0	6.496296686682919	324.56333333333333	324.56333333333333
2340000.0	6.65825910210572	324.3999999999999	324.3999999999999
2343600.0	6.915221368170412	324.34166666666664	324.34166666666664
2347200.0	6.947059551174437	324.2366666666666	324.2366666666666
2350800.0	6.908035280124409	323.5033333333333	323.5033333333333
2354400.0	6.987180089520136	323.075	323.075
2358000.0	7.123856630419658	321.99666666666667	321.99666666666667
2361600.0	7.287596315862764	321.965	321.965
2365200.0	6.94328847524255	322.9933333333333	322.9933333333333
2368800.0	6.892240762178001	323.47666666666663	323.47666666666663
2372400.0	6.634730458724027	323.88666666666666	323.88666666666666
2376000.0	6.348375885076261	323.855	323.855
2379600.0	7.027904587163425	324.5799999999999	324.5799999999999
2383200.0	6.866582633993509	324.6266666666666	324.6266666666666
2386800.0	6.64758974932141	324.81999999999994	324.81999999999994
2390400.0	6.64856842370531	324.8083333333333	324.8083333333333
2394000.0	6.0165894556921025	324.8299999999999	324.8299999999999
2397600.0	6.649874619344404	323.2683333333333	323.2683333333333
2401200.0	6.47679489445955	323.0583333333333	323.0583333333333
2404800.0	6.422094508301401	322.45	322.45
2408400.0	6.6389692588061475	322.96166666666664	322.96166666666664
2412000.0	6.584629281791435	323.41666666666663	323.41666666666663
2415600.0	6.836973144466649	324.2	324.2
2419200.0	6.65742451852535	324.52166666666665	324.52166666666665
2422800.0	6.732923310859412	324.44166666666666	324.44166666666666
2426400.0	6.476786749538324	324.3616666666666	324.3616666666666
2430000.0	6.735675377640801	324.40666666666664	324.40666666666664
2433600.0	6.474655898672747	324.355	324.355
2437200.0	6.828692760324444	323.49499999999995	323.49499999999995
2440800.0	6.787064240543847	323.04166666666663	323.04166666666663
2444400.0	6.810588234927971	322.21166666666664	322.21166666666664
2448000.0	6.824358099683846	322.99499999999995	322.99499999999995
2451600.0	6.701377046437139	323.6583333333333	323.6583333333333
2455200.0	6.538054345970214	323.8616666666666	323.8616666666666
2458800.0	6.778106678518759	324.41166666666663	324.41166666666663
2462400.0	6.588763375562294	324.41999999999996	324.41999999999996
2466000.0	6.526658705781739	324.43	324.43
2469600.0	6.426328211046236	324.4033333333333	324.4033333333333
2473200.0	6.462563474178568	324.6066666666666	324.6066666666666
2476800.0	6.7299161892348085	324.5516666666666	324.5516666666666
2480400.0	6.62195739925712	323.97499999999997	323.97499999999997
2484000.0	6.675272500146701	322.8283333333333	322.8283333333333
2487600.0	6.783096360502835	323.3266666666666	323.3266666666666
2491200.0	6.78770833333333	323.34999999999997	323.34999999999997
2494800.0	6.553604870917118	322.9733333333333	322.9733333333333
2498400.0	6.692237904524743	324.3383333333333	324.3383333333333
2502000.0	6.456132270438063	324.51	324.51
2505600.0	6.64837414847969	324.7733333333333	324.7733333333333
2509200.0	6.532501157601704	324.75166666666667	324.75166666666667
2512800.0	6.284872934547864	324.6983333333333	324.6983333333333
2516400.0	6.679450345581815	324.5166666666666	324.5166666666666
2520000.0	6.602340669511829	324.42999999999995	324.42999999999995
2523600.0	6.800420591910065	323.73499999999996	323.73499999999996
2527200.0	6.642987687714756	323.0383333333333	323.0383333333333
2530800.0	6.806501565447391	322.3283333333333	322.3283333333333
2534400.0	6.807619151768413	322.33166666666665	322.33166666666665
2538000.0	6.584259259259255	322.84999999999997	322.84999999999997
2541600.0	6.584259259259255	322.84999999999997	322.84999999999997
2545200.0	6.584259259259255	322.84999999999997	322.84999999999997
2548800.0	6.577493290448595	323.90833333333325	323.90833333333325
2552400.0	6.655382092840754	324.00166666666667	324.00166666666667
2556000.0	6.476774169310606	324.22666666666663	324.22666666666663
2559600.0	6.5234840935325416	324.525	324.525
2563200.0	6.565346111849909	324.27666666666664	324.27666666666664
2566800.0	6.622974796230826	324.0299999999999	324.0299999999999
2570400.0	6.496318760858875	323.64666666666665	323.64666666666665
2574000.0	6.491662429434129	324.0133333333334	324.0133333333334
2577600.0	6.542425110097485	323.23499999999996	323.23499999999996
2581200.0	6.670649791129781	323.2183333333333	323.2183333333333
2584800.0	6.848780563600221	324.45	324.45
2588400.0	6.51407623294295	324.68833333333333	324.68833333333333
2592000.0	6.544816837303257	324.8633333333333	324.8633333333333
2595600.0	6.549408518801137	324.7133333333333	324.7133333333333
2599200.0	6.665495902900064	324.71666666666664	324.71666666666664
2602800.0	6.532753334468927	324.85833333333323	324.85833333333323
2606400.0	6.864823934105223	324.8083333333333	324.8083333333333
2610000.0	6.868717777066241	324.19666666666666	324.19666666666666
2613600.0	6.827784339954015	324.25999999999993	324.25999999999993
2617200.0	6.845113774018682	323.9283333333333	323.9283333333333
2620800.0	6.792524065795253	323.38499999999993	323.38499999999993
2624400.0	6.748462083617511	323.42499999999995	323.42499999999995
2628000.0	6.55050792092636	323.87499999999994	323.87499999999994
2631600.0	6.40329829240075	323.2783333333333	323.2783333333333
2635200.0	6.39627073779441	323.5	323.5
2638800.0	6.402553233615491	323.77166666666665	323.77166666666665
2642400.0	6.353091638503344	324.3716666666666	324.3716666666666
2646000.0	6.268953091634611	324.05	324.05
2649600.0	6.59792351519161	324.41666666666663	324.41666666666663
2653200.0	6.398818996354401	324.25833333333327	324.25833333333327
2656800.0	6.46088653985711	324.0533333333333	324.0533333333333
2660400.0	6.1768045637996085	324.39666666666665	324.39666666666665
2664000.0	5.484737130955667	323.45333333333326	323.45333333333326
2667600.0	6.530510661202991	323.97166666666664	323.97166666666664
2671200.0	6.565832668088278	324.53999999999996	324.53999999999996
2674800.0	6.771899424493955	325.03666666666663	325.03666666666663
2678400.0	6.639484499052213	324.9716666666667	324.9716666666667
2682000.0	6.606957466364109	324.7366666666666	324.7366666666666
2685600.0	6.661523649824157	324.89	324.89
2689200.0	6.625088060357338	324.97833333333335	324.97833333333335
2692800.0	6.4230265068521595	325.07166666666666	325.07166666666666
2696400.0	6.395418734893532	324.6083333333333	324.6083333333333
2700000.0	6.548940956177986	324.77	324.77
2703600.0	6.322662525533718	324.7783333333333	324.7783333333333
2707200.0	6.295600061371305	324.43	324.43
2710800.0	6.543155677078536	323.955	323.955
2714400.0	6.70662236465496	324.03833333333324	324.03833333333324
2718000.0	6.33579941634776	323.53999999999996	323.53999999999996
2721600.0	6.356864585071291	323.74333333333334	323.74333333333334
2725200.0	6.211034896341403	323.49833333333333	323.49833333333333
2728800.0	6.457229212903248	324.28166666666664	324.28166666666664
2732400.0	6.394782342388078	324.505	324.505
2736000.0	6.585765598046149	324.51	324.51
2739600.0	6.569151696226046	324.43833333333333	324.43833333333333
2743200.0	6.632418727009894	323.8533333333333	323.8533333333333
2746800.0	6.355378519035373	324.53333333333336	324.53333333333336
2750400.0	6.528566036398921	324.08333333333326	324.08333333333326
2754000.0	6.472723261660677	324.0166666666666	324.0166666666666
2757600.0	6.572568247888716	324.88666666666666	324.88666666666666
2761200.0	6.281406413293553	324.9	324.9
2764800.0	6.584813624143688	324.89166666666665	324.89166666666665
2768400.0	6.983155592276869	325.3516666666666	325.3516666666666
2772000.0	6.531385398323238	325.1183333333333	325.1183333333333
2775600.0	6.4984697291589475	325.2233333333333	325.2233333333333
2779200.0	6.4359384080001085	324.9799999999999	324.9799999999999
2782800.0	6.679744203658466	324.0466666666666	324.0466666666666
2786400.0	6.851708474015592	323.73999999999995	323.73999999999995
2790000.0	6.916605079042522	322.8466666666667	322.8466666666667
2793600.0	6.910749031476505	323.1766666666667	323.1766666666667
2797200.0	6.621959972794511	323.4183333333333	323.4183333333333
2800800.0	6.581969694029935	323.91499999999996	323.91499999999996
2804400.0	6.4436136975260885	324.0483333333333	324.0483333333333
2808000.0	6.755466637673894	324.0266666666666	324.0266666666666
2811600.0	6.655104401192045	323.87333333333333	323.87333333333333
2815200.0	6.634389671361509	323.85	323.85
2818800.0	6.634389671361509	323.85	323.85
2822400.0	6.65694338441455	323.2516666666666	323.2516666666666
2826000.0	6.538477035824281	321.57666666666665	321.57666666666665
2829600.0	6.605481412087171	322.59333333333325	322.59333333333325
2833200.0	6.276536965864339	323.48499999999996	323.48499999999996
2836800.0	6.360040303014021	322.8766666666666	322.8766666666666
2840400.0	6.475936614871557	323.09999999999997	323.09999999999997
2844000.0	6.6359068113487325	323.825	323.825
2847600.0	6.347028477574028	324.53499999999997	324.53499999999997
2851200.0	6.659080644801819	324.4083333333333	324.4083333333333
2854800.0	6.541643547423472	324.75666666666666	324.75666666666666
2858400.0	6.632548830201424	324.695	324.695
2862000.0	6.856164722358709	324.51333333333326	324.51333333333326
2865600.0	6.643595834803457	324.58	324.58
2869200.0	6.457702583939713	323.62833333333333	323.62833333333333
2872800.0	6.671597443392244	323.25499999999994	323.25499999999994
2876400.0	7.004158821574912	322.3883333333333	322.3883333333333
2880000.0	6.779316025826674	322.8399999999999	322.8399999999999
2883600.0	6.61707864798262	323.12	323.12
2887200.0	6.868381764568296	323.4316666666666	323.4316666666666
2890800.0	6.695689031544645	324.0516666666666	324.0516666666666
2894400.0	6.634291388528467	324.0849999999999	324.0849999999999
2898000.0	6.3591989931658865	324.32333333333327	324.32333333333327
2901600.0	6.719971464837158	324.57333333333327	324.57333333333327
2905200.0	6.541225107208632	324.8066666666666	324.8066666666666
2908800.0	6.4995391682963195	324.5616666666666	324.5616666666666
2912400.0	6.388769381035712	324.44833333333327	324.44833333333327
2916000.0	6.631087958859069	323.86999999999995	323.86999999999995
2919600.0	6.462163928036061	323.89	323.89
2923200.0	6.692165424688632	323.42499999999995	323.42499999999995
2926800.0	6.527007973316601	323.485	323.485
2930400.0	6.5856272563428435	324.1216666666666	324.1216666666666
2934000.0	6.713795656389254	324.49499999999995	324.49499999999995
2937600.0	6.740721903433372	324.63833333333326	324.63833333333326
2941200.0	6.689078227022913	324.60499999999996	324.60499999999996
2944800.0	6.679954964776584	324.7166666666667	324.7166666666667
2948400.0	6.926751222629132	324.5433333333333	324.5433333333333
2952000.0	6.792644298365138	324.81666666666666	324.81666666666666
2955600.0	6.803207558659262	323.7066666666666	323.7066666666666
2959200.0	6.780740021067986	323.765	323.765
2962800.0	6.623316690421849	322.6633333333333	322.6633333333333
2966400.0	6.773468786086349	323.10833333333335	323.10833333333335
2970000.0	6.836050341201224	322.92499999999995	322.92499999999995
2973600.0	6.542116956502696	323.9566666666667	323.9566666666667
2977200.0	6.701396608235957	323.75333333333333	323.75333333333333
2980800.0	6.681179892008022	322.9216666666666	322.9216666666666
2984400.0	6.669892142387296	321.03499999999997	321.03499999999997
2988000.0	6.403570543432464	320.10333333333335	320.10333333333335
2991600.0	6.816297174101692	320.0016666666666	320.0016666666666
2995200.0	6.484315464033095	319.4733333333333	319.4733333333333
2998800.0	6.896671744097746	318.8216666666666	318.8216666666666
3002400.0	6.545540054959902	322.76166666666666	322.76166666666666
3006000.0	6.234150320209201	323.00833333333327	323.00833333333327
3009600.0	6.415758474728089	323.9799999999999	323.9799999999999
3013200.0	6.251348572514765	323.38166666666666	323.38166666666666
3016800.0	6.381253316894311	324.16666666666663	324.16666666666663
3020400.0	6.592691035039379	325.0133333333333	325.0133333333333
3024000.0	6.546897694094843	324.92999999999995	324.92999999999995
3027600.0	6.482562404166645	324.91499999999996	324.91499999999996
3031200.0	6.583222106541553	324.61499999999995	324.61499999999995
3034800.0	6.7450413333094925	324.5616666666666	324.5616666666666
3038400.0	6.597903228394504	324.53	324.53
3042000.0	6.599283850412169	323.6866666666666	323.6866666666666
3045600.0	6.5557619310223805	322.9033333333333	322.9033333333333
3049200.0	6.819921887844593	322.9266666666666	322.9266666666666
3052800.0	6.903747204359728	323.12499999999994	323.12499999999994
3056400.0	6.935317939302486	323.61499999999995	323.61499999999995
3060000.0	6.584192233336694	324.0716666666666	324.0716666666666
3063600.0	6.581325802676515	323.9833333333333	323.9833333333333
3067200.0	6.518931508470598	324.455	324.455
3070800.0	6.6278758391846555	324.35999999999996	324.35999999999996
3074400.0	6.728838599159088	324.5516666666666	324.5516666666666
3078000.0	6.569044121628051	324.4233333333333	324.4233333333333
3081600.0	6.669707063904363	324.4133333333333	324.4133333333333
3085200.0	6.775294166110086	324.0583333333333	324.0583333333333
3088800.0	6.530269785049073	323.66999999999996	323.66999999999996
3092400.0	6.565422169973689	323.65	323.65
3096000.0	6.440186400756989	323.905	323.905
3099600.0	6.575009070398819	323.79166666666663	323.79166666666663
3103200.0	6.5205398063291815	324.0116666666666	324.0116666666666
3106800.0	6.676196860442104	324.26333333333326	324.26333333333326
3110400.0	6.6398905895098	324.7883333333333	324.7883333333333
3114000.0	6.645018187980922	324.47666666666663	324.47666666666663
3117600.0	6.763584794598199	324.46999999999997	324.46999999999997
3121200.0	6.844652595266073	324.63	324.63
3124800.0	6.942924180493522	324.495	324.495
3128400.0	6.8703813538799245	323.635	323.635
3132000.0	6.986988602313807	323.2416666666666	323.2416666666666
3135600.0	6.814657183971402	322.61499999999995	322.61499999999995
3139200.0	6.884493849202624	322.72499999999997	322.72499999999997
3142800.0	6.933396974698832	322.69166666666666	322.69166666666666
3146400.0	6.629078864599778	323.66999999999996	323.66999999999996
3150000.0	6.5099306923316504	323.27	323.27
3153600.0	6.3608510796734175	324.20166666666665	324.20166666666665
3157200.0	6.2879227053140205	324.25	324.25
3160800.0	6.2879227053140205	324.25	324.25
3164400.0	6.3647488451753755	324.4283333333333	324.4283333333333
3168000.0	6.518955968322912	324.3833333333333	324.3833333333333
3171600.0	6.53461902181361	324.2483333333333	324.2483333333333
3175200.0	6.56333811059397	324.44833333333327	324.44833333333327
3178800.0	6.109385301615167	324.5833333333333	324.5833333333333
3182400.0	6.0744350282485815	324.65	324.65
3186000.0	6.480627965194992	323.8366666666666	323.8366666666666
3189600.0	6.689591476647987	324.47499999999997	324.47499999999997
3193200.0	6.540827675017774	324.8416666666667	324.8416666666667
3196800.0	6.5880178051185325	324.69833333333327	324.69833333333327
3200400.0	6.426702508960569	324.45	324.45
3204000.0	6.426702508960569	324.45	324.45
3207600.0	6.481849296423103	324.5533333333333	324.5533333333333
3211200.0	6.416957158651657	324.88499999999993	324.88499999999993
3214800.0	6.686983131758765	324.08	324.08
3218400.0	6.669941169637028	324.2233333333333	324.2233333333333
3222000.0	6.715724528890446	323.53166666666664	323.53166666666664
3225600.0	6.833509016720611	323.6533333333333	323.6533333333333
3229200.0	6.58712137642238	323.28499999999997	323.28499999999997
3232800.0	6.579857081702897	323.40166666666664	323.40166666666664
3236400.0	6.457693473245434	323.95833333333326	323.95833333333326
3240000.0	6.5463699698952205	324.05499999999995	324.05499999999995
3243600.0	6.458740871526414	323.84499999999997	323.84499999999997
3247200.0	6.200686560606985	324.68499999999995	324.68499999999995
3250800.0	6.371581859486403	324.4833333333333	324.4833333333333
3254400.0	6.588025768029478	325.16666666666663	325.16666666666663
3258000.0	6.604489536993195	325.24499999999995	325.24499999999995
3261600.0	6.484741774681781	324.71999999999997	324.71999999999997
3265200.0	6.526111913226348	324.4583333333333	324.4583333333333
3268800.0	6.498991432064477	324.24833333333333	324.24833333333333
3272400.0	6.504819479362151	324.33333333333326	324.33333333333326
3276000.0	6.571492967323806	324.7099999999999	324.7099999999999
3279600.0	6.660599393477364	325.13	325.13
3283200.0	6.599764196806204	325.16999999999996	325.16999999999996
3286800.0	6.446197640801848	324.96666666666664	324.96666666666664
3290400.0	6.769024451900119	325.0583333333333	325.0583333333333
3294000.0	6.435406052039776	324.99333333333334	324.99333333333334
3297600.0	6.765809159874762	324.86166666666657	324.86166666666657
3301200.0	6.934455592410012	324.43666666666667	324.43666666666667
3304800.0	6.871189673549947	324.46833333333336	324.46833333333336
3308400.0	6.671801346801357	324.65	324.65
3312000.0	6.671801346801357	324.65	324.65
3315600.0	6.675133368080915	324.4333333333333	324.4333333333333
3319200.0	6.5704063423424115	323.3116666666666	323.3116666666666
3322800.0	6.3158900518108885	323.69499999999994	323.69499999999994
3326400.0	6.336362641769226	324.3383333333333	324.3383333333333
3330000.0	6.366593677667642	324.2316666666667	324.2316666666667
3333600.0	6.271496119701482	324.74999999999994	324.74999999999994
3337200.0	6.2021175281657435	324.53	324.53
3340800.0	6.401674432091113	324.76	324.76
3344400.0	6.1170392370756606	324.7516666666666	324.7516666666666
3348000.0	6.302211137794965	324.0133333333333	324.0133333333333
3351600.0	6.459932935375947	324.675	324.675
3355200.0	6.5383312350684095	324.51	324.51
3358800.0	6.450581434318385	324.47833333333335	324.47833333333335
3362400.0	6.426624103507448	324.80999999999995	324.80999999999995
3366000.0	6.502918279190457	325.1449999999999	325.1449999999999
3369600.0	6.7679950517546095	325.4833333333333	325.4833333333333
3373200.0	6.810421746394231	325.3583333333333	325.3583333333333
3376800.0	6.461518199052346	324.97499999999997	324.97499999999997
3380400.0	6.37479999506872	324.8483333333333	324.8483333333333
3384000.0	6.840222680851598	324.88499999999993	324.88499999999993
3387600.0	6.653977270519792	324.2233333333333	324.2233333333333
3391200.0	6.705659597906554	323.9316666666666	323.9316666666666
3394800.0	6.530497237469675	323.6333333333333	323.6333333333333
3398400.0	6.859226981422714	323.465	323.465
3402000.0	6.626415774012578	324.40999999999997	324.40999999999997
3405600.0	6.565048251216907	324.6983333333333	324.6983333333333
3409200.0	6.720085652057921	324.77166666666665	324.77166666666665
3412800.0	6.534629970121863	324.4983333333333	324.4983333333333
3416400.0	6.3218891127982175	324.6716666666666	324.6716666666666
3420000.0	6.389755683618517	324.87	324.87
3423600.0	6.634092473841229	325.0166666666666	325.0166666666666
3427200.0	6.503415732728283	324.4583333333333	324.4583333333333
3430800.0	6.796835409992969	324.05499999999995	324.05499999999995
3434400.0	6.54705629041684	323.8933333333333	323.8933333333333
3438000.0	6.488465443564422	324.0466666666666	324.0466666666666
3441600.0	6.462524348907939	323.6266666666666	323.6266666666666
3445200.0	6.501523056825306	323.78666666666663	323.78666666666663
3448800.0	6.435492568341071	324.5866666666666	324.5866666666666
3452400.0	6.595189339726552	325.0916666666666	325.0916666666666
3456000.0	6.646442565390995	325.23999999999995	325.23999999999995
3459600.0	6.5418165537404365	325.3366666666666	325.3366666666666
3463200.0	6.702103736885842	324.73499999999996	324.73499999999996
3466800.0	6.559549035797405	325.15666666666664	325.15666666666664
3470400.0	6.8783482887341325	325.10166666666663	325.10166666666663
3474000.0	6.475536358697486	324.3366666666666	324.3366666666666
3477600.0	6.708223312113109	324.1616666666667	324.1616666666667
3481200.0	6.6023092989898196	323.1983333333333	323.1983333333333
3484800.0	6.435299536821511	323.6716666666667	323.6716666666667
3488400.0	6.577372099771395	323.81333333333333	323.81333333333333
3492000.0	6.852916356570855	323.9966666666666	323.9966666666666
3495600.0	7.044206976012001	325.0233333333333	325.0233333333333
3499200.0	7.008771929824558	325.04999999999995	325.04999999999995
3502800.0	7.008771929824558	325.04999999999995	325.04999999999995
3506400.0	6.906886224118349	324.92499999999995	324.92499999999995
3510000.0	6.717532242843155	324.8833333333333	324.8833333333333
3513600.0	6.772567397190853	324.6966666666666	324.6966666666666
3517200.0	6.527209595959596	324.7316666666667	324.7316666666667
3520800.0	6.426515151515151	324.75	324.75
3524400.0	6.426515151515151	324.75	324.75
3528000.0	6.6985692556756655	324.35333333333335	324.35333333333335
3531600.0	6.518980605526652	323.62499999999994	323.62499999999994
3535200.0	6.855731524237433	324.53499999999997	324.53499999999997
3538800.0	6.654431905822044	325.0783333333333	325.0783333333333
3542400.0	6.457563592331832	325.0433333333333	325.0433333333333
3546000.0	6.65450862693087	324.97166666666664	324.97166666666664
3549600.0	6.748234349654548	324.865	324.865
3553200.0	6.493284988860667	324.79166666666663	324.79166666666663
3556800.0	6.423648675449759	324.7333333333333	324.7333333333333
3560400.0	6.680013781010243	323.99499999999995	323.99499999999995
3564000.0	6.834071657385028	323.53666666666663	323.53666666666663
3567600.0	6.828841549819326	323.21166666666664	323.21166666666664
3571200.0	6.874457103254215	323.1366666666666	323.1366666666666
3574800.0	6.5593141829125	323.555	323.555
3578400.0	6.630864700865017	324.1816666666666	324.1816666666666
3582000.0	6.4971346386124935	324.62499999999994	324.62499999999994
3585600.0	6.465574704874635	324.80499999999995	324.80499999999995
3589200.0	6.535742438283572	324.35499999999996	324.35499999999996
3592800.0	6.534957234850959	324.81	324.81
3596400.0	6.406902754054221	324.655	324.655
3600000.0	6.726739537288711	324.7883333333333	324.7883333333333
3603600.0	6.6773879142300245	324.75	324.75
3607200.0	6.6773879142300245	324.75	324.75
3610800.0	6.730502248380566	324.44666666666666	324.44666666666666
3614400.0	6.49524300758533	323.275	323.275
3618000.0	6.39386438676215	323.3816666666666	323.3816666666666
3621600.0	6.0026722925457126	323.34999999999997	323.34999999999997
3625200.0	6.0026722925457126	323.34999999999997	323.34999999999997
3628800.0	6.366096896617798	324.1433333333333	324.1433333333333
3632400.0	6.90266106150567	325.1383333333333	325.1383333333333
3636000.0	6.779874213836471	325.04999999999995	325.04999999999995
3639600.0	6.779874213836471	325.04999999999995	325.04999999999995
3643200.0	6.779874213836471	325.04999999999995	325.04999999999995
3646800.0	6.779874213836471	325.04999999999995	325.04999999999995
3650400.0	6.602830090633703	324.1799999999999	324.1799999999999
3654000.0	6.599378109452726	324.1499999999999	324.1499999999999
3657600.0	6.599378109452726	324.1499999999999	324.1499999999999
3661200.0	6.787113538155797	323.7683333333333	323.7683333333333
3664800.0	6.492677982241441	324.25666666666666	324.25666666666666
3668400.0	7.091803278688518	324.75	324.75
3672000.0	7.091803278688518	324.75	324.75
3675600.0	7.084566378410875	324.745	324.745
3679200.0	6.413655181866347	324.4533333333333	324.4533333333333
3682800.0	6.254635623824367	324.8433333333333	324.8433333333333
3686400.0	6.373874520263404	324.6216666666666	324.6216666666666
3690000.0	6.226624089598692	324.6333333333333	324.6333333333333
3693600.0	6.28992782413377	324.04499999999996	324.04499999999996
3697200.0	6.44366171974621	324.26	324.26
3700800.0	6.568027571627779	323.8933333333333	323.8933333333333
3704400.0	6.421924342268609	323.715	323.715
3708000.0	6.7531185104075995	324.67999999999995	324.67999999999995
3711600.0	6.376370324146992	325.02166666666665	325.02166666666665
3715200.0	6.525587895878985	325.12333333333333	325.12333333333333
3718800.0	6.481435236767685	325.155	325.155
3722400.0	6.605522352707016	325.03666666666663	325.03666666666663
3726000.0	6.742376648519281	325.1816666666666	325.1816666666666
3729600.0	6.862622638341733	324.9966666666666	324.9966666666666
3733200.0	6.6467374716403755	324.02166666666665	324.02166666666665
3736800.0	6.70446751493831	323.83	323.83
3740400.0	6.797682433696644	323.25	323.25
3744000.0	6.977732616184589	323.0	323.0
3747600.0	6.714403892665381	323.44166666666666	323.44166666666666
3751200.0	6.584024100478297	324.0716666666666	324.0716666666666
3754800.0	6.639126551553352	324.28666666666663	324.28666666666663
3758400.0	6.537042346794337	324.42999999999995	324.42999999999995
3762000.0	6.443645159135974	324.8016666666666	324.8016666666666
3765600.0	6.656612193206895	325.0533333333333	325.0533333333333
3769200.0	6.647012578616335	325.04999999999995	325.04999999999995
3772800.0	6.647012578616335	325.04999999999995	325.04999999999995
3776400.0	6.677205682035175	324.635	324.635
3780000.0	6.703241559195303	324.0899999999999	324.0899999999999
3783600.0	6.331196781432269	324.22999999999996	324.22999999999996
3787200.0	6.423492114486253	324.13333333333327	324.13333333333327
3790800.0	6.554854445162308	324.41166666666663	324.41166666666663
3794400.0	6.443662032525456	324.91166666666663	324.91166666666663
3798000.0	6.560524034069708	324.9866666666666	324.9866666666666
3801600.0	6.433737910121924	325.3133333333333	325.3133333333333
3805200.0	6.319376930425279	325.21666666666664	325.21666666666664
3808800.0	6.3712740965520105	325.0433333333333	325.0433333333333
3812400.0	6.396269092026077	325.12999999999994	325.12999999999994
3816000.0	6.749237669194911	325.16999999999996	325.16999999999996
3819600.0	6.920619059065962	324.16666666666663	324.16666666666663
3823200.0	6.962847121924675	324.3633333333333	324.3633333333333
3826800.0	6.7333030878024065	324.27166666666665	324.27166666666665
3830400.0	7.007839014088407	323.69333333333327	323.69333333333327
3834000.0	6.563457825475204	323.68833333333333	323.68833333333333
3837600.0	6.667614359512771	324.0283333333333	324.0283333333333
3841200.0	6.421760385585175	324.70833333333326	324.70833333333326
3844800.0	6.32366255144032	324.94999999999993	324.94999999999993
3848400.0	6.32366255144032	324.94999999999993	324.94999999999993
3852000.0	6.442103781518911	324.91999999999996	324.91999999999996
3855600.0	6.5547808330035195	324.8316666666666	324.8316666666666
3859200.0	6.357688240355535	325.02166666666665	325.02166666666665
3862800.0	6.175000000000002	325.35	325.35
3866400.0	6.175000000000002	325.35	325.35
3870000.0	6.3677132500611755	324.94333333333327	324.94333333333327
3873600.0	6.745966514459666	323.85	323.85
3877200.0	6.327708538320004	324.57666666666665	324.57666666666665
3880800.0	6.790464452250365	324.74666666666667	324.74666666666667
