#1
double tab1(4320,2)
0.0	-0.0
1800.0	-17242.225
3600.0	-14337.282
5400.0	-14606.421
7200.0	-14922.481
9000.0	-15057.316
10800.0	-14889.751
12600.0	-14659.063
14400.0	-14530.921
16200.0	-14385.304
18000.0	-13991.908
19800.0	-13557.724
21600.0	-13360.013
23400.0	-13131.156
25200.0	-12884.957
27000.0	-12634.356
28800.0	-12371.085
30600.0	-12100.91
32400.0	-11921.901
34200.0	-11738.319
36000.0	-11418.288
37800.0	-11068.718
39600.0	-10603.162
41400.0	-10110.607
43200.0	-9429.902
45000.0	-8710.182
46800.0	-8104.3525
48600.0	-7510.913
50400.0	-7693.97
52200.0	-7930.6533
54000.0	-8055.2783
55800.0	-8157.398
57600.0	-8208.204
59400.0	-8266.234
61200.0	-8321.948
63000.0	-8366.218
64800.0	-8446.171
66600.0	-8523.531
68400.0	-8331.955
70200.0	-8133.8135
72000.0	-8084.5884
73800.0	-8037.6694
75600.0	-8177.2383
77400.0	-8302.206
79200.0	-8513.864
81000.0	-8705.841
82800.0	-8849.068
84600.0	-8991.192
86400.0	-9089.388
88200.0	-9196.241
90000.0	-9304.399
91800.0	-9412.739
93600.0	-9840.925
95400.0	-10346.424
97200.0	-10604.438
99000.0	-10832.368
100800.0	-10864.982
102600.0	-10918.782
104400.0	-11047.637
106200.0	-11173.212
108000.0	-11322.375
109800.0	-11486.514
111600.0	-11986.28
113400.0	-12495.483
115200.0	-12470.875
117000.0	-12468.1875
118800.0	-12486.288
120600.0	-12429.881
122400.0	-12235.147
124200.0	-11997.171
126000.0	-11726.901
127800.0	-11411.011
129600.0	-10669.896
131400.0	-9638.896
133200.0	-8995.501
135000.0	-8665.277
136800.0	-8902.346
138600.0	-9277.625
140400.0	-9675.349
142200.0	-10050.426
144000.0	-10306.693
145800.0	-10560.131
147600.0	-11011.878
149400.0	-11425.908
151200.0	-11649.8545
153000.0	-11846.983
154800.0	-11997.538
156600.0	-12143.052
158400.0	-12251.328
160200.0	-12370.001
162000.0	-12606.426
163800.0	-12860.327
165600.0	-13078.216
167400.0	-13284.455
169200.0	-13373.55
171000.0	-13446.456
172800.0	-13691.093
174600.0	-13939.957
176400.0	-14140.719
178200.0	-14302.942
180000.0	-14358.18
181800.0	-14401.999
183600.0	-14471.3
185400.0	-14558.957
187200.0	-14884.323
189000.0	-15292.335
190800.0	-15485.541
192600.0	-15587.044
194400.0	-15478.149
196200.0	-15357.208
198000.0	-15406.471
199800.0	-15449.297
201600.0	-15362.191
203400.0	-15200.036
205200.0	-14825.238
207000.0	-14135.309
208800.0	-13081.078
210600.0	-11987.024
212400.0	-11017.818
214200.0	-10117.586
216000.0	-9428.182
217800.0	-8797.022
219600.0	-8463.63
221400.0	-8173.5596
223200.0	-8027.4053
225000.0	-8061.4854
226800.0	-8421.889
228600.0	-8956.471
230400.0	-9660.071
232200.0	-10313.594
234000.0	-10599.234
235800.0	-10861.894
237600.0	-11140.197
239400.0	-11401.782
241200.0	-11520.727
243000.0	-11608.997
244800.0	-11680.758
246600.0	-11754.472
248400.0	-11915.259
250200.0	-12096.946
252000.0	-12136.808
253800.0	-12164.506
255600.0	-12376.008
257400.0	-12686.015
259200.0	-13175.758
261000.0	-13678.3545
262800.0	-14074.514
264600.0	-14368.411
266400.0	-14400.147
268200.0	-14413.559
270000.0	-14528.093
271800.0	-14657.573
273600.0	-14841.892
275400.0	-15021.983
277200.0	-15169.992
279000.0	-15316.1875
280800.0	-15522.238
282600.0	-15683.908
284400.0	-15694.108
286200.0	-15712.599
288000.0	-15734.404
289800.0	-15740.928
291600.0	-15672.326
293400.0	-15545.532
295200.0	-15376.076
297000.0	-15166.365
298800.0	-14530.935
300600.0	-13547.211
302400.0	-12568.03
304200.0	-11492.89
306000.0	-10698.443
307800.0	-10162.847
309600.0	-9897.563
311400.0	-9942.454
313200.0	-10397.047
315000.0	-10984.659
316800.0	-11745.421
318600.0	-12549.702
320400.0	-12922.282
322200.0	-13042.7705
324000.0	-13330.128
325800.0	-13614.313
327600.0	-13928.158
329400.0	-14237.156
331200.0	-14402.39
333000.0	-14429.515
334800.0	-14344.49
336600.0	-14219.249
338400.0	-13989.863
340200.0	-13777.481
342000.0	-13751.207
343800.0	-13719.811
345600.0	-13638.461
347400.0	-13562.656
349200.0	-13538.364
351000.0	-13528.052
352800.0	-13538.883
354600.0	-13552.161
356400.0	-13597.161
358200.0	-13640.477
360000.0	-13524.5625
361800.0	-13386.2295
363600.0	-13369.462
365400.0	-13339.483
367200.0	-13321.106
369000.0	-13284.284
370800.0	-13178.362
372600.0	-13079.758
374400.0	-12978.306
376200.0	-12874.652
378000.0	-12683.699
379800.0	-12434.287
381600.0	-12164.968
383400.0	-11877.457
385200.0	-11476.172
387000.0	-11042.078
388800.0	-10735.326
390600.0	-10403.912
392400.0	-9954.957
394200.0	-9477.697
396000.0	-9277.136
397800.0	-9239.219
399600.0	-9749.247
401400.0	-10237.202
403200.0	-10475.103
405000.0	-10699.356
406800.0	-10789.097
408600.0	-10861.008
410400.0	-10821.251
412200.0	-10788.518
414000.0	-10724.251
415800.0	-10655.508
417600.0	-10484.956
419400.0	-10295.704
421200.0	-10500.402
423000.0	-10755.705
424800.0	-10427.484
426600.0	-10098.294
428400.0	-10389.278
430200.0	-10604.23
432000.0	-10656.792
433800.0	-10721.818
435600.0	-10710.362
437400.0	-10713.438
439200.0	-10715.816
441000.0	-10718.132
442800.0	-10598.025
444600.0	-10437.526
446400.0	-10353.598
448200.0	-10288.736
450000.0	-10440.345
451800.0	-10594.432
453600.0	-10570.43
455400.0	-10570.747
457200.0	-10609.065
459000.0	-10644.493
460800.0	-10663.29
462600.0	-10656.767
464400.0	-10520.225
466200.0	-10374.287
468000.0	-10188.62
469800.0	-9979.075
471600.0	-9720.312
473400.0	-9436.056
475200.0	-9177.571
477000.0	-8919.675
478800.0	-9004.545
480600.0	-9214.008
482400.0	-8976.749
484200.0	-8737.323
486000.0	-8813.357
487800.0	-8898.74
489600.0	-9155.049
491400.0	-9413.396
493200.0	-9782.051
495000.0	-10128.216
496800.0	-10285.899
498600.0	-10421.585
500400.0	-10493.265
502200.0	-10535.374
504000.0	-10407.727
505800.0	-10284.35
507600.0	-10242.915
509400.0	-10187.952
511200.0	-10131.302
513000.0	-10072.446
514800.0	-10270.162
516600.0	-10525.708
518400.0	-10152.249
520200.0	-9702.204
522000.0	-10173.557
523800.0	-10614.011
525600.0	-10292.01
527400.0	-10037.245
529200.0	-10015.438
531000.0	-9989.789
532800.0	-10159.423
534600.0	-10305.119
536400.0	-10343.993
538200.0	-10378.254
540000.0	-10336.434
541800.0	-10308.428
543600.0	-10278.978
545400.0	-10248.708
547200.0	-10158.868
549000.0	-10043.011
550800.0	-9891.372
552600.0	-9715.622
554400.0	-9397.59
556200.0	-9056.702
558000.0	-9020.903
559800.0	-8982.3
561600.0	-8793.362
563400.0	-8626.091
565200.0	-8445.978
567000.0	-8253.558
568800.0	-8153.2783
570600.0	-8067.675
572400.0	-7928.3057
574200.0	-7790.8574
576000.0	-7890.0854
577800.0	-7997.187
579600.0	-8144.848
581400.0	-8277.065
583200.0	-8394.033
585000.0	-8506.735
586800.0	-8656.742
588600.0	-8808.711
590400.0	-8908.651
592200.0	-9015.867
594000.0	-9256.305
595800.0	-9469.432
597600.0	-9684.197
599400.0	-9899.396
601200.0	-9917.558
603000.0	-9853.942
604800.0	-9753.498
606600.0	-9697.608
608400.0	-10013.428
610200.0	-10254.535
612000.0	-10502.36
613800.0	-10752.02
615600.0	-10949.283
617400.0	-11125.107
619200.0	-11361.455
621000.0	-11584.115
622800.0	-11627.998
624600.0	-11638.051
626400.0	-11640.759
628200.0	-11633.222
630000.0	-11500.661
631800.0	-11340.48
633600.0	-11403.863
635400.0	-11468.915
637200.0	-11367.849
639000.0	-11250.36
640800.0	-11080.596
642600.0	-10909.506
644400.0	-10864.702
646200.0	-10833.512
648000.0	-10619.727
649800.0	-10378.173
651600.0	-10440.8
653400.0	-10465.804
655200.0	-9553.685
657000.0	-8539.558
658800.0	-8899.082
660600.0	-9318.652
662400.0	-9326.813
664200.0	-9362.582
666000.0	-9722.725
667800.0	-10047.158
669600.0	-10209.24
671400.0	-10384.749
673200.0	-10744.049
675000.0	-11103.647
676800.0	-11277.545
678600.0	-11459.783
680400.0	-11611.142
682200.0	-11773.9795
684000.0	-11971.294
685800.0	-12166.028
687600.0	-12362.246
689400.0	-12559.812
691200.0	-12758.675
693000.0	-12958.789
694800.0	-12990.882
696600.0	-12911.694
698400.0	-12885.49
700200.0	-12854.384
702000.0	-12958.859
703800.0	-13114.762
705600.0	-13142.267
707400.0	-13165.383
709200.0	-13164.692
711000.0	-13152.662
712800.0	-13077.589
714600.0	-12995.673
716400.0	-12977.148
718200.0	-12965.403
720000.0	-12978.918
721800.0	-12991.703
723600.0	-12928.699
725400.0	-12792.762
727200.0	-12525.316
729000.0	-12158.495
730800.0	-11284.357
732600.0	-10272.732
734400.0	-10304.842
736200.0	-10397.451
738000.0	-9766.727
739800.0	-9221.152
741600.0	-9082.227
743400.0	-8937.525
745200.0	-8798.102
747000.0	-8644.412
748800.0	-8685.95
750600.0	-8751.139
752400.0	-8686.621
754200.0	-8614.799
756000.0	-8532.584
757800.0	-8446.307
759600.0	-8569.087
761400.0	-8703.554
763200.0	-8590.673
765000.0	-8494.263
766800.0	-8554.765
768600.0	-8589.402
770400.0	-8623.685
772200.0	-8658.186
774000.0	-8772.059
775800.0	-8890.627
777600.0	-8839.764
779400.0	-8789.2295
781200.0	-8926.409
783000.0	-9050.801
784800.0	-8934.375
786600.0	-8862.028
788400.0	-8786.561
790200.0	-8709.647
792000.0	-9092.895
793800.0	-9545.866
795600.0	-9886.182
797400.0	-10190.656
799200.0	-10264.669
801000.0	-10385.133
802800.0	-10504.544
804600.0	-10624.408
806400.0	-10872.883
808200.0	-11096.708
810000.0	-10794.109
811800.0	-10305.488
813600.0	-9792.033
815400.0	-9243.614
817200.0	-8825.361
819000.0	-8425.208
820800.0	-7906.044
822600.0	-7295.192
824400.0	-6694.94
826200.0	-6124.5747
828000.0	-5952.9707
829800.0	-6137.4424
831600.0	-6392.289
833400.0	-6819.5044
835200.0	-7631.587
837000.0	-8519.424
838800.0	-8879.043
840600.0	-9064.236
842400.0	-8885.061
844200.0	-8674.678
846000.0	-8996.466
847800.0	-9309.716
849600.0	-9215.301
851400.0	-9155.979
853200.0	-9221.844
855000.0	-9261.937
856800.0	-9220.815
858600.0	-9188.106
860400.0	-9151.298
862200.0	-9111.276
864000.0	-9089.792
865800.0	-9085.381
867600.0	-9277.012
869400.0	-9492.837
871200.0	-9588.744
873000.0	-9672.158
874800.0	-9614.38
876600.0	-9558.123
878400.0	-9700.117
880200.0	-9827.023
882000.0	-9880.25
883800.0	-9930.118
885600.0	-9905.563
887400.0	-9886.723
889200.0	-10011.432
891000.0	-10137.391
892800.0	-10299.378
894600.0	-10451.1455
896400.0	-10401.465
898200.0	-10305.871
900000.0	-10312.185
901800.0	-10297.836
903600.0	-10028.776
905400.0	-9722.043
907200.0	-9542.775
909000.0	-9384.511
910800.0	-9290.47
912600.0	-9193.935
914400.0	-9075.734
916200.0	-8948.735
918000.0	-8913.443
919800.0	-8931.925
921600.0	-9166.589
923400.0	-9406.494
925200.0	-9543.493
927000.0	-9673.024
928800.0	-9765.4375
930600.0	-9842.716
932400.0	-9845.604
934200.0	-9860.898
936000.0	-9875.026
937800.0	-9888.482
939600.0	-9844.65
941400.0	-9775.232
943200.0	-9598.943
945000.0	-9416.448
946800.0	-9509.404
948600.0	-9604.356
950400.0	-9511.743
952200.0	-9440.556
954000.0	-9496.247
955800.0	-9535.252
957600.0	-9537.02
959400.0	-9537.068
961200.0	-9456.575
963000.0	-9378.447
964800.0	-9645.664
966600.0	-9918.256
968400.0	-10056.723
970200.0	-10197.167
972000.0	-10261.19
973800.0	-10340.929
975600.0	-10420.491
977400.0	-10500.55
979200.0	-10505.725
981000.0	-10461.702
982800.0	-10277.022
984600.0	-10040.396
986400.0	-9927.41
988200.0	-9796.017
990000.0	-9154.937
991800.0	-8413.484
993600.0	-8249.67
995400.0	-8093.371
997200.0	-7723.7803
999000.0	-7125.8057
1000800.0	-7043.641
1002600.0	-7125.6562
1004400.0	-7509.2935
1006200.0	-7964.8896
1008000.0	-8292.555
1009800.0	-8573.513
1011600.0	-8979.0205
1013400.0	-9361.765
1015200.0	-9851.985
1017000.0	-10397.706
1018800.0	-10467.475
1020600.0	-10526.293
1022400.0	-10871.495
1024200.0	-11184.972
1026000.0	-11403.299
1027800.0	-11619.421
1029600.0	-11814.821
1031400.0	-11998.793
1033200.0	-12152.512
1035000.0	-12308.726
1036800.0	-12463.594
1038600.0	-12617.305
1040400.0	-12825.442
1042200.0	-13051.562
1044000.0	-13173.462
1045800.0	-13287.301
1047600.0	-13501.665
1049400.0	-13720.412
1051200.0	-13837.445
1053000.0	-13950.67
1054800.0	-14201.593
1056600.0	-14447.679
1058400.0	-14571.151
1060200.0	-14678.866
1062000.0	-14761.4375
1063800.0	-14844.654
1065600.0	-14927.991
1067400.0	-15002.157
1069200.0	-14639.96
1071000.0	-13811.682
1072800.0	-12621.566
1074600.0	-11402.219
1076400.0	-10773.243
1078200.0	-10243.171
1080000.0	-9459.393
1081800.0	-8686.095
1083600.0	-8507.845
1085400.0	-8307.572
1087200.0	-8209.287
1089000.0	-8284.869
1090800.0	-8857.775
1092600.0	-9630.405
1094400.0	-9839.099
1096200.0	-10105.041
1098000.0	-11048.526
1099800.0	-12053.876
1101600.0	-12794.034
1103400.0	-13459.344
1105200.0	-13840.264
1107000.0	-14082.548
1108800.0	-14200.943
1110600.0	-14322.7295
1112400.0	-14814.596
1114200.0	-15282.489
1116000.0	-15389.6045
1117800.0	-15512.855
1119600.0	-15632.388
1121400.0	-15748.564
1123200.0	-16008.791
1125000.0	-16347.676
1126800.0	-16598.045
1128600.0	-16820.45
1130400.0	-16937.254
1132200.0	-17035.299
1134000.0	-17245.25
1135800.0	-17437.629
1137600.0	-17506.975
1139400.0	-17570.512
1141200.0	-17657.744
1143000.0	-17756.107
1144800.0	-17937.46
1146600.0	-18125.459
1148400.0	-18217.883
1150200.0	-18296.465
1152000.0	-18362.475
1153800.0	-18399.23
1155600.0	-18315.748
1157400.0	-18128.031
1159200.0	-17877.094
1161000.0	-17615.287
1162800.0	-17419.975
1164600.0	-17229.518
1166400.0	-16986.762
1168200.0	-16759.082
1170000.0	-16578.58
1171800.0	-16398.059
1173600.0	-16184.558
1175400.0	-15970.632
1177200.0	-15870.34
1179000.0	-15846.095
1180800.0	-15848.64
1182600.0	-15922.452
1184400.0	-16095.805
1186200.0	-16230.877
1188000.0	-16336.854
1189800.0	-16443.842
1191600.0	-16544.387
1193400.0	-16603.576
1195200.0	-16532.053
1197000.0	-16435.73
1198800.0	-16378.103
1200600.0	-16327.53
1202400.0	-16316.569
1204200.0	-16337.629
1206000.0	-16408.75
1207800.0	-16478.836
1209600.0	-16516.277
1211400.0	-16554.686
1213200.0	-16617.066
1215000.0	-16696.445
1216800.0	-16830.6
1218600.0	-16972.943
1220400.0	-17050.385
1222200.0	-17124.729
1224000.0	-17271.512
1225800.0	-17414.66
1227600.0	-17434.709
1229400.0	-17447.686
1231200.0	-17525.973
1233000.0	-17612.266
1234800.0	-17736.129
1236600.0	-17843.77
1238400.0	-17892.578
1240200.0	-17943.951
1242000.0	-17976.686
1243800.0	-17973.875
1245600.0	-17849.512
1247400.0	-17645.488
1249200.0	-17471.895
1251000.0	-17277.809
1252800.0	-16840.533
1254600.0	-16160.324
1256400.0	-15059.356
1258200.0	-13856.804
1260000.0	-13367.15
1261800.0	-13444.022
1263600.0	-14048.767
1265400.0	-14767.91
1267200.0	-15648.971
1269000.0	-16443.547
1270800.0	-16843.564
1272600.0	-17106.648
1274400.0	-17276.068
1276200.0	-17424.258
1278000.0	-17527.027
1279800.0	-17606.4
1281600.0	-17665.941
1283400.0	-17715.19
1285200.0	-17744.48
1287000.0	-17750.605
1288800.0	-17702.975
1290600.0	-17642.73
1292400.0	-17600.521
1294200.0	-17579.148
1296000.0	-17621.979
1297800.0	-17695.424
1299600.0	-17784.707
1301400.0	-17871.998
1303200.0	-17959.447
1305000.0	-18047.006
1306800.0	-18077.955
1308600.0	-18094.305
1310400.0	-18174.55
1312200.0	-18266.197
1314000.0	-18385.88
1315800.0	-18502.447
1317600.0	-18526.738
1319400.0	-18546.207
1321200.0	-18634.6
1323000.0	-18719.307
1324800.0	-18803.877
1326600.0	-18887.744
1328400.0	-18909.908
1330200.0	-18780.498
1332000.0	-18416.953
1333800.0	-17973.414
1335600.0	-17539.975
1337400.0	-17048.645
1339200.0	-16369.265
1341000.0	-15588.464
1342800.0	-14744.889
1344600.0	-13894.725
1346400.0	-13129.578
1348200.0	-12558.921
1350000.0	-12540.114
1351800.0	-12684.613
1353600.0	-12909.05
1355400.0	-13167.656
1357200.0	-13542.014
1359000.0	-13884.277
1360800.0	-13987.38
1362600.0	-14068.6045
1364400.0	-14367.714
1366200.0	-14620.11
1368000.0	-14462.077
1369800.0	-14286.009
1371600.0	-14088.582
1373400.0	-13898.317
1375200.0	-13823.695
1377000.0	-13823.197
1378800.0	-13894.342
1380600.0	-13953.707
1382400.0	-14015.157
1384200.0	-14077.955
1386000.0	-14199.339
1387800.0	-14340.459
1389600.0	-14416.475
1391400.0	-14478.642
1393200.0	-14489.497
1395000.0	-14490.749
1396800.0	-14683.677
1398600.0	-14854.565
1400400.0	-14702.606
1402200.0	-14533.619
1404000.0	-14343.001
1405800.0	-14152.493
1407600.0	-13972.369
1409400.0	-13815.135
1411200.0	-13717.657
1413000.0	-13607.112
1414800.0	-13481.431
1416600.0	-13340.129
1418400.0	-13203.022
1420200.0	-13063.143
1422000.0	-12902.15
1423800.0	-12721.415
1425600.0	-12600.076
1427400.0	-12513.984
1429200.0	-12442.496
1431000.0	-12395.708
1432800.0	-12363.272
1434600.0	-12337.127
1436400.0	-12277.922
1438200.0	-12211.012
1440000.0	-12223.732
1441800.0	-12233.656
1443600.0	-12124.702
1445400.0	-12028.766
1447200.0	-11919.484
1449000.0	-11807.117
1450800.0	-11788.01
1452600.0	-11791.423
1454400.0	-11711.66
1456200.0	-11627.798
1458000.0	-11509.483
1459800.0	-11392.253
1461600.0	-11299.821
1463400.0	-11222.547
1465200.0	-11250.733
1467000.0	-11277.622
1468800.0	-11259.295
1470600.0	-11247.258
1472400.0	-11235.696
1474200.0	-11224.666
1476000.0	-11242.024
1477800.0	-11272.86
1479600.0	-11332.813
1481400.0	-11396.168
1483200.0	-11490.2705
1485000.0	-11590.441
1486800.0	-11450.848
1488600.0	-11276.7
1490400.0	-11791.317
1492200.0	-12348.6045
1494000.0	-12486.285
1495800.0	-12597.283
1497600.0	-12568.156
1499400.0	-12547.798
1501200.0	-12636.768
1503000.0	-12736.33
1504800.0	-12986.791
1506600.0	-13239.477
1508400.0	-13015.792
1510200.0	-12782.3545
1512000.0	-13049.77
1513800.0	-13329.162
1515600.0	-13468.463
1517400.0	-13597.1875
1519200.0	-13664.543
1521000.0	-13630.105
1522800.0	-12804.081
1524600.0	-11893.985
1526400.0	-12171.074
1528200.0	-12608.7
1530000.0	-12981.722
1531800.0	-13291.462
1533600.0	-13509.345
1535400.0	-13701.839
1537200.0	-13642.956
1539000.0	-13511.24
1540800.0	-13524.489
1542600.0	-13522.592
1544400.0	-13489.2
1546200.0	-13445.382
1548000.0	-13337.971
1549800.0	-13221.517
1551600.0	-13191.385
1553400.0	-13185.534
1555200.0	-13214.81
1557000.0	-13269.373
1558800.0	-13383.976
1560600.0	-13491.336
1562400.0	-13600.3545
1564200.0	-13710.674
1566000.0	-13788.645
1567800.0	-13867.089
1569600.0	-14071.039
1571400.0	-14294.219
1573200.0	-14444.22
1575000.0	-14591.783
1576800.0	-14725.306
1578600.0	-14838.367
1580400.0	-14848.209
1582200.0	-14826.098
1584000.0	-14924.261
1585800.0	-14954.903
1587600.0	-14438.475
1589400.0	-13660.218
1591200.0	-12886.746
1593000.0	-12142.99
1594800.0	-11676.446
1596600.0	-11421.903
1598400.0	-11560.442
1600200.0	-11778.339
1602000.0	-11652.032
1603800.0	-11512.432
1605600.0	-11386.023
1607400.0	-11278.722
1609200.0	-11414.378
1611000.0	-11647.457
1612800.0	-11669.907
1614600.0	-11687.82
1616400.0	-11933.014
1618200.0	-12146.028
1620000.0	-12067.802
1621800.0	-12021.575
1623600.0	-11971.731
1625400.0	-11919.364
1627200.0	-11892.057
1629000.0	-11874.65
1630800.0	-11850.489
1632600.0	-11824.796
1634400.0	-11797.851
1636200.0	-11769.913
1638000.0	-11606.723
1639800.0	-11370.537
1641600.0	-11126.368
1643400.0	-10875.179
1645200.0	-10581.28
1647000.0	-10274.636
1648800.0	-9917.942
1650600.0	-9543.114
1652400.0	-9317.718
1654200.0	-9102.565
1656000.0	-9060.075
1657800.0	-9007.057
1659600.0	-9097.539
1661400.0	-9165.999
1663200.0	-9183.775
1665000.0	-9204.164
1666800.0	-9183.052
1668600.0	-9164.91
1670400.0	-9195.172
1672200.0	-9223.59
1674000.0	-9144.359
1675800.0	-9049.985
1677600.0	-8999.307
1679400.0	-8939.937
1681200.0	-8877.325
1683000.0	-8818.8955
1684800.0	-8856.436
1686600.0	-8899.219
1688400.0	-8683.864
1690200.0	-8485.385
1692000.0	-8356.292
1693800.0	-8251.677
1695600.0	-8206.239
1697400.0	-8174.754
1699200.0	-8306.529
1701000.0	-8437.462
1702800.0	-8667.689
1704600.0	-8896.022
1706400.0	-8944.052
1708200.0	-8977.497
1710000.0	-8898.847
1711800.0	-8822.919
1713600.0	-9063.353
1715400.0	-9311.706
1717200.0	-9278.338
1719000.0	-9240.595
1720800.0	-9010.195
1722600.0	-8785.929
1724400.0	-8737.759
1726200.0	-8715.871
1728000.0	-9131.606
1729800.0	-9522.307
1731600.0	-9536.547
1733400.0	-9570.393
1735200.0	-9447.647
1737000.0	-9348.624
1738800.0	-9369.698
1740600.0	-9380.925
1742400.0	-9308.192
1744200.0	-9238.1875
1746000.0	-9236.486
1747800.0	-9246.61
1749600.0	-9384.55
1751400.0	-9543.883
1753200.0	-9918.309
1755000.0	-10284.999
1756800.0	-10306.015
1758600.0	-10333.537
1760400.0	-10506.688
1762200.0	-10581.081
1764000.0	-10174.978
1765800.0	-9700.026
1767600.0	-9450.657
1769400.0	-9212.951
1771200.0	-8961.471
1773000.0	-8621.086
1774800.0	-7942.0103
1776600.0	-7186.6235
1778400.0	-7643.042
1780200.0	-8605.548
1782000.0	-8340.374
1783800.0	-8073.686
1785600.0	-8595.761
1787400.0	-9154.88
1789200.0	-9719.134
1791000.0	-10174.628
1792800.0	-10274.897
1794600.0	-10367.246
1796400.0	-10490.656
1798200.0	-10618.343
1800000.0	-10813.821
1801800.0	-11001.149
1803600.0	-11079.215
1805400.0	-11167.281
1807200.0	-11252.206
1809000.0	-11335.052
1810800.0	-11457.745
1812600.0	-11620.38
1814400.0	-11824.106
1816200.0	-12037.622
1818000.0	-12280.044
1819800.0	-12521.741
1821600.0	-12695.312
1823400.0	-12873.028
1825200.0	-13120.961
1827000.0	-13364.139
1828800.0	-13608.764
1830600.0	-13854.644
1832400.0	-14019.063
1834200.0	-14100.439
1836000.0	-14152.084
1837800.0	-14205.367
1839600.0	-14255.193
1841400.0	-14302.547
1843200.0	-14346.629
1845000.0	-14385.347
1846800.0	-14320.564
1848600.0	-14150.683
1850400.0	-13961.237
1852200.0	-13734.086
1854000.0	-13415.201
1855800.0	-13080.581
1857600.0	-12797.978
1859400.0	-12515.158
1861200.0	-11878.384
1863000.0	-11247.541
1864800.0	-11423.196
1866600.0	-11683.96
1868400.0	-11847.025
1870200.0	-12023.952
1872000.0	-12133.711
1873800.0	-12232.737
1875600.0	-12789.046
1877400.0	-13372.045
1879200.0	-13394.055
1881000.0	-13438.158
1882800.0	-13480.481
1884600.0	-13520.216
1886400.0	-13557.915
1888200.0	-13593.46
1890000.0	-13694.772
1891800.0	-13903.502
1893600.0	-14293.545
1895400.0	-14687.942
1897200.0	-15015.442
1899000.0	-15344.801
1900800.0	-15667.575
1902600.0	-15961.274
1904400.0	-16079.098
1906200.0	-16138.406
1908000.0	-16344.1875
1909800.0	-16515.44
1911600.0	-16563.78
1913400.0	-16617.857
1915200.0	-16669.281
1917000.0	-16717.688
1918800.0	-16752.658
1920600.0	-16746.81
1922400.0	-16687.797
1924200.0	-16628.676
1926000.0	-16565.123
1927800.0	-16497.338
1929600.0	-16448.57
1931400.0	-16408.223
1933200.0	-16313.876
1935000.0	-16141.823
1936800.0	-15488.666
1938600.0	-14529.041
1940400.0	-13742.459
1942200.0	-13003.409
1944000.0	-12677.59
1945800.0	-12469.128
1947600.0	-11877.075
1949400.0	-11260.006
1951200.0	-11019.325
1953000.0	-11083.71
1954800.0	-11601.411
1956600.0	-12243.492
1958400.0	-12427.797
1960200.0	-12612.828
1962000.0	-13454.124
1963800.0	-14299.387
1965600.0	-14697.191
1967400.0	-14931.115
1969200.0	-14963.338
1971000.0	-14999.799
1972800.0	-15069.156
1974600.0	-15131.933
1976400.0	-15095.3125
1978200.0	-15048.872
1980000.0	-15159.946
1981800.0	-15278.764
1983600.0	-15333.901
1985400.0	-15366.045
1987200.0	-15260.781
1989000.0	-15173.001
1990800.0	-15283.142
1992600.0	-15375.378
1994400.0	-15467.216
1996200.0	-15559.0
1998000.0	-15496.198
1999800.0	-15409.883
2001600.0	-15981.391
2003400.0	-16638.46
2005200.0	-16778.791
2007000.0	-16886.77
2008800.0	-16921.54
2010600.0	-16968.873
2012400.0	-17042.936
2014200.0	-17113.428
2016000.0	-17183.129
2017800.0	-17242.217
2019600.0	-17093.422
2021400.0	-16737.375
2023200.0	-16125.509
2025000.0	-15555.865
2026800.0	-15351.496
2028600.0	-15151.042
2030400.0	-15179.836
2032200.0	-15255.146
2034000.0	-14819.108
2035800.0	-14271.335
2037600.0	-14472.577
2039400.0	-14752.723
2041200.0	-14696.555
2043000.0	-14689.35
2044800.0	-14933.819
2046600.0	-15296.634
2048400.0	-15772.148
2050200.0	-16219.485
2052000.0	-16408.264
2053800.0	-16532.748
2055600.0	-16606.525
2057400.0	-16697.357
2059200.0	-16980.895
2061000.0	-17308.719
2062800.0	-17544.695
2064600.0	-17734.87
2066400.0	-17683.207
2068200.0	-17584.42
2070000.0	-17844.37
2071800.0	-18078.838
2073600.0	-18054.064
2075400.0	-18035.377
2077200.0	-18038.07
2079000.0	-18053.03
2080800.0	-18299.715
2082600.0	-18577.0
2084400.0	-18540.191
2086200.0	-18513.441
2088000.0	-18585.283
2089800.0	-18649.777
2091600.0	-18685.014
2093400.0	-18768.008
2095200.0	-18961.158
2097000.0	-19148.428
2098800.0	-19337.39
2100600.0	-19528.383
2102400.0	-19585.678
2104200.0	-19472.254
2106000.0	-18938.998
2107800.0	-18109.557
2109600.0	-17211.76
2111400.0	-16354.043
2113200.0	-16029.072
2115000.0	-15891.165
2116800.0	-15474.773
2118600.0	-14997.775
2120400.0	-14825.483
2122200.0	-14797.682
2124000.0	-14406.748
2125800.0	-14057.349
2127600.0	-14618.841
2129400.0	-15421.26
2131200.0	-15960.377
2133000.0	-16490.797
2134800.0	-16954.094
2136600.0	-17289.97
2138400.0	-17389.707
2140200.0	-17490.111
2142000.0	-17584.447
2143800.0	-17675.957
2145600.0	-17634.094
2147400.0	-17588.844
2149200.0	-17790.316
2151000.0	-18007.121
2152800.0	-18142.0
2154600.0	-18285.193
2156400.0	-18607.432
2158200.0	-18951.543
2160000.0	-19121.02
2161800.0	-19244.787
2163600.0	-19314.533
2165400.0	-19351.549
2167200.0	-19275.346
2169000.0	-19188.951
2170800.0	-19320.201
2172600.0	-19462.152
2174400.0	-19427.482
2176200.0	-19399.95
2178000.0	-19462.99
2179800.0	-19525.709
2181600.0	-19520.672
2183400.0	-19514.79
2185200.0	-19719.314
2187000.0	-19949.324
2188800.0	-19986.316
2190600.0	-19994.701
2192400.0	-19929.904
2194200.0	-19770.867
2196000.0	-19346.38
2197800.0	-18888.693
2199600.0	-18706.242
2201400.0	-18537.27
2203200.0	-18325.275
2205000.0	-18105.2
2206800.0	-17624.234
2208600.0	-17084.66
2210400.0	-17010.002
2212200.0	-17038.504
2214000.0	-17105.404
2215800.0	-17242.451
2217600.0	-17481.42
2219400.0	-17773.691
2221200.0	-18211.092
2223000.0	-18633.629
2224800.0	-18845.229
2226600.0	-18965.094
2228400.0	-18983.441
2230200.0	-18995.219
2232000.0	-19040.227
2233800.0	-19081.404
2235600.0	-19120.21
2237400.0	-19156.762
2239200.0	-19303.354
2241000.0	-19535.375
2242800.0	-19766.1
2244600.0	-19988.076
2246400.0	-20099.955
2248200.0	-20192.99
2250000.0	-20359.93
2251800.0	-20526.72
2253600.0	-20695.004
2255400.0	-20804.51
2257200.0	-20810.23
2259000.0	-20819.191
2260800.0	-20825.426
2262600.0	-20828.658
2264400.0	-20905.385
2266200.0	-21015.385
2268000.0	-21044.283
2269800.0	-21014.492
2271600.0	-20828.191
2273400.0	-20617.014
2275200.0	-20574.57
2277000.0	-20517.658
2278800.0	-20283.371
2280600.0	-20010.572
2282400.0	-19889.215
2284200.0	-19725.31
2286000.0	-19316.441
2287800.0	-18848.19
2289600.0	-18362.736
2291400.0	-17861.418
2293200.0	-17406.547
2295000.0	-16996.055
2296800.0	-16567.455
2298600.0	-16183.264
2300400.0	-15997.839
2302200.0	-15961.276
2304000.0	-16329.684
2305800.0	-16806.82
2307600.0	-17047.387
2309400.0	-17244.312
2311200.0	-17312.969
2313000.0	-17367.57
2314800.0	-17416.812
2316600.0	-17465.879
2318400.0	-17495.256
2320200.0	-17501.207
2322000.0	-17466.38
2323800.0	-17404.693
2325600.0	-17312.879
2327400.0	-17175.484
2329200.0	-16896.338
2331000.0	-16598.361
2332800.0	-16395.252
2334600.0	-16199.268
2336400.0	-16025.862
2338200.0	-15846.189
2340000.0	-15663.712
2341800.0	-15478.415
2343600.0	-15397.158
2345400.0	-15364.512
2347200.0	-15262.5
2349000.0	-15176.868
2350800.0	-15158.338
2352600.0	-15133.424
2354400.0	-15109.929
2356200.0	-15087.758
2358000.0	-15012.477
2359800.0	-14915.009
2361600.0	-14857.818
2363400.0	-14806.718
2365200.0	-14801.488
2367000.0	-14800.856
2368800.0	-14735.093
2370600.0	-14605.637
2372400.0	-14269.461
2374200.0	-13904.106
2376000.0	-13650.626
2377800.0	-13436.716
2379600.0	-13380.575
2381400.0	-13363.132
2383200.0	-13386.8545
2385000.0	-13419.161
2386800.0	-13413.733
2388600.0	-13411.85
2390400.0	-13413.541
2392200.0	-13418.939
2394000.0	-13484.732
2395800.0	-13613.202
2397600.0	-13844.596
2399400.0	-14072.289
2401200.0	-14272.986
2403000.0	-14468.138
2404800.0	-14620.55
2406600.0	-14749.901
2408400.0	-14827.807
2410200.0	-14907.845
2412000.0	-15073.518
2413800.0	-15266.923
2415600.0	-15525.614
2417400.0	-15768.67
2419200.0	-15871.727
2421000.0	-15950.712
2422800.0	-16010.486
2424600.0	-16074.151
2426400.0	-16183.576
2428200.0	-16322.695
2430000.0	-16509.045
2431800.0	-16702.523
2433600.0	-16854.557
2435400.0	-16963.752
2437200.0	-16942.715
2439000.0	-16899.887
2440800.0	-16972.232
2442600.0	-17028.715
2444400.0	-16999.533
2446200.0	-16952.768
2448000.0	-16880.557
2449800.0	-16798.457
2451600.0	-16679.758
2453400.0	-16505.36
2455200.0	-16190.944
2457000.0	-15828.359
2458800.0	-15577.981
2460600.0	-15363.69
2462400.0	-15225.402
2464200.0	-15149.803
2466000.0	-15296.853
2467800.0	-15480.484
2469600.0	-15210.201
2471400.0	-14892.369
2473200.0	-14823.861
2475000.0	-14787.47
2476800.0	-14850.913
2478600.0	-15030.696
2480400.0	-15626.462
2482200.0	-16314.331
2484000.0	-16715.67
2485800.0	-17064.646
2487600.0	-17331.207
2489400.0	-17549.758
2491200.0	-17698.258
2493000.0	-17791.68
2494800.0	-17806.309
2496600.0	-17774.684
2498400.0	-17660.352
2500200.0	-17544.863
2502000.0	-17503.0
2503800.0	-17486.033
2505600.0	-17513.975
2507400.0	-17541.795
2509200.0	-17497.951
2511000.0	-17456.553
2512800.0	-17537.53
2514600.0	-17624.941
2516400.0	-17649.777
2518200.0	-17660.273
2520000.0	-17643.775
2521800.0	-17627.99
2523600.0	-17610.463
2525400.0	-17591.316
2527200.0	-17570.676
2529000.0	-17548.617
2530800.0	-17448.965
2532600.0	-17308.352
2534400.0	-17214.053
2536200.0	-17114.56
2538000.0	-16978.785
2539800.0	-16775.904
2541600.0	-16345.783
2543400.0	-15830.589
2545200.0	-15480.21
2547000.0	-15121.7705
2548800.0	-14395.796
2550600.0	-13589.259
2552400.0	-13208.084
2554200.0	-12973.538
2556000.0	-12977.295
2557800.0	-12976.976
2559600.0	-12990.582
2561400.0	-13003.476
2563200.0	-13049.29
2565000.0	-13112.325
2566800.0	-13160.304
2568600.0	-13195.234
2570400.0	-13250.285
2572200.0	-13308.053
2574000.0	-13324.996
2575800.0	-13347.615
2577600.0	-13365.431
2579400.0	-13393.148
2581200.0	-13455.3955
2583000.0	-13514.952
2584800.0	-13575.952
2586600.0	-13638.518
2588400.0	-13642.983
2590200.0	-13633.041
2592000.0	-13704.598
2593800.0	-13770.952
2595600.0	-13802.258
2597400.0	-13837.908
2599200.0	-13873.929
2601000.0	-13910.353
2602800.0	-14045.374
2604600.0	-14189.383
2606400.0	-14156.722
2608200.0	-14129.186
2610000.0	-14140.169
2611800.0	-14147.329
2613600.0	-14154.296
2615400.0	-14160.857
2617200.0	-14167.044
2619000.0	-14172.88
2620800.0	-14151.386
2622600.0	-14109.484
2624400.0	-14065.191
2626200.0	-13967.497
2628000.0	-13705.516
2629800.0	-13406.034
2631600.0	-13127.873
2633400.0	-12855.877
2635200.0	-12694.399
2637000.0	-12576.938
2638800.0	-12277.885
2640600.0	-11986.62
2642400.0	-11907.224
2644200.0	-11826.634
2646000.0	-11759.97
2647800.0	-11701.741
2649600.0	-11661.777
2651400.0	-11639.507
2653200.0	-11694.251
2655000.0	-11756.579
2656800.0	-11773.995
2658600.0	-11776.3125
2660400.0	-11795.414
2662200.0	-11814.236
2664000.0	-11830.383
2665800.0	-11845.667
2667600.0	-11828.039
2669400.0	-11802.721
2671200.0	-11849.493
2673000.0	-11891.443
2674800.0	-11831.215
2676600.0	-11775.211
2678400.0	-11709.144
2680200.0	-11643.477
2682000.0	-11588.829
2683800.0	-11541.497
2685600.0	-11540.502
2687400.0	-11543.636
2689200.0	-11505.383
2691000.0	-11469.067
2692800.0	-11522.191
2694600.0	-11577.929
2696400.0	-11579.723
2698200.0	-11586.819
2700000.0	-11610.518
2701800.0	-11637.764
2703600.0	-11703.073
2705400.0	-11773.22
2707200.0	-11754.878
2709000.0	-11723.15
2710800.0	-11820.399
2712600.0	-11896.984
2714400.0	-11811.868
2716200.0	-11733.313
2718000.0	-11704.2
2719800.0	-11657.547
2721600.0	-11535.336
2723400.0	-11418.1455
2725200.0	-11297.174
2727000.0	-11172.521
2728800.0	-10908.411
2730600.0	-10607.778
2732400.0	-10600.569
2734200.0	-10674.124
2736000.0	-10823.68
2737800.0	-10990.449
2739600.0	-11232.4795
2741400.0	-11491.271
2743200.0	-11618.28
2745000.0	-11688.862
2746800.0	-11974.783
2748600.0	-12277.266
2750400.0	-12324.59
2752200.0	-12375.922
2754000.0	-12582.372
2755800.0	-12774.455
2757600.0	-12831.075
2759400.0	-12891.202
2761200.0	-13023.757
2763000.0	-13152.676
2764800.0	-13216.514
2766600.0	-13275.106
2768400.0	-13432.994
2770200.0	-13598.825
2772000.0	-13659.345
2773800.0	-13664.365
2775600.0	-13574.022
2777400.0	-13458.769
2779200.0	-13266.625
2781000.0	-13093.692
2782800.0	-13056.4795
2784600.0	-12999.106
2786400.0	-12940.054
2788200.0	-12879.445
2790000.0	-12846.939
2791800.0	-12821.314
2793600.0	-12716.621
2795400.0	-12559.762
2797200.0	-12274.323
2799000.0	-11970.269
2800800.0	-11707.079
2802600.0	-11450.684
2804400.0	-11320.999
2806200.0	-11215.422
2808000.0	-11197.384
2809800.0	-11181.632
2811600.0	-11090.791
2813400.0	-10967.289
2815200.0	-10733.418
2817000.0	-10468.931
2818800.0	-10052.243
2820600.0	-9573.674
2822400.0	-9446.195
2824200.0	-9503.922
2826000.0	-10287.916
2827800.0	-11304.468
2829600.0	-11733.604
2831400.0	-12081.886
2833200.0	-12313.6
2835000.0	-12531.149
2836800.0	-12695.1
2838600.0	-12863.702
2840400.0	-13065.791
2842200.0	-13270.65
2844000.0	-13353.038
2845800.0	-13414.519
2847600.0	-13633.403
2849400.0	-13887.006
2851200.0	-14224.106
2853000.0	-14558.679
2854800.0	-14669.002
2856600.0	-14663.427
2858400.0	-14481.078
2860200.0	-14347.683
2862000.0	-14558.191
2863800.0	-14764.296
2865600.0	-14936.855
2867400.0	-15093.593
2869200.0	-15077.858
2871000.0	-15029.707
2872800.0	-15138.365
2874600.0	-15233.612
2876400.0	-15328.428
2878200.0	-15423.031
2880000.0	-15474.198
2881800.0	-15355.996
2883600.0	-14682.488
2885400.0	-13872.712
2887200.0	-13549.242
2889000.0	-13338.881
2890800.0	-13108.909
2892600.0	-12920.489
2894400.0	-12727.557
2896200.0	-12516.834
2898000.0	-12290.016
2899800.0	-12056.451
2901600.0	-11778.657
2903400.0	-11512.005
2905200.0	-11418.321
2907000.0	-11386.735
2908800.0	-11470.839
2910600.0	-11571.911
2912400.0	-11749.367
2914200.0	-11907.985
2916000.0	-12052.381
2917800.0	-12187.896
2919600.0	-12239.154
2921400.0	-12259.267
2923200.0	-12329.877
2925000.0	-12404.775
2926800.0	-12519.731
2928600.0	-12624.749
2930400.0	-12660.6875
2932200.0	-12705.232
2934000.0	-12749.437
2935800.0	-12793.693
2937600.0	-12887.375
2939400.0	-13012.549
2941200.0	-13141.733
2943000.0	-13296.272
2944800.0	-13589.3955
2946600.0	-13918.673
2948400.0	-14186.207
2950200.0	-14423.695
2952000.0	-14399.957
2953800.0	-14343.071
2955600.0	-14592.186
2957400.0	-14867.173
2959200.0	-15188.8545
2961000.0	-15513.627
2962800.0	-15745.171
2964600.0	-15864.143
2966400.0	-15726.61
2968200.0	-15315.894
2970000.0	-14429.219
2971800.0	-13321.708
2973600.0	-12211.674
2975400.0	-11198.868
2977200.0	-10620.973
2979000.0	-10119.499
2980800.0	-9671.17
2982600.0	-9211.822
2984400.0	-9014.917
2986200.0	-8898.602
2988000.0	-8817.017
2989800.0	-8799.099
2991600.0	-8801.094
2993400.0	-8858.517
2995200.0	-9232.725
2997000.0	-9853.422
2998800.0	-10505.616
3000600.0	-11102.979
3002400.0	-11612.225
3004200.0	-12093.825
3006000.0	-12437.443
3007800.0	-12677.962
3009600.0	-12938.827
3011400.0	-13202.135
3013200.0	-13465.785
3015000.0	-13729.58
3016800.0	-13847.987
3018600.0	-13876.782
3020400.0	-13981.152
3022200.0	-14077.5
3024000.0	-14123.222
3025800.0	-14136.012
3027600.0	-14057.99
3029400.0	-13975.13
3031200.0	-14081.699
3033000.0	-14254.768
3034800.0	-14493.887
3036600.0	-14724.639
3038400.0	-14891.485
3040200.0	-15062.177
3042000.0	-15300.487
3043800.0	-15537.458
3045600.0	-15715.69
3047400.0	-15886.306
3049200.0	-16042.515
3051000.0	-16176.839
3052800.0	-16091.49
3054600.0	-15720.387
3056400.0	-14912.188
3058200.0	-13792.672
3060000.0	-12394.335
3061800.0	-10948.849
3063600.0	-10318.554
3065400.0	-9833.286
3067200.0	-8401.887
3069000.0	-6797.3945
3070800.0	-5844.929
3072600.0	-4994.753
3074400.0	-4891.912
3076200.0	-4819.0845
3078000.0	-4422.9077
3079800.0	-3905.3296
3081600.0	-4311.4717
3083400.0	-4981.4365
3085200.0	-6290.5415
3087000.0	-7490.4053
3088800.0	-8112.443
3090600.0	-8641.584
3092400.0	-8637.257
3094200.0	-8646.118
3096000.0	-8899.925
3097800.0	-9153.933
3099600.0	-9611.902
3101400.0	-10066.031
3103200.0	-9937.847
3105000.0	-9728.554
3106800.0	-9849.647
3108600.0	-10022.814
3110400.0	-10445.268
3112200.0	-10854.788
3114000.0	-11187.3545
3115800.0	-11477.105
3117600.0	-11402.172
3119400.0	-11291.51
3121200.0	-11601.94
3123000.0	-11877.251
3124800.0	-12152.953
3126600.0	-12429.51
3128400.0	-12738.685
3130200.0	-13053.608
3132000.0	-13250.35
3133800.0	-13369.071
3135600.0	-13450.375
3137400.0	-13437.037
3139200.0	-13250.647
3141000.0	-13063.917
3142800.0	-12844.856
3144600.0	-12601.6875
3146400.0	-12363.758
3148200.0	-12115.111
3150000.0	-11824.973
3151800.0	-11505.794
3153600.0	-11197.707
3155400.0	-10928.792
3157200.0	-10892.531
3159000.0	-10950.005
3160800.0	-10951.177
3162600.0	-10948.77
3164400.0	-10970.341
3166200.0	-10995.751
3168000.0	-11035.635
3169800.0	-11080.335
3171600.0	-11018.991
3173400.0	-10933.887
3175200.0	-10804.495
3177000.0	-10673.1
3178800.0	-10594.694
3180600.0	-10534.313
3182400.0	-10541.329
3184200.0	-10541.463
3186000.0	-10499.504
3187800.0	-10460.631
3189600.0	-10459.58
3191400.0	-10458.772
3193200.0	-10420.698
3195000.0	-10379.51
3196800.0	-10443.0
3198600.0	-10522.142
3200400.0	-10315.662
3202200.0	-10107.005
3204000.0	-10382.353
3205800.0	-10584.999
3207600.0	-10743.877
3209400.0	-10913.682
3211200.0	-11186.895
3213000.0	-11467.389
3214800.0	-11670.432
3216600.0	-11881.637
3218400.0	-12128.519
3220200.0	-12380.817
3222000.0	-12576.221
3223800.0	-12704.141
3225600.0	-12632.189
3227400.0	-12441.402
3229200.0	-12020.381
3231000.0	-11527.842
3232800.0	-11289.687
3234600.0	-11191.947
3236400.0	-11271.32
3238200.0	-11324.079
3240000.0	-11369.113
3241800.0	-11416.345
3243600.0	-11266.164
3245400.0	-11033.195
3247200.0	-10967.733
3249000.0	-10920.613
3250800.0	-11003.986
3252600.0	-11076.679
3254400.0	-11016.963
3256200.0	-10973.211
3258000.0	-10982.214
3259800.0	-10980.221
3261600.0	-10800.728
3263400.0	-10584.607
3265200.0	-10333.723
3267000.0	-10081.571
3268800.0	-9819.657
3270600.0	-9548.776
3272400.0	-9295.759
3274200.0	-9050.383
3276000.0	-9016.279
3277800.0	-8974.579
3279600.0	-8870.998
3281400.0	-8772.095
3283200.0	-8989.243
3285000.0	-9185.077
3286800.0	-9403.18
3288600.0	-9612.815
3290400.0	-10123.905
3292200.0	-10634.791
3294000.0	-10216.217
3295800.0	-9752.695
3297600.0	-9724.659
3299400.0	-9649.54
3301200.0	-9665.627
3303000.0	-9665.307
3304800.0	-9537.452
3306600.0	-9418.885
3308400.0	-9344.58
3310200.0	-9267.552
3312000.0	-9070.534
3313800.0	-8853.185
3315600.0	-8527.46
3317400.0	-8192.093
3319200.0	-7909.331
3321000.0	-7623.2905
3322800.0	-7269.8657
3324600.0	-6900.837
3326400.0	-7143.274
3328200.0	-7388.7124
3330000.0	-7125.8047
3331800.0	-6883.694
3333600.0	-6819.1035
3335400.0	-6771.6553
3337200.0	-6978.7646
3339000.0	-7179.009
3340800.0	-7215.539
3342600.0	-7259.7446
3344400.0	-7447.7285
3346200.0	-7635.6865
3348000.0	-8058.471
3349800.0	-8449.915
3351600.0	-9090.115
3353400.0	-9686.491
3355200.0	-9872.354
3357000.0	-10026.5
3358800.0	-10023.033
3360600.0	-10051.894
3362400.0	-10221.785
3364200.0	-10385.877
3366000.0	-10579.36
3367800.0	-10775.846
3369600.0	-11003.726
3371400.0	-11234.938
3373200.0	-11450.449
3375000.0	-11638.788
3376800.0	-11723.733
3378600.0	-11778.554
3380400.0	-11813.719
3382200.0	-11850.584
3384000.0	-11885.54
3385800.0	-11918.528
3387600.0	-12096.92
3389400.0	-12316.81
3391200.0	-12339.984
3393000.0	-12366.644
3394800.0	-12466.364
3396600.0	-12564.475
3398400.0	-12515.669
3400200.0	-12324.0205
3402000.0	-11760.914
3403800.0	-11029.827
3405600.0	-10818.125
3407400.0	-10652.474
3409200.0	-9821.72
3411000.0	-8931.535
3412800.0	-8298.338
3414600.0	-7670.71
3416400.0	-7306.9272
3418200.0	-7059.423
3420000.0	-6642.2754
3421800.0	-6265.463
3423600.0	-6304.5693
3425400.0	-6547.83
3427200.0	-6928.0044
3429000.0	-7397.8535
3430800.0	-8123.3677
3432600.0	-8890.622
3434400.0	-9456.242
3436200.0	-9992.517
3438000.0	-10270.763
3439800.0	-10518.261
3441600.0	-10913.969
3443400.0	-11325.998
3445200.0	-11889.571
3447000.0	-12356.349
3448800.0	-12461.275
3450600.0	-12583.248
3452400.0	-12705.926
3454200.0	-12823.786
3456000.0	-13114.6875
3457800.0	-13441.404
3459600.0	-13554.029
3461400.0	-13655.623
3463200.0	-13727.768
3465000.0	-13801.213
3466800.0	-13899.449
3468600.0	-13997.459
3470400.0	-14059.466
3472200.0	-14115.797
3474000.0	-14260.399
3475800.0	-14418.247
3477600.0	-14490.854
3479400.0	-14522.549
3481200.0	-14481.871
3483000.0	-14420.144
3484800.0	-14311.584
3486600.0	-14098.08
3488400.0	-13220.645
3490200.0	-12096.758
3492000.0	-11584.188
3493800.0	-11189.132
3495600.0	-11066.659
3497400.0	-11076.125
3499200.0	-11310.17
3501000.0	-11570.587
3502800.0	-11541.32
3504600.0	-11473.036
3506400.0	-11266.962
3508200.0	-11082.518
3510000.0	-10986.254
3511800.0	-10881.33
3513600.0	-10759.855
3515400.0	-10630.134
3517200.0	-10544.611
3519000.0	-10494.367
3520800.0	-11450.565
3522600.0	-12640.355
3524400.0	-13027.457
3526200.0	-13294.735
3528000.0	-13238.343
3529800.0	-13211.285
3531600.0	-13364.527
3533400.0	-13551.505
3535200.0	-13853.647
3537000.0	-14150.336
3538800.0	-14351.498
3540600.0	-14553.361
3542400.0	-14859.229
3544200.0	-15164.966
3546000.0	-15338.571
3547800.0	-15461.841
3549600.0	-15507.507
3551400.0	-15561.102
3553200.0	-15718.674
3555000.0	-15912.274
3556800.0	-16151.6875
3558600.0	-16391.025
3560400.0	-16600.895
3562200.0	-16808.592
3564000.0	-17127.113
3565800.0	-17484.127
3567600.0	-17688.625
3569400.0	-17740.41
3571200.0	-17502.877
3573000.0	-16962.602
3574800.0	-15859.776
3576600.0	-14579.683
3578400.0	-13611.015
3580200.0	-12742.039
3582000.0	-12083.76
3583800.0	-11496.083
3585600.0	-10870.458
3587400.0	-10150.342
3589200.0	-9700.773
3591000.0	-9419.115
3592800.0	-8982.748
3594600.0	-8524.342
3596400.0	-8284.883
3598200.0	-8362.153
3600000.0	-8990.337
3601800.0	-9740.733
3603600.0	-10434.844
3605400.0	-11089.144
3607200.0	-11917.966
3609000.0	-12863.997
3610800.0	-13524.562
3612600.0	-14166.557
3614400.0	-14758.072
3616200.0	-15268.93
3618000.0	-15626.872
3619800.0	-15941.733
3621600.0	-16232.168
3623400.0	-16491.713
3625200.0	-16653.635
3627000.0	-16720.922
3628800.0	-16670.12
3630600.0	-16601.244
3632400.0	-16623.998
3634200.0	-16699.674
3636000.0	-16926.072
3637800.0	-17164.047
3639600.0	-17200.055
3641400.0	-17229.295
3643200.0	-17425.795
3645000.0	-17612.838
3646800.0	-17665.635
3648600.0	-17667.379
3650400.0	-17607.092
3652200.0	-17517.908
3654000.0	-17377.082
3655800.0	-17217.213
3657600.0	-17028.395
3659400.0	-16621.67
3661200.0	-15482.135
3663000.0	-14015.459
3664800.0	-12727.125
3666600.0	-11506.937
3668400.0	-10679.909
3670200.0	-10278.593
3672000.0	-10167.851
3673800.0	-10018.399
3675600.0	-10222.653
3677400.0	-10593.096
3679200.0	-11020.004
3681000.0	-11355.315
3682800.0	-11400.349
3684600.0	-11456.979
3686400.0	-11520.679
3688200.0	-11594.563
3690000.0	-11844.315
3691800.0	-12104.141
3693600.0	-12065.591
3695400.0	-12014.263
3697200.0	-11927.725
3699000.0	-11849.858
3700800.0	-11865.265
3702600.0	-11886.7295
3704400.0	-11870.082
3706200.0	-11844.489
3708000.0	-11749.108
3709800.0	-11654.037
3711600.0	-11635.3955
3713400.0	-11605.762
3715200.0	-11575.823
3717000.0	-11544.929
3718800.0	-11639.736
3720600.0	-11762.177
3722400.0	-11712.955
3724200.0	-11632.001
3726000.0	-11451.679
3727800.0	-11282.08
3729600.0	-11145.846
3731400.0	-11003.82
3733200.0	-10821.013
3735000.0	-10633.09
3736800.0	-10497.288
3738600.0	-10386.306
3740400.0	-10398.454
3742200.0	-10383.027
3744000.0	-10364.594
3745800.0	-10329.289
3747600.0	-10132.222
3749400.0	-9873.125
3751200.0	-9618.492
3753000.0	-9376.322
3754800.0	-9154.201
3756600.0	-8932.086
3758400.0	-8827.29
3760200.0	-8738.138
3762000.0	-8394.553
3763800.0	-8009.207
3765600.0	-8038.2197
3767400.0	-8117.4956
3769200.0	-8227.522
3771000.0	-8311.086
3772800.0	-8485.799
3774600.0	-8696.967
3776400.0	-9000.311
3778200.0	-9304.236
3780000.0	-9470.679
3781800.0	-9621.954
3783600.0	-10212.396
3785400.0	-10849.03
3787200.0	-11034.581
3789000.0	-11208.602
3790800.0	-11306.329
3792600.0	-11415.979
3794400.0	-11561.332
3796200.0	-11700.071
3798000.0	-11714.667
3799800.0	-11710.014
3801600.0	-11775.962
3803400.0	-11849.725
3805200.0	-11952.592
3807000.0	-12050.479
3808800.0	-12148.122
3810600.0	-12245.296
3812400.0	-12373.506
3814200.0	-12505.928
3816000.0	-12580.455
3817800.0	-12634.569
3819600.0	-12662.336
3821400.0	-12692.144
3823200.0	-12720.377
3825000.0	-12747.016
3826800.0	-12747.725
3828600.0	-12730.833
3830400.0	-12697.898
3832200.0	-12625.279
3834000.0	-12419.375
3835800.0	-12151.284
3837600.0	-11823.952
3839400.0	-11481.25
3841200.0	-11249.361
3843000.0	-11046.538
3844800.0	-10323.924
3846600.0	-9519.842
3848400.0	-9654.05
3850200.0	-9757.895
3852000.0	-9811.846
3853800.0	-9917.951
3855600.0	-9732.812
3857400.0	-9507.612
3859200.0	-9801.869
3861000.0	-10118.873
3862800.0	-10242.549
3864600.0	-10349.656
3866400.0	-10263.225
3868200.0	-10173.113
3870000.0	-10039.25
3871800.0	-9903.455
3873600.0	-9730.337
3875400.0	-9546.319
3877200.0	-9280.05
3879000.0	-9000.547
3880800.0	-8878.892
3882600.0	-8760.33
3884400.0	-8758.245
3886200.0	-8755.132
3888000.0	-8933.56
3889800.0	-9082.931
3891600.0	-9179.691
3893400.0	-9282.98
3895200.0	-9388.355
3897000.0	-9493.495
3898800.0	-9989.035
3900600.0	-10529.222
3902400.0	-10337.855
3904200.0	-10181.093
3906000.0	-10297.542
3907800.0	-10375.335
3909600.0	-10336.582
3911400.0	-10308.945
3913200.0	-10399.245
3915000.0	-10480.745
3916800.0	-10477.9795
3918600.0	-10448.526
3920400.0	-10365.949
3922200.0	-10252.819
3924000.0	-9973.377
3925800.0	-9649.244
3927600.0	-9378.389
3929400.0	-9108.7705
3931200.0	-9365.975
3933000.0	-9685.683
3934800.0	-9376.277
3936600.0	-9130.666
3938400.0	-8911.537
3940200.0	-8719.515
3942000.0	-8874.164
3943800.0	-9102.338
3945600.0	-9181.815
3947400.0	-9264.903
3949200.0	-9489.442
3951000.0	-9756.781
3952800.0	-10091.507
3954600.0	-10415.462
3956400.0	-10622.971
3958200.0	-10761.756
3960000.0	-10688.345
3961800.0	-10616.735
3963600.0	-10616.1
3965400.0	-10617.603
3967200.0	-10666.898
3969000.0	-10737.474
3970800.0	-10907.572
3972600.0	-11119.981
3974400.0	-11478.676
3976200.0	-11847.455
3978000.0	-11885.282
3979800.0	-11889.776
3981600.0	-12202.608
3983400.0	-12509.827
3985200.0	-12528.821
3987000.0	-12561.568
3988800.0	-12877.254
3990600.0	-13178.6875
3992400.0	-13373.053
3994200.0	-13578.519
3996000.0	-13785.105
3997800.0	-13992.413
3999600.0	-14148.006
4001400.0	-14225.938
4003200.0	-14104.117
4005000.0	-13875.48
4006800.0	-13731.865
4008600.0	-13570.494
4010400.0	-13071.965
4012200.0	-12482.257
4014000.0	-12556.307
4015800.0	-12689.5625
4017600.0	-12238.084
4019400.0	-11660.072
4021200.0	-10852.81
4023000.0	-9952.105
4024800.0	-10655.398
4026600.0	-11899.517
4028400.0	-11299.428
4030200.0	-10677.698
4032000.0	-11740.309
4033800.0	-12776.435
4035600.0	-12505.183
4037400.0	-12303.318
4039200.0	-12699.021
4041000.0	-13029.32
4042800.0	-13268.199
4044600.0	-13476.758
4046400.0	-13597.158
4048200.0	-13724.056
4050000.0	-13848.614
4051800.0	-13971.467
4053600.0	-13976.157
4055400.0	-13949.434
4057200.0	-14061.587
4059000.0	-14179.514
4060800.0	-14317.861
4062600.0	-14460.841
4064400.0	-14429.515
4066200.0	-14348.015
4068000.0	-15043.697
4069800.0	-15809.552
4071600.0	-15485.139
4073400.0	-15155.69
4075200.0	-15224.49
4077000.0	-15322.527
4078800.0	-15562.058
4080600.0	-15789.665
4082400.0	-15626.6045
4084200.0	-15398.393
4086000.0	-15571.92
4087800.0	-15738.839
4089600.0	-15572.457
4091400.0	-15094.696
4093200.0	-14299.377
4095000.0	-13441.553
4096800.0	-12605.677
4098600.0	-11888.071
4100400.0	-11982.464
4102200.0	-12341.416
4104000.0	-12069.873
4105800.0	-11674.412
4107600.0	-11092.946
4109400.0	-10480.751
4111200.0	-9744.383
4113000.0	-8963.71
4114800.0	-8536.855
4116600.0	-8548.492
4118400.0	-8820.805
4120200.0	-9311.124
4122000.0	-10165.675
4123800.0	-10965.8545
4125600.0	-11478.095
4127400.0	-11882.418
4129200.0	-12061.269
4131000.0	-12150.174
4132800.0	-12327.828
4134600.0	-12484.083
4136400.0	-12575.584
4138200.0	-12670.681
4140000.0	-12762.742
4141800.0	-12852.054
4143600.0	-13040.466
4145400.0	-13335.601
4147200.0	-13708.691
4149000.0	-14089.016
4150800.0	-14473.777
4152600.0	-14740.974
4154400.0	-14667.47
4156200.0	-14543.858
4158000.0	-14476.253
4159800.0	-14401.386
4161600.0	-14149.141
4163400.0	-13726.958
4165200.0	-12819.367
4167000.0	-11827.122
4168800.0	-11698.622
4170600.0	-11552.743
4172400.0	-11005.661
4174200.0	-10483.98
4176000.0	-10434.411
4177800.0	-10314.1
4179600.0	-10255.986
4181400.0	-10170.0205
4183200.0	-10258.068
4185000.0	-10358.491
4186800.0	-9888.205
4188600.0	-9365.443
4190400.0	-9353.264
4192200.0	-9297.348
4194000.0	-9271.205
4195800.0	-9238.89
4197600.0	-9131.651
4199400.0	-9035.954
4201200.0	-9321.884
4203000.0	-9677.308
4204800.0	-9248.506
4206600.0	-8711.558
4208400.0	-9547.6455
4210200.0	-10379.109
4212000.0	-10235.267
4213800.0	-10136.122
4215600.0	-10637.735
4217400.0	-11068.721
4219200.0	-10975.81
4221000.0	-10925.102
4222800.0	-10998.379
4224600.0	-11054.098
4226400.0	-11110.039
4228200.0	-11165.542
4230000.0	-11244.318
4231800.0	-11339.555
4233600.0	-11697.144
4235400.0	-12076.732
4237200.0	-12034.49
4239000.0	-11973.625
4240800.0	-11861.62
4242600.0	-11756.703
4244400.0	-11719.773
4246200.0	-11724.798
4248000.0	-11821.059
4249800.0	-11901.135
4251600.0	-11982.29
4253400.0	-12064.084
4255200.0	-12057.745
4257000.0	-12024.407
4258800.0	-12079.606
4260600.0	-12125.799
4262400.0	-12160.412
4264200.0	-12159.166
4266000.0	-12106.598
4267800.0	-11997.372
4269600.0	-11407.436
4271400.0	-10562.605
4273200.0	-10203.602
4275000.0	-9922.488
4276800.0	-9377.911
4278600.0	-8744.691
4280400.0	-9674.747
4282200.0	-11070.7
4284000.0	-10231.887
4285800.0	-9278.55
4287600.0	-9352.621
4289400.0	-9646.016
4291200.0	-10555.954
4293000.0	-11456.8125
4294800.0	-11492.573
4296600.0	-11552.684
4298400.0	-11832.805
4300200.0	-12063.412
4302000.0	-12222.841
4303800.0	-12385.724
4305600.0	-12723.811
4307400.0	-13099.965
4309200.0	-13301.452
4311000.0	-13483.828
4312800.0	-13603.193
4314600.0	-13738.944
4316400.0	-13996.445
4318200.0	-14255.676
4320000.0	-14476.808
4321800.0	-14700.519
4323600.0	-14924.198
4325400.0	-15147.844
4327200.0	-15394.209
4329000.0	-15657.816
4330800.0	-15959.256
4332600.0	-16239.805
4334400.0	-16355.943
4336200.0	-16436.79
4338000.0	-16570.094
4339800.0	-16695.045
4341600.0	-16734.762
4343400.0	-16750.07
4345200.0	-16860.105
4347000.0	-16984.523
4348800.0	-16908.268
4350600.0	-16374.491
4352400.0	-15270.55
4354200.0	-14086.481
4356000.0	-13073.736
4357800.0	-12148.385
4359600.0	-11377.059
4361400.0	-10841.158
4363200.0	-10717.302
4365000.0	-10537.851
4366800.0	-9816.948
4368600.0	-9144.734
4370400.0	-9038.357
4372200.0	-9096.817
4374000.0	-9999.379
4375800.0	-10980.25
4377600.0	-10902.686
4379400.0	-10824.575
4381200.0	-10998.439
4383000.0	-11223.877
4384800.0	-11657.467
4386600.0	-12229.349
4388400.0	-13091.372
4390200.0	-13974.275
4392000.0	-14568.209
4393800.0	-15096.156
4395600.0	-15533.706
4397400.0	-15937.264
4399200.0	-16279.611
4401000.0	-16599.578
4402800.0	-16888.686
4404600.0	-17137.174
4406400.0	-17308.111
4408200.0	-17471.662
4410000.0	-17662.035
4411800.0	-17855.236
4413600.0	-18072.771
4415400.0	-18289.322
4417200.0	-18459.121
4419000.0	-18590.348
4420800.0	-18673.527
4422600.0	-18749.111
4424400.0	-18854.46
4426200.0	-18955.836
4428000.0	-18980.15
4429800.0	-18960.504
4431600.0	-18907.934
4433400.0	-18762.633
4435200.0	-18194.953
4437000.0	-17162.02
4438800.0	-15802.522
4440600.0	-14350.95
4442400.0	-12982.853
4444200.0	-11848.553
4446000.0	-11311.599
4447800.0	-10889.589
4449600.0	-10346.08
4451400.0	-9712.891
4453200.0	-9632.497
4455000.0	-9859.47
4456800.0	-9431.712
4458600.0	-9068.318
4460400.0	-9543.037
4462200.0	-10089.5625
4464000.0	-10374.157
4465800.0	-10652.184
4467600.0	-10822.111
4469400.0	-10998.013
4471200.0	-11311.153
4473000.0	-11596.0625
4474800.0	-11723.379
4476600.0	-11864.376
4478400.0	-12016.842
4480200.0	-12149.703
4482000.0	-12217.541
4483800.0	-12291.976
4485600.0	-12361.513
4487400.0	-12433.993
4489200.0	-12533.708
4491000.0	-12637.19
4492800.0	-12737.218
4494600.0	-12836.509
4496400.0	-13158.222
4498200.0	-13560.309
4500000.0	-13631.178
4501800.0	-13686.169
4503600.0	-14054.433
4505400.0	-14377.243
4507200.0	-14356.948
4509000.0	-14325.067
4510800.0	-14253.74
4512600.0	-14207.866
4514400.0	-14251.407
4516200.0	-14283.059
4518000.0	-14313.078
4519800.0	-14341.33
4521600.0	-14276.951
4523400.0	-14089.555
4525200.0	-13796.163
4527000.0	-13493.396
4528800.0	-13203.257
4530600.0	-12904.965
4532400.0	-12764.332
4534200.0	-12675.314
4536000.0	-12375.9795
4537800.0	-12000.754
4539600.0	-11419.696
4541400.0	-10760.389
4543200.0	-9902.551
4545000.0	-9104.559
4546800.0	-9299.664
4548600.0	-9682.558
4550400.0	-9903.304
4552200.0	-10154.533
4554000.0	-10486.911
4555800.0	-10830.54
4557600.0	-11122.998
4559400.0	-11370.504
4561200.0	-11507.237
4563000.0	-11622.751
4564800.0	-11715.028
4566600.0	-11811.484
4568400.0	-11907.46
4570200.0	-12003.096
4572000.0	-12098.382
4573800.0	-12193.346
4575600.0	-12248.656
4577400.0	-12309.499
4579200.0	-12756.001
4581000.0	-13346.9375
4582800.0	-13806.436
4584600.0	-14096.403
4586400.0	-13950.461
4588200.0	-13790.095
4590000.0	-13664.986
4591800.0	-13550.856
4593600.0	-13660.089
4595400.0	-13822.642
4597200.0	-13773.761
4599000.0	-13737.337
4600800.0	-13730.592
4602600.0	-13723.858
4604400.0	-13742.677
4606200.0	-13765.46
4608000.0	-13702.829
4609800.0	-13549.007
4611600.0	-13227.97
4613400.0	-12773.687
4615200.0	-12124.54
4617000.0	-11393.963
4618800.0	-10500.338
4620600.0	-9572.705
4622400.0	-8886.761
4624200.0	-8232.214
4626000.0	-7803.9033
4627800.0	-7601.5405
4629600.0	-7789.92
4631400.0	-8085.4185
4633200.0	-8317.682
4635000.0	-8553.776
4636800.0	-8782.76
4638600.0	-9004.404
4640400.0	-9522.852
4642200.0	-10079.446
4644000.0	-9833.546
4645800.0	-9546.008
4647600.0	-9675.629
4649400.0	-9773.875
4651200.0	-9988.199
4653000.0	-10179.373
4654800.0	-10223.028
4656600.0	-10278.903
4658400.0	-10375.636
4660200.0	-10468.479
4662000.0	-10505.463
4663800.0	-10519.1045
4665600.0	-10474.892
4667400.0	-10424.254
4669200.0	-10331.053
4671000.0	-10246.096
4672800.0	-10235.661
4674600.0	-10212.492
4676400.0	-10183.98
4678200.0	-10159.744
4680000.0	-10173.372
4681800.0	-10180.352
4683600.0	-10187.1
4685400.0	-10193.512
4687200.0	-10144.546
4689000.0	-10068.208
4690800.0	-9922.726
4692600.0	-9777.8
4694400.0	-9704.875
4696200.0	-9614.734
4698000.0	-9440.264
4699800.0	-9245.072
4701600.0	-8949.82
4703400.0	-8647.56
4705200.0	-8385.497
4707000.0	-8124.3906
4708800.0	-7537.095
4710600.0	-6901.3306
4712400.0	-6941.742
4714200.0	-7011.158
4716000.0	-7262.0244
4717800.0	-7476.8726
4719600.0	-7466.5903
4721400.0	-7458.3877
4723200.0	-7545.155
4725000.0	-7652.1274
4726800.0	-7563.6943
4728600.0	-7468.5977
4730400.0	-7516.177
4732200.0	-7533.321
4734000.0	-7588.669
4735800.0	-7636.5107
4737600.0	-7681.8384
4739400.0	-7727.0063
4741200.0	-7772.076
4743000.0	-7816.995
4744800.0	-7900.1226
4746600.0	-7987.3057
4748400.0	-8071.7285
4750200.0	-8154.032
4752000.0	-8270.455
4753800.0	-8393.812
4755600.0	-8554.391
4757400.0	-8711.007
4759200.0	-8792.96
4761000.0	-8870.509
4762800.0	-8916.779
4764600.0	-8963.159
4766400.0	-8976.659
4768200.0	-8986.333
4770000.0	-8959.993
4771800.0	-8933.03
4773600.0	-8939.1455
4775400.0	-8952.966
4777200.0	-9079.72
4779000.0	-9247.982
4780800.0	-9661.5
4782600.0	-10072.935
4784400.0	-10659.052
4786200.0	-11132.165
4788000.0	-10895.879
4789800.0	-10503.853
4791600.0	-10040.376
4793400.0	-9639.542
4795200.0	-9724.982
4797000.0	-9902.642
4798800.0	-9868.052
4800600.0	-9819.863
4802400.0	-9681.649
4804200.0	-9543.835
4806000.0	-9579.719
4807800.0	-9662.822
4809600.0	-9097.826
4811400.0	-8453.688
4813200.0	-8908.338
4815000.0	-9609.277
4816800.0	-10515.354
4818600.0	-11360.938
4820400.0	-12139.615
4822200.0	-12869.493
4824000.0	-13350.902
4825800.0	-13755.733
4827600.0	-14131.477
4829400.0	-14475.26
4831200.0	-14736.644
4833000.0	-14945.113
4834800.0	-15080.709
4836600.0	-15209.997
4838400.0	-15373.48
4840200.0	-15581.671
4842000.0	-15880.824
4843800.0	-16199.733
4845600.0	-16575.566
4847400.0	-16888.467
4849200.0	-17032.373
4851000.0	-17183.639
4852800.0	-17331.955
4854600.0	-17476.852
4856400.0	-17550.504
4858200.0	-17513.162
4860000.0	-17303.63
4861800.0	-17067.209
4863600.0	-16958.447
4865400.0	-16845.717
4867200.0	-16685.385
4869000.0	-16289.016
4870800.0	-15425.93
4872600.0	-14475.952
4874400.0	-13502.101
4876200.0	-12485.685
4878000.0	-12105.565
4879800.0	-11891.235
4881600.0	-10821.721
4883400.0	-9709.301
4885200.0	-8809.376
4887000.0	-7925.4443
4888800.0	-7293.8696
4890600.0	-6866.7617
4892400.0	-6564.307
4894200.0	-6459.1157
4896000.0	-6637.945
4897800.0	-7042.705
4899600.0	-8063.4126
4901400.0	-9037.61
4903200.0	-9869.785
4905000.0	-10577.498
4906800.0	-11135.504
4908600.0	-11607.537
4910400.0	-12113.96
4912200.0	-12597.022
4914000.0	-12948.665
4915800.0	-13222.298
4917600.0	-13470.183
4919400.0	-13720.5625
4921200.0	-13969.322
4923000.0	-14216.876
4924800.0	-14316.606
4926600.0	-14329.235
4928400.0	-14416.127
4930200.0	-14487.8545
4932000.0	-14524.019
4933800.0	-14558.757
4935600.0	-14588.79
4937400.0	-14614.3955
4939200.0	-14635.887
4941000.0	-14653.486
4942800.0	-14685.437
4944600.0	-14738.727
4946400.0	-14888.281
4948200.0	-15073.949
4950000.0	-15225.161
4951800.0	-15232.37
4953600.0	-14573.07
4955400.0	-13629.324
4957200.0	-13003.755
4959000.0	-12323.917
4960800.0	-10619.084
4962600.0	-8593.421
4964400.0	-7231.905
4966200.0	-5830.9355
4968000.0	-4668.385
4969800.0	-3472.7239
4971600.0	-2704.724
4973400.0	-2016.1483
4975200.0	-1700.1014
4977000.0	-1416.6582
4978800.0	-1109.561
4980600.0	-832.4477
4982400.0	-906.7543
4984200.0	-1158.6039
4986000.0	-2066.1375
4987800.0	-3180.511
4989600.0	-3793.431
4991400.0	-4326.205
4993200.0	-4677.068
4995000.0	-4997.4146
4996800.0	-4992.009
4998600.0	-5012.0854
5000400.0	-5082.481
5002200.0	-5155.809
5004000.0	-5466.7466
5005800.0	-5786.7334
5007600.0	-6237.8164
5009400.0	-6668.9297
5011200.0	-7370.419
5013000.0	-8075.3247
5014800.0	-8395.576
5016600.0	-8643.151
5018400.0	-8688.553
5020200.0	-8753.85
5022000.0	-8931.734
5023800.0	-9096.483
5025600.0	-9048.656
5027400.0	-8992.462
5029200.0	-9060.499
5031000.0	-9106.933
5032800.0	-9152.853
5034600.0	-9196.095
5036400.0	-9236.684
5038200.0	-9274.201
5040000.0	-9320.689
5041800.0	-9367.984
5043600.0	-9489.637
5045400.0	-9621.777
5047200.0	-9609.443
5049000.0	-9572.468
5050800.0	-9712.372
5052600.0	-9829.808
5054400.0	-9677.375
5056200.0	-9525.208
5058000.0	-9435.567
5059800.0	-9362.838
5061600.0	-9768.749
5063400.0	-10236.047
5065200.0	-9662.431
5067000.0	-8993.838
5068800.0	-9027.106
5070600.0	-9125.072
5072400.0	-9547.424
5074200.0	-10061.253
5076000.0	-10131.891
5077800.0	-10142.865
5079600.0	-10186.941
5081400.0	-10240.756
5083200.0	-10506.26
5085000.0	-10798.77
5086800.0	-10692.994
5088600.0	-10589.39
5090400.0	-10677.479
5092200.0	-10738.507
5094000.0	-10780.12
5095800.0	-10822.804
5097600.0	-10904.068
5099400.0	-10977.521
5101200.0	-10966.334
5103000.0	-10956.179
5104800.0	-10939.582
5106600.0	-10920.567
5108400.0	-10867.698
5110200.0	-10797.195
5112000.0	-10612.563
5113800.0	-10411.348
5115600.0	-10516.786
5117400.0	-10639.566
5119200.0	-10508.469
5121000.0	-10406.887
5122800.0	-10352.594
5124600.0	-10293.68
5126400.0	-10074.835
5128200.0	-9795.192
5130000.0	-9779.036
5131800.0	-9740.932
5133600.0	-9340.518
5135400.0	-8962.703
5137200.0	-8681.018
5139000.0	-8464.576
5140800.0	-8799.822
5142600.0	-9243.217
5144400.0	-8562.012
5146200.0	-7789.2344
5148000.0	-7803.11
5149800.0	-7763.992
5151600.0	-7358.6104
5153400.0	-7007.467
5155200.0	-7214.855
5157000.0	-7459.0757
5158800.0	-7788.173
5160600.0	-8154.8994
5162400.0	-8905.406
5164200.0	-9668.941
5166000.0	-9402.516
5167800.0	-9077.174
5169600.0	-9360.695
5171400.0	-9569.266
5173200.0	-9776.348
5175000.0	-9984.65
5176800.0	-10026.662
5178600.0	-10046.746
5180400.0	-10378.716
5182200.0	-10686.917
5184000.0	-10976.906
5185800.0	-11240.673
5187600.0	-11409.354
5189400.0	-11591.313
5191200.0	-11772.9795
5193000.0	-11954.155
5194800.0	-12163.076
5196600.0	-12381.546
5198400.0	-12564.018
5200200.0	-12743.761
5202000.0	-12954.915
5203800.0	-13171.897
5205600.0	-13279.23
5207400.0	-13342.06
5209200.0	-13695.309
5211000.0	-13983.91
5212800.0	-13502.478
5214600.0	-12712.306
5216400.0	-11841.737
5218200.0	-10963.929
5220000.0	-10566.297
5221800.0	-10315.092
5223600.0	-9411.228
5225400.0	-8489.07
5227200.0	-8035.743
5229000.0	-7565.2505
5230800.0	-6837.8306
5232600.0	-6116.9453
5234400.0	-6539.836
5236200.0	-7304.1895
5238000.0	-7634.03
5239800.0	-8112.3193
5241600.0	-8664.797
5243400.0	-9169.152
5245200.0	-9374.624
5247000.0	-9599.546
5248800.0	-9824.141
5250600.0	-10040.428
5252400.0	-10116.04
5254200.0	-10103.06
5256000.0	-9947.719
5257800.0	-9683.303
5259600.0	-9082.45
5261400.0	-8429.006
5263200.0	-7926.799
5265000.0	-7402.416
5266800.0	-7256.437
5268600.0	-7091.3174
5270400.0	-7067.5684
5272200.0	-7027.908
5274000.0	-7027.7485
5275800.0	-7030.233
5277600.0	-7607.161
5279400.0	-8146.626
5281200.0	-8224.804
5283000.0	-8374.769
5284800.0	-8526.853
5286600.0	-8678.841
5288400.0	-8829.976
5290200.0	-8981.071
5292000.0	-9099.442
5293800.0	-9212.423
5295600.0	-9400.027
5297400.0	-9587.182
5299200.0	-9459.844
5301000.0	-9073.818
5302800.0	-8338.332
5304600.0	-7556.3794
5306400.0	-7265.3555
5308200.0	-7038.5205
5310000.0	-6874.9775
5311800.0	-6752.11
5313600.0	-6218.47
5315400.0	-5390.8335
5317200.0	-5348.0146
5319000.0	-5655.053
5320800.0	-4965.8643
5322600.0	-4076.3088
5324400.0	-4457.4473
5326200.0	-4895.9507
5328000.0	-5029.6016
5329800.0	-5176.48
5331600.0	-5573.0415
5333400.0	-5960.738
5335200.0	-6391.7686
5337000.0	-6842.19
5338800.0	-7852.0186
5340600.0	-8969.497
5342400.0	-9300.76
5344200.0	-9612.708
5346000.0	-9863.199
5347800.0	-10072.486
5349600.0	-10115.724
5351400.0	-10129.862
5353200.0	-10084.53
5355000.0	-10032.131
5356800.0	-10452.7705
5358600.0	-10982.052
5360400.0	-11060.133
5362200.0	-11163.878
5364000.0	-11322.171
5365800.0	-11498.659
5367600.0	-11760.096
5369400.0	-12024.666
5371200.0	-12254.165
5373000.0	-12479.245
5374800.0	-12883.486
5376600.0	-13273.449
5378400.0	-13191.804
5380200.0	-13015.3
5382000.0	-13121.942
5383800.0	-13100.687
5385600.0	-12213.223
5387400.0	-10992.891
5389200.0	-9911.326
5391000.0	-8881.037
5392800.0	-8184.3755
5394600.0	-7603.2744
5396400.0	-6752.2812
5398200.0	-5881.1006
5400000.0	-5654.987
5401800.0	-5347.0415
5403600.0	-5001.082
5405400.0	-4692.101
5407200.0	-4617.2686
5409000.0	-4578.2666
5410800.0	-4473.1367
5412600.0	-4347.396
5414400.0	-4301.4023
5416200.0	-4245.454
5418000.0	-4251.362
5419800.0	-4273.257
5421600.0	-4606.674
5423400.0	-4958.3945
5425200.0	-5396.3433
5427000.0	-5796.8535
5428800.0	-5937.19
5430600.0	-6067.862
5432400.0	-6012.624
5434200.0	-5975.594
5436000.0	-5896.7983
5437800.0	-5816.587
5439600.0	-5903.109
5441400.0	-6007.472
5443200.0	-6784.1416
5445000.0	-7432.69
5446800.0	-7939.56
5448600.0	-8427.951
5450400.0	-8493.42
5452200.0	-8508.134
5454000.0	-8756.806
5455800.0	-8998.643
5457600.0	-9350.224
5459400.0	-9690.492
5461200.0	-9935.555
5463000.0	-10169.456
5464800.0	-10358.356
5466600.0	-10529.899
5468400.0	-10631.423
5470200.0	-10614.953
5472000.0	-10172.398
5473800.0	-9508.666
5475600.0	-8817.78
5477400.0	-8121.174
5479200.0	-7467.25
5481000.0	-6818.036
5482800.0	-6166.7676
5484600.0	-5542.987
5486400.0	-5076.126
5488200.0	-4563.211
5490000.0	-4236.296
5491800.0	-4026.9846
5493600.0	-4034.8623
5495400.0	-4097.8574
5497200.0	-4312.894
5499000.0	-4646.847
5500800.0	-4941.0654
5502600.0	-5091.442
5504400.0	-5435.164
5506200.0	-5813.9966
5508000.0	-6379.5938
5509800.0	-6969.813
5511600.0	-7398.489
5513400.0	-7769.0513
5515200.0	-8096.165
5517000.0	-8355.644
5518800.0	-8461.285
5520600.0	-8584.848
5522400.0	-8702.773
5524200.0	-8816.929
5526000.0	-8904.338
5527800.0	-8970.134
5529600.0	-8979.139
5531400.0	-8968.749
5533200.0	-9036.065
5535000.0	-9145.463
5536800.0	-9562.958
5538600.0	-10014.295
5540400.0	-9992.331
5542200.0	-9911.166
5544000.0	-9672.49
5545800.0	-9448.448
5547600.0	-9422.181
5549400.0	-9399.238
5551200.0	-9436.125
5553000.0	-9465.234
5554800.0	-9525.821
5556600.0	-9582.863
5558400.0	-9466.758
5560200.0	-9323.042
5562000.0	-9421.562
5563800.0	-9467.095
5565600.0	-9519.353
5567400.0	-9586.454
5569200.0	-9537.228
5571000.0	-9451.102
5572800.0	-9503.371
5574600.0	-9533.196
5576400.0	-9551.642
5578200.0	-9554.305
5580000.0	-9546.006
5581800.0	-9550.9795
5583600.0	-9578.207
5585400.0	-9612.468
5587200.0	-9652.491
5589000.0	-9696.452
5590800.0	-9767.206
5592600.0	-9852.131
5594400.0	-9973.126
5596200.0	-10089.259
5598000.0	-10118.062
5599800.0	-10137.979
5601600.0	-10209.26
5603400.0	-10265.925
5605200.0	-10203.11
5607000.0	-10158.164
5608800.0	-10108.555
5610600.0	-10056.483
5612400.0	-10094.76
5614200.0	-10158.547
5616000.0	-10127.648
5617800.0	-10103.209
5619600.0	-10191.8125
5621400.0	-10274.676
5623200.0	-10316.579
5625000.0	-10360.782
5626800.0	-10416.993
5628600.0	-10505.619
5630400.0	-10821.036
5632200.0	-11153.595
5634000.0	-11441.708
5635800.0	-11719.032
5637600.0	-11860.468
5639400.0	-11964.682
5641200.0	-12201.574
5643000.0	-12397.137
5644800.0	-12039.4
5646600.0	-11309.707
5648400.0	-10384.733
5650200.0	-9396.888
5652000.0	-8940.882
5653800.0	-8657.126
5655600.0	-7818.4033
5657400.0	-7023.5586
5659200.0	-6781.7925
5661000.0	-6547.3896
5662800.0	-6853.303
5664600.0	-7212.5034
5666400.0	-6911.7197
5668200.0	-6621.789
5670000.0	-6470.2974
5671800.0	-6351.9595
5673600.0	-6394.8833
5675400.0	-6534.693
5677200.0	-6827.932
5679000.0	-7199.485
5680800.0	-7807.154
5682600.0	-8406.01
5684400.0	-8776.469
5686200.0	-9087.693
5688000.0	-9242.425
5689800.0	-9404.271
5691600.0	-9622.442
5693400.0	-9862.065
5695200.0	-10192.979
5697000.0	-10522.354
5698800.0	-10813.813
5700600.0	-11110.679
5702400.0	-11436.071
5704200.0	-11769.446
5706000.0	-12136.459
5707800.0	-12500.223
5709600.0	-12581.816
5711400.0	-12583.539
5713200.0	-12800.612
5715000.0	-12999.367
5716800.0	-13196.8955
5718600.0	-13393.612
5720400.0	-13523.008
5722200.0	-13595.391
5724000.0	-13640.744
5725800.0	-13657.423
5727600.0	-13614.566
5729400.0	-13421.611
5731200.0	-12840.871
5733000.0	-12062.117
5734800.0	-11240.274
5736600.0	-10390.5
5738400.0	-9335.887
5740200.0	-8219.788
5742000.0	-7664.4604
5743800.0	-7167.039
5745600.0	-6238.4307
5747400.0	-5281.714
5749200.0	-5393.3657
5751000.0	-5592.228
5752800.0	-5963.0376
5754600.0	-6357.7803
5756400.0	-6250.458
5758200.0	-5960.7793
5760000.0	-6010.428
5761800.0	-6096.22
5763600.0	-6268.6753
5765400.0	-6474.8237
5767200.0	-7110.4907
5769000.0	-7819.342
5770800.0	-7985.159
5772600.0	-8102.8027
5774400.0	-8449.38
5776200.0	-8785.247
5778000.0	-8825.573
5779800.0	-8872.735
5781600.0	-9230.168
5783400.0	-9553.055
5785200.0	-9839.345
5787000.0	-10131.021
5788800.0	-10455.861
5790600.0	-10783.774
5792400.0	-11004.538
5794200.0	-11128.432
5796000.0	-11154.68
5797800.0	-11190.344
5799600.0	-11220.614
5801400.0	-11246.823
5803200.0	-11485.29
5805000.0	-11764.112
5806800.0	-11698.72
5808600.0	-11645.435
5810400.0	-11668.43
5812200.0	-11678.574
5814000.0	-11684.933
5815800.0	-11681.432
5817600.0	-11485.577
5819400.0	-11194.644
5821200.0	-11032.153
5823000.0	-10851.1875
5824800.0	-10655.4
5826600.0	-10444.224
5828400.0	-10428.181
5830200.0	-10506.598
5832000.0	-10414.714
5833800.0	-10160.485
5835600.0	-9401.024
5837400.0	-8583.073
5839200.0	-7819.675
5841000.0	-7050.6187
5842800.0	-6703.709
5844600.0	-6476.789
5846400.0	-6488.898
5848200.0	-6701.236
5850000.0	-7264.3525
5851800.0	-7875.864
5853600.0	-8460.776
5855400.0	-9019.241
5857200.0	-9516.856
5859000.0	-9974.603
5860800.0	-10186.012
5862600.0	-10396.52
5864400.0	-10658.715
5866200.0	-10914.311
5868000.0	-11143.383
5869800.0	-11364.333
5871600.0	-11563.287
5873400.0	-11750.816
5875200.0	-11881.96
5877000.0	-12002.678
5878800.0	-12276.177
5880600.0	-12580.358
5882400.0	-12709.655
5884200.0	-12821.937
5886000.0	-13207.929
5887800.0	-13602.544
5889600.0	-13532.564
5891400.0	-13444.057
5893200.0	-13616.182
5895000.0	-13766.257
5896800.0	-13884.761
5898600.0	-13997.686
5900400.0	-14059.964
5902200.0	-13941.8545
5904000.0	-13175.78
5905800.0	-12062.629
5907600.0	-11146.923
5909400.0	-10232.473
5911200.0	-9286.029
5913000.0	-8354.369
5914800.0	-7535.9106
5916600.0	-6844.848
5918400.0	-6564.967
5920200.0	-6205.799
5922000.0	-5561.5854
5923800.0	-4895.8853
5925600.0	-4190.3784
5927400.0	-3576.056
5929200.0	-3035.8235
5931000.0	-2614.027
5932800.0	-2800.7734
5934600.0	-3561.4639
5936400.0	-4332.7427
5938200.0	-5176.907
5940000.0	-5795.7754
5941800.0	-6315.151
5943600.0	-7183.2964
5945400.0	-8086.361
5947200.0	-8427.506
5949000.0	-8814.379
5950800.0	-9237.442
5952600.0	-9671.322
5954400.0	-10273.799
5956200.0	-10921.333
5958000.0	-11388.951
5959800.0	-11797.787
5961600.0	-12106.164
5963400.0	-12421.643
5965200.0	-12799.543
5967000.0	-13173.58
5968800.0	-13530.579
5970600.0	-13858.865
5972400.0	-14131.967
5974200.0	-14405.879
5976000.0	-14677.418
5977800.0	-14946.203
5979600.0	-15240.438
5981400.0	-15539.381
5983200.0	-15715.685
5985000.0	-15812.989
5986800.0	-15848.327
5988600.0	-15623.537
5990400.0	-13877.667
5992200.0	-11561.881
5994000.0	-10106.017
5995800.0	-8677.441
5997600.0	-7491.884
5999400.0	-6459.919
6001200.0	-5925.946
6003000.0	-5361.3535
6004800.0	-4809.995
6006600.0	-4164.397
6008400.0	-3565.2573
6010200.0	-3030.7317
6012000.0	-2607.0737
6013800.0	-2239.659
6015600.0	-1925.38
6017400.0	-1680.6509
6019200.0	-1612.5691
6021000.0	-1804.2518
6022800.0	-2372.9045
6024600.0	-3088.1719
6026400.0	-4124.901
6028200.0	-5144.646
6030000.0	-5745.398
6031800.0	-6313.51
6033600.0	-6758.7163
6035400.0	-7201.492
6037200.0	-8033.4863
6039000.0	-8964.292
6040800.0	-9504.191
6042600.0	-9905.965
6044400.0	-9965.402
6046200.0	-10060.654
6048000.0	-10669.513
6049800.0	-11279.848
6051600.0	-11793.398
6053400.0	-12283.529
6055200.0	-12693.111
6057000.0	-13047.967
6058800.0	-13332.885
6060600.0	-13614.423
6062400.0	-13930.084
6064200.0	-14237.331
6066000.0	-14427.652
6067800.0	-14537.176
6069600.0	-14594.831
6071400.0	-14622.68
6073200.0	-14568.318
6075000.0	-14367.429
6076800.0	-13116.294
6078600.0	-11502.046
6080400.0	-10388.83
6082200.0	-9226.262
6084000.0	-7677.194
6085800.0	-6162.704
6087600.0	-5252.4146
6089400.0	-4478.879
6091200.0	-4404.9253
6093000.0	-4232.8247
6094800.0	-3229.5674
6096600.0	-2278.885
6098400.0	-1822.182
6100200.0	-1474.7195
6102000.0	-1479.6194
6103800.0	-1641.4978
6105600.0	-1681.4618
6107400.0	-1781.9838
6109200.0	-2118.2412
6111000.0	-2627.0833
6112800.0	-3798.4575
6114600.0	-4950.8804
6116400.0	-5681.802
6118200.0	-6409.8604
6120000.0	-7095.6455
6121800.0	-7770.637
6123600.0	-8358.602
6125400.0	-8901.13
6127200.0	-9417.714
6129000.0	-9920.421
6130800.0	-10398.246
6132600.0	-10827.275
6134400.0	-11178.563
6136200.0	-11533.886
6138000.0	-11894.052
6139800.0	-12240.973
6141600.0	-12533.416
6143400.0	-12809.859
6145200.0	-13090.158
6147000.0	-13367.538
6148800.0	-13557.28
6150600.0	-13609.769
6152400.0	-13462.069
6154200.0	-13294.362
6156000.0	-13261.672
6157800.0	-13210.479
6159600.0	-13105.138
6161400.0	-12939.343
6163200.0	-12591.3
6165000.0	-12137.891
6166800.0	-11850.422
6168600.0	-11577.766
6170400.0	-11100.465
6172200.0	-10443.045
6174000.0	-9382.255
6175800.0	-8170.059
6177600.0	-7283.8496
6179400.0	-6486.0605
6181200.0	-6218.59
6183000.0	-5924.487
6184800.0	-5694.422
6186600.0	-5524.175
6188400.0	-5473.913
6190200.0	-5518.843
6192000.0	-5268.6855
6193800.0	-4952.3486
6195600.0	-5008.655
6197400.0	-5245.8516
6199200.0	-6014.642
6201000.0	-6729.5693
6202800.0	-7248.7188
6204600.0	-7717.5776
6206400.0	-8074.7886
6208200.0	-8396.147
6210000.0	-8656.842
6211800.0	-8885.755
6213600.0	-8999.967
6215400.0	-9101.255
6217200.0	-9346.448
6219000.0	-9640.718
6220800.0	-10072.175
6222600.0	-10512.44
6224400.0	-10719.803
6226200.0	-10910.073
6228000.0	-11366.378
6229800.0	-11800.629
6231600.0	-11998.6875
6233400.0	-12208.288
6235200.0	-12455.918
6237000.0	-12696.658
6238800.0	-12852.727
6240600.0	-12984.488
6242400.0	-13216.564
6244200.0	-13460.049
6246000.0	-13519.905
6247800.0	-13408.876
6249600.0	-12962.741
6251400.0	-12167.359
6253200.0	-11060.46
6255000.0	-9821.383
6256800.0	-8361.195
6258600.0	-7024.9717
6260400.0	-6446.5083
6262200.0	-5799.5547
6264000.0	-5191.749
6265800.0	-4463.7456
6267600.0	-3711.2556
6269400.0	-3053.5544
6271200.0	-2670.4119
6273000.0	-2407.5952
6274800.0	-2303.4897
6276600.0	-2259.4426
6278400.0	-2360.9773
6280200.0	-2634.931
6282000.0	-3137.988
6283800.0	-3838.3398
6285600.0	-4978.329
6287400.0	-6142.3413
6289200.0	-6876.784
6291000.0	-7489.6255
6292800.0	-7874.7197
6294600.0	-8276.65
6296400.0	-8739.205
6298200.0	-9166.4375
6300000.0	-9467.819
6301800.0	-9780.19
6303600.0	-10089.912
6305400.0	-10397.558
6307200.0	-10823.994
6309000.0	-11268.94
6310800.0	-11507.432
6312600.0	-11741.231
6314400.0	-12032.278
6316200.0	-12340.577
6318000.0	-12700.4
6319800.0	-13061.763
6321600.0	-13402.5625
6323400.0	-13719.154
6325200.0	-13959.125
6327000.0	-14179.538
6328800.0	-14436.958
6330600.0	-14696.548
6332400.0	-14737.588
6334200.0	-14445.967
6336000.0	-13664.273
6337800.0	-12569.193
6339600.0	-11230.865
6341400.0	-9884.373
6343200.0	-9031.358
6345000.0	-8239.471
6346800.0	-7221.502
6348600.0	-6253.5146
6350400.0	-5392.092
6352200.0	-4485.096
6354000.0	-3965.5505
6355800.0	-3431.9104
6357600.0	-2916.8843
6359400.0	-2461.6167
6361200.0	-2390.9775
6363000.0	-2441.6528
6364800.0	-2569.8127
6366600.0	-2822.2693
6368400.0	-3308.4465
6370200.0	-3947.1738
6372000.0	-4943.15
6373800.0	-5948.605
6375600.0	-6562.8145
6377400.0	-7132.638
6379200.0	-7583.3403
6381000.0	-8034.165
6382800.0	-8457.249
6384600.0	-8885.277
6386400.0	-9314.11
6388200.0	-9743.91
6390000.0	-10358.222
6391800.0	-11000.549
6393600.0	-11104.324
6395400.0	-11150.174
6397200.0	-11570.028
6399000.0	-11969.358
6400800.0	-12334.386
6402600.0	-12697.232
6404400.0	-13040.608
6406200.0	-13363.519
6408000.0	-13624.854
6409800.0	-13837.516
6411600.0	-13983.764
6413400.0	-14106.977
6415200.0	-14408.123
6417000.0	-14690.239
6418800.0	-14435.352
6420600.0	-14055.787
6422400.0	-13949.521
6424200.0	-13781.936
6426000.0	-13478.24
6427800.0	-13121.77
6429600.0	-12627.978
6431400.0	-11916.429
6433200.0	-10711.127
6435000.0	-9294.2705
6436800.0	-7867.5635
6438600.0	-6483.0054
6440400.0	-6134.1807
6442200.0	-6061.468
6444000.0	-5821.6387
6445800.0	-5656.787
6447600.0	-6110.554
6449400.0	-6668.52
6451200.0	-6950.866
6453000.0	-7228.3604
6454800.0	-7364.6025
6456600.0	-7495.626
6458400.0	-7634.313
6460200.0	-7775.0596
6462000.0	-8119.3633
6463800.0	-8504.693
6465600.0	-8572.889
6467400.0	-8617.17
6469200.0	-9207.855
6471000.0	-9786.541
6472800.0	-9702.872
6474600.0	-9681.379
6476400.0	-9690.863
6478200.0	-9710.113
6480000.0	-10080.994
6481800.0	-10544.724
6483600.0	-10732.121
6485400.0	-10892.406
6487200.0	-10932.13
6489000.0	-10980.848
6490800.0	-11110.183
6492600.0	-11218.696
6494400.0	-11218.731
6496200.0	-11229.735
6498000.0	-11236.664
6499800.0	-11240.764
6501600.0	-11272.369
6503400.0	-11309.583
6505200.0	-11254.279
6507000.0	-11139.683
6508800.0	-10896.104
6510600.0	-10623.313
6512400.0	-10479.549
6514200.0	-10333.332
6516000.0	-10088.154
6517800.0	-9823.103
6519600.0	-9485.909
6521400.0	-9116.881
6523200.0	-9193.105
6525000.0	-9374.977
6526800.0	-9021.989
6528600.0	-8722.563
6530400.0	-8438.459
6532200.0	-8172.415
6534000.0	-8242.69
6535800.0	-8370.584
6537600.0	-8387.922
6539400.0	-8420.102
6541200.0	-8444.664
6543000.0	-8462.408
6544800.0	-8670.131
6546600.0	-8920.002
6548400.0	-9011.106
6550200.0	-9099.558
6552000.0	-9156.704
6553800.0	-9203.06
6555600.0	-9170.252
6557400.0	-9149.813
6559200.0	-9127.795
6561000.0	-9104.437
6562800.0	-9044.058
6564600.0	-8977.504
6566400.0	-9137.677
6568200.0	-9356.366
6570000.0	-9843.464
6571800.0	-10321.455
6573600.0	-9811.487
6575400.0	-9182.135
6577200.0	-9335.185
6579000.0	-9370.82
6580800.0	-9412.392
6582600.0	-9453.909
6584400.0	-9912.83
6586200.0	-10429.833
6588000.0	-10151.133
6589800.0	-9879.872
6591600.0	-9928.435
6593400.0	-9980.563
6595200.0	-10270.893
6597000.0	-10519.743
6598800.0	-10717.521
6600600.0	-10820.556
6602400.0	-10581.662
6604200.0	-10387.178
6606000.0	-10182.88
6607800.0	-9968.013
6609600.0	-9824.44
6611400.0	-9717.692
6613200.0	-10007.696
6615000.0	-10327.036
6616800.0	-9292.024
6618600.0	-8104.552
6620400.0	-8281.838
6622200.0	-8556.137
6624000.0	-8829.392
6625800.0	-9139.38
6627600.0	-9286.698
6629400.0	-9377.55
6631200.0	-9780.877
6633000.0	-10320.586
6634800.0	-10885.012
6636600.0	-11425.297
6638400.0	-11839.195
6640200.0	-12203.357
6642000.0	-12439.09
6643800.0	-12612.356
6645600.0	-12653.566
6647400.0	-12686.859
6649200.0	-13085.431
6651000.0	-13490.907
6652800.0	-13608.896
6654600.0	-13742.359
6656400.0	-13876.43
6658200.0	-14007.695
6660000.0	-14136.899
6661800.0	-14263.841
6663600.0	-14434.638
6665400.0	-14637.295
6667200.0	-14853.503
6669000.0	-15073.758
6670800.0	-15107.738
6672600.0	-15116.476
6674400.0	-15422.678
6676200.0	-15745.249
6678000.0	-15939.045
6679800.0	-16058.742
6681600.0	-15973.692
6683400.0	-15706.858
6685200.0	-15036.113
6687000.0	-14270.997
6688800.0	-14388.23
6690600.0	-14563.661
6692400.0	-13898.576
6694200.0	-13213.1875
6696000.0	-12711.462
6697800.0	-12191.797
6699600.0	-11714.854
6701400.0	-11296.14
6703200.0	-11978.763
6705000.0	-13081.488
6706800.0	-11907.252
6708600.0	-10692.8955
6710400.0	-11801.705
6712200.0	-12933.653
6714000.0	-13476.566
6715800.0	-14001.46
6717600.0	-14405.611
6719400.0	-14679.562
6721200.0	-14784.44
6723000.0	-14878.51
6724800.0	-14982.572
6726600.0	-15103.255
6728400.0	-15324.586
6730200.0	-15570.73
6732000.0	-15736.6455
6733800.0	-15901.257
6735600.0	-16184.863
6737400.0	-16486.342
6739200.0	-16632.016
6741000.0	-16693.596
6742800.0	-16572.826
6744600.0	-16490.664
6746400.0	-16654.21
6748200.0	-16799.125
6750000.0	-16943.23
6751800.0	-17086.797
6753600.0	-17099.541
6755400.0	-17053.453
6757200.0	-17099.443
6759000.0	-17138.197
6760800.0	-17184.227
6762600.0	-17212.09
6764400.0	-17149.29
6766200.0	-17046.719
6768000.0	-16915.246
6769800.0	-16762.867
6771600.0	-16588.611
6773400.0	-16351.54
6775200.0	-16039.108
6777000.0	-15696.772
6778800.0	-15306.171
6780600.0	-14857.386
6782400.0	-13844.895
6784200.0	-12631.731
6786000.0	-12180.993
6787800.0	-11781.939
6789600.0	-11018.1
6791400.0	-10314.675
6793200.0	-10411.149
6795000.0	-10719.472
6796800.0	-10744.8545
6798600.0	-10867.024
6800400.0	-12090.542
6802200.0	-13384.874
6804000.0	-13488.977
6805800.0	-13608.442
6807600.0	-13792.75
6809400.0	-13927.511
6811200.0	-13990.328
6813000.0	-14050.618
6814800.0	-14226.969
6816600.0	-14423.975
6818400.0	-14477.751
6820200.0	-14526.316
6822000.0	-14833.369
6823800.0	-15154.224
6825600.0	-15260.524
6827400.0	-15376.928
6829200.0	-15574.704
6831000.0	-15745.673
6832800.0	-15824.385
6834600.0	-15908.129
6836400.0	-15989.983
6838200.0	-16069.672
6840000.0	-16034.022
6841800.0	-15963.719
6843600.0	-16129.885
6845400.0	-16304.074
6847200.0	-16300.982
6849000.0	-16247.925
6850800.0	-16099.088
6852600.0	-15929.74
6854400.0	-15764.366
6856200.0	-15585.789
6858000.0	-15403.026
6859800.0	-15207.106
6861600.0	-14978.901
6863400.0	-14728.506
6865200.0	-14360.438
6867000.0	-13917.881
6868800.0	-13614.001
6870600.0	-13317.891
6872400.0	-12540.68
6874200.0	-11607.83
6876000.0	-11225.027
6877800.0	-10862.3955
6879600.0	-10085.985
6881400.0	-9381.077
6883200.0	-9660.89
6885000.0	-10106.652
6886800.0	-10229.499
6888600.0	-10453.134
6890400.0	-11142.488
6892200.0	-11843.089
6894000.0	-12249.185
6895800.0	-12572.912
6897600.0	-12673.895
6899400.0	-12739.694
6901200.0	-13000.446
6903000.0	-13249.278
6904800.0	-13293.241
6906600.0	-13344.257
6908400.0	-13499.912
6910200.0	-13645.539
6912000.0	-13790.557
6913800.0	-13935.114
6915600.0	-14108.187
6917400.0	-14287.525
6919200.0	-14376.067
6921000.0	-14443.894
6922800.0	-14621.935
6924600.0	-14796.892
6926400.0	-14811.736
6928200.0	-14814.311
6930000.0	-14929.604
6931800.0	-15029.874
6933600.0	-15040.502
6935400.0	-15037.681
6937200.0	-15003.222
6939000.0	-14921.023
6940800.0	-14737.57
6942600.0	-14482.286
6944400.0	-14101.165
6946200.0	-13699.238
6948000.0	-13476.394
6949800.0	-13250.812
6951600.0	-12876.573
6953400.0	-12492.565
6955200.0	-12208.173
6957000.0	-11880.436
6958800.0	-11265.406
6960600.0	-10527.357
6962400.0	-9737.2295
6964200.0	-8982.474
6966000.0	-8883.454
6967800.0	-9160.542
6969600.0	-9460.159
6971400.0	-9776.61
6973200.0	-9971.132
6975000.0	-10210.917
6976800.0	-10684.778
6978600.0	-11212.449
6980400.0	-11767.729
6982200.0	-12263.171
6984000.0	-12486.553
6985800.0	-12700.282
6987600.0	-13097.678
6989400.0	-13489.211
6991200.0	-13878.571
6993000.0	-14219.877
6994800.0	-14452.063
6996600.0	-14691.799
6998400.0	-14931.396
7000200.0	-15169.917
7002000.0	-15231.743
7003800.0	-15200.733
7005600.0	-15298.543
7007400.0	-15461.628
7009200.0	-15841.212
7011000.0	-16234.786
7012800.0	-16460.139
7014600.0	-16681.697
7016400.0	-16886.014
7018200.0	-17075.3
7020000.0	-17158.988
7021800.0	-17153.062
7023600.0	-17057.883
7025400.0	-16676.143
7027200.0	-15715.135
7029000.0	-14545.526
7030800.0	-13487.425
7032600.0	-12614.579
7034400.0	-12669.627
7036200.0	-13147.894
7038000.0	-13420.4
7039800.0	-13638.736
7041600.0	-13494.747
7043400.0	-13331.565
7045200.0	-13371.415
7047000.0	-13400.828
7048800.0	-13340.77
7050600.0	-13273.771
7052400.0	-13222.064
7054200.0	-13175.087
7056000.0	-13142.105
7057800.0	-13189.752
7059600.0	-13412.477
7061400.0	-13614.139
7063200.0	-13835.182
7065000.0	-14065.649
7066800.0	-14199.705
7068600.0	-14260.192
7070400.0	-14315.367
7072200.0	-14372.542
7074000.0	-14428.981
7075800.0	-14484.744
7077600.0	-14521.741
7079400.0	-14532.688
7081200.0	-14518.76
7083000.0	-14506.218
7084800.0	-14491.964
7086600.0	-14475.94
7088400.0	-14481.106
7090200.0	-14502.734
7092000.0	-14530.373
7093800.0	-14586.873
7095600.0	-14700.471
7097400.0	-14808.585
7099200.0	-14918.495
7101000.0	-15029.523
7102800.0	-15327.172
7104600.0	-15708.472
7106400.0	-15904.583
7108200.0	-16019.137
7110000.0	-15958.309
7111800.0	-15695.539
7113600.0	-15021.724
7115400.0	-14257.6455
7117200.0	-13813.707
7119000.0	-13451.423
7120800.0	-13257.476
7122600.0	-13085.052
7124400.0	-12588.914
7126200.0	-12098.05
7128000.0	-12087.314
7129800.0	-12137.331
7131600.0	-12189.787
7133400.0	-12244.779
7135200.0	-12406.752
7137000.0	-12569.331
7138800.0	-12576.004
7140600.0	-12591.167
7142400.0	-12722.38
7144200.0	-12868.303
7146000.0	-12938.411
7147800.0	-12980.872
7149600.0	-12936.02
7151400.0	-12892.722
7153200.0	-12883.766
7155000.0	-12863.497
7156800.0	-12804.714
7158600.0	-12745.363
7160400.0	-12713.383
7162200.0	-12689.372
7164000.0	-12689.687
7165800.0	-12696.461
7167600.0	-12733.18
7169400.0	-12770.745
7171200.0	-12735.232
7173000.0	-12702.558
7174800.0	-12745.043
7176600.0	-12779.351
7178400.0	-12820.13
7180200.0	-12852.993
7182000.0	-12852.782
7183800.0	-12856.734
7185600.0	-12860.302
7187400.0	-12863.709
7189200.0	-12866.923
7191000.0	-12869.957
7192800.0	-12848.57
7194600.0	-12809.518
7196400.0	-12735.839
7198200.0	-12640.429
7200000.0	-12616.683
7201800.0	-12576.689
7203600.0	-12330.871
7205400.0	-11946.922
7207200.0	-10841.611
7209000.0	-9506.617
7210800.0	-9474.679
7212600.0	-9534.08
7214400.0	-9090.132
7216200.0	-8653.58
7218000.0	-8308.985
7219800.0	-8100.72
7221600.0	-8288.18
7223400.0	-8539.304
7225200.0	-8877.635
7227000.0	-9227.33
7228800.0	-9330.111
7230600.0	-9383.207
7232400.0	-9473.454
7234200.0	-9574.181
7236000.0	-9776.681
7237800.0	-10022.21
7239600.0	-10174.812
7241400.0	-10308.048
7243200.0	-10483.462
7245000.0	-10669.595
7246800.0	-10769.351
7248600.0	-10880.382
7250400.0	-11430.219
7252200.0	-12095.597
7254000.0	-12567.399
7255800.0	-12983.722
7257600.0	-13247.107
7259400.0	-13503.541
7261200.0	-13762.127
7263000.0	-13980.28
7264800.0	-14045.55
7266600.0	-14063.833
7268400.0	-14065.658
7270200.0	-14067.205
7272000.0	-14289.855
7273800.0	-14573.884
7275600.0	-14649.427
7277400.0	-14683.257
7279200.0	-14635.653
7281000.0	-14531.931
7282800.0	-14244.243
7284600.0	-13614.176
7286400.0	-12411.714
7288200.0	-11078.843
7290000.0	-9950.681
7291800.0	-8854.579
7293600.0	-7856.013
7295400.0	-6934.901
7297200.0	-6216.12
7299000.0	-5554.359
7300800.0	-4987.1445
7302600.0	-4273.491
7304400.0	-3542.8123
7306200.0	-2874.36
7308000.0	-2550.734
7309800.0	-2385.359
7311600.0	-2170.677
7313400.0	-2048.9746
7315200.0	-2043.7214
7317000.0	-2162.0754
7318800.0	-2438.3257
7320600.0	-2876.5588
7322400.0	-3562.3892
7324200.0	-4312.524
7326000.0	-5189.086
7327800.0	-5987.417
7329600.0	-6430.9897
7331400.0	-6860.574
7333200.0	-7766.052
7335000.0	-8709.695
7336800.0	-9282.913
7338600.0	-9779.1045
7340400.0	-10166.952
7342200.0	-10551.224
7344000.0	-10906.442
7345800.0	-11262.581
7347600.0	-11649.029
7349400.0	-12032.08
7351200.0	-12359.546
7353000.0	-12667.526
7354800.0	-12964.301
7356600.0	-13233.354
7358400.0	-13413.011
7360200.0	-13533.596
7362000.0	-13616.956
7363800.0	-13682.969
7365600.0	-13713.491
7367400.0	-13682.566
7369200.0	-13312.653
7371000.0	-12540.306
7372800.0	-11403.265
7374600.0	-10091.905
7376400.0	-8545.975
7378200.0	-7004.516
7380000.0	-6133.7773
7381800.0	-5298.837
7383600.0	-4290.316
7385400.0	-3309.0862
7387200.0	-2461.5388
7389000.0	-1624.7537
7390800.0	-1373.828
7392600.0	-1208.3884
7394400.0	-781.60333
7396200.0	-369.69623
7398000.0	-197.57492
7399800.0	-446.33878
7401600.0	-1006.1494
7403400.0	-1574.7328
7405200.0	-1926.888
7407000.0	-2208.4773
7408800.0	-2770.5518
7410600.0	-3398.8218
7412400.0	-4322.116
7414200.0	-5209.1426
7416000.0	-5518.269
7417800.0	-5855.113
7419600.0	-6330.2935
7421400.0	-6833.103
7423200.0	-7614.6387
7425000.0	-8418.871
7426800.0	-8906.2
7428600.0	-9353.319
7430400.0	-9738.53
7432200.0	-10118.39
7434000.0	-10485.253
7435800.0	-10824.155
7437600.0	-11105.201
7439400.0	-11388.09
7441200.0	-11678.007
7443000.0	-11947.836
7444800.0	-12135.532
7446600.0	-12299.655
7448400.0	-12469.821
7450200.0	-12635.7
7452000.0	-12641.1875
7453800.0	-12348.222
7455600.0	-11561.482
7457400.0	-10476.839
7459200.0	-9124.52
7461000.0	-7684.6924
7462800.0	-6361.6177
7464600.0	-5075.159
7466400.0	-4103.395
7468200.0	-3216.525
7470000.0	-2528.7007
7471800.0	-1887.2545
7473600.0	-1558.6378
7475400.0	-1286.4027
7477200.0	-1452.5381
7479000.0	-1637.4594
7480800.0	-2560.9497
7482600.0	-3896.141
7484400.0	-3904.7532
7486200.0	-3756.1526
7488000.0	-4752.592
7489800.0	-5728.745
7491600.0	-5104.1953
7493400.0	-4443.1924
7495200.0	-5156.605
7497000.0	-5691.905
7498800.0	-6457.171
7500600.0	-7263.5796
7502400.0	-7617.366
7504200.0	-7881.795
7506000.0	-8387.36
7507800.0	-8877.381
7509600.0	-8609.632
7511400.0	-8169.847
7513200.0	-8294.368
7515000.0	-8367.849
7516800.0	-8471.101
7518600.0	-8568.44
7520400.0	-8502.971
7522200.0	-8398.805
7524000.0	-8523.291
7525800.0	-8697.302
7527600.0	-9035.416
7529400.0	-9345.187
7531200.0	-9622.384
7533000.0	-9900.981
7534800.0	-10156.335
7536600.0	-10400.866
7538400.0	-10538.621
7540200.0	-10635.093
7542000.0	-11099.61
7543800.0	-11525.323
7545600.0	-11332.343
7547400.0	-10985.5205
7549200.0	-10447.915
7551000.0	-9904.07
7552800.0	-9425.377
7554600.0	-8941.073
7556400.0	-8413.939
7558200.0	-7903.804
7560000.0	-7760.2446
7561800.0	-7686.1797
7563600.0	-7445.7837
7565400.0	-7199.239
7567200.0	-6806.5713
7569000.0	-6364.406
7570800.0	-6105.826
7572600.0	-5959.459
7574400.0	-6191.144
7576200.0	-6721.4736
7578000.0	-8151.5625
7579800.0	-9603.767
7581600.0	-9599.351
7583400.0	-9610.28
7585200.0	-9841.488
7587000.0	-10111.136
7588800.0	-10526.46
7590600.0	-10934.963
7592400.0	-11316.482
7594200.0	-11684.645
7596000.0	-11904.906
7597800.0	-12001.427
7599600.0	-11885.826
7601400.0	-11816.529
7603200.0	-12165.619
7605000.0	-12502.994
7606800.0	-12801.419
7608600.0	-13091.765
7610400.0	-13353.854
7612200.0	-13618.982
7614000.0	-13884.304
7615800.0	-14149.715
7617600.0	-14361.597
7619400.0	-14497.465
7621200.0	-14482.427
7623000.0	-14442.243
7624800.0	-14554.171
7626600.0	-14638.991
7628400.0	-14601.795
7630200.0	-14555.039
7632000.0	-14506.647
7633800.0	-14452.041
7635600.0	-14406.648
7637400.0	-14347.941
7639200.0	-14163.016
7641000.0	-13923.253
7642800.0	-13922.866
7644600.0	-13872.031
7646400.0	-13361.673
7648200.0	-12805.639
7650000.0	-12279.626
7651800.0	-11786.49
7653600.0	-11419.602
7655400.0	-11173.739
7657200.0	-11206.116
7659000.0	-11292.932
7660800.0	-11492.383
7662600.0	-11746.15
7664400.0	-11822.811
7666200.0	-11888.743
7668000.0	-12206.605
7669800.0	-12534.314
7671600.0	-12616.88
7673400.0	-12698.834
7675200.0	-12769.215
7677000.0	-12837.726
7678800.0	-12993.505
7680600.0	-13224.636
7682400.0	-13488.338
7684200.0	-13750.937
7686000.0	-13990.209
7687800.0	-14219.013
7689600.0	-14399.019
7691400.0	-14509.426
7693200.0	-14490.557
7695000.0	-14464.88
7696800.0	-14502.35
7698600.0	-14545.433
7700400.0	-14611.135
7702200.0	-14679.485
7704000.0	-14767.273
7705800.0	-14870.447
7707600.0	-15157.38
7709400.0	-15458.875
7711200.0	-15430.771
7713000.0	-15273.811
7714800.0	-14986.988
7716600.0	-14640.466
7718400.0	-14217.44
7720200.0	-13763.3125
7722000.0	-13289.156
7723800.0	-12801.319
7725600.0	-12274.433
7727400.0	-11709.1
7729200.0	-11090.7295
7731000.0	-10525.952
7732800.0	-10362.568
7734600.0	-10326.191
7736400.0	-10416.951
7738200.0	-10577.636
7740000.0	-10853.67
7741800.0	-11067.181
7743600.0	-10816.39
7745400.0	-10604.137
7747200.0	-10557.59
7749000.0	-10532.6045
7750800.0	-10468.4375
7752600.0	-10417.179
7754400.0	-10460.103
7756200.0	-10512.028
7758000.0	-10565.85
7759800.0	-10600.172
7761600.0	-10538.637
7763400.0	-10464.315
7765200.0	-10578.12
7767000.0	-10702.14
7768800.0	-10688.771
7770600.0	-10660.036
7772400.0	-10528.927
7774200.0	-10408.685
7776000.0	-10354.342
