#1
double tab1(719,5)
# Date
# m_primaire
# P_calc
# T_depart
# T_retour
0.0	0.0	0.0	333.1499999999999	318.1499999999999
3600.0	0.0	0.0	333.1499999999999	318.1499999999999
7200.0	0.0	0.0	333.1499999999999	318.1499999999999
10800.0	0.0	0.0	333.1499999999999	318.1499999999999
14400.0	0.0	0.0	333.1499999999999	318.1499999999999
18000.0	0.0	0.0	333.1499999999999	318.1499999999999
21600.0	0.0	0.0	333.1499999999999	318.1499999999999
25200.0	0.0	0.0	333.1499999999999	318.1499999999999
28800.0	0.0	0.0	333.1499999999999	318.1499999999999
32400.0	0.0	0.0	333.1499999999999	318.1499999999999
36000.0	0.0	0.0	333.1499999999999	318.1499999999999
39600.0	0.0	0.0	333.1499999999999	318.1499999999999
43200.0	0.0	0.0	333.1499999999999	318.1499999999999
46800.0	0.0	0.0	333.1499999999999	318.1499999999999
50400.0	0.0	0.0	333.1499999999999	318.1499999999999
54000.0	0.0	0.0	333.1499999999999	318.1499999999999
57600.0	0.0	0.0	333.1499999999999	318.1499999999999
61200.0	0.0	0.0	333.1499999999999	318.1499999999999
64800.0	0.0	0.0	333.1499999999999	318.1499999999999
68400.0	0.0	0.0	333.1499999999999	318.1499999999999
72000.0	0.0	0.0	333.1499999999999	318.1499999999999
75600.0	0.0	0.0	333.1499999999999	318.1499999999999
79200.0	0.0	0.0	333.1499999999999	318.1499999999999
82800.0	0.0	0.0	333.1499999999999	318.1499999999999
86400.0	0.0	0.0	333.1499999999999	318.1499999999999
90000.0	0.0	0.0	333.1499999999999	318.1499999999999
93600.0	0.0	0.0	333.1499999999999	318.1499999999999
97200.0	0.0	0.0	333.1499999999999	318.1499999999999
100800.0	0.0	0.0	333.1499999999999	318.1499999999999
104400.0	0.0	0.0	333.1499999999999	318.1499999999999
108000.0	0.0	0.0	333.1499999999999	318.1499999999999
111600.0	0.0	0.0	333.1499999999999	318.1499999999999
115200.0	0.0	0.0	333.1499999999999	318.1499999999999
118800.0	0.0	0.0	333.1499999999999	318.1499999999999
122400.0	0.0	0.0	333.1499999999999	318.1499999999999
126000.0	0.0	0.0	333.1499999999999	318.1499999999999
129600.0	0.0	0.0	333.1499999999999	318.1499999999999
133200.0	0.0	0.0	333.1499999999999	318.1499999999999
136800.0	0.0	0.0	333.1499999999999	318.1499999999999
140400.0	0.0	0.0	333.1499999999999	318.1499999999999
144000.0	0.0	0.0	333.1499999999999	318.1499999999999
147600.0	0.0	0.0	333.1499999999999	318.1499999999999
151200.0	0.0	0.0	333.1499999999999	318.1499999999999
154800.0	0.0	0.0	333.1499999999999	318.1499999999999
158400.0	0.0	0.0	333.1499999999999	318.1499999999999
162000.0	0.0	0.0	333.1499999999999	318.1499999999999
165600.0	0.0	0.0	333.1499999999999	318.1499999999999
169200.0	0.0	0.0	333.1499999999999	318.1499999999999
172800.0	0.0	0.0	333.1499999999999	318.1499999999999
176400.0	0.0	0.0	333.1499999999999	318.1499999999999
180000.0	0.0	0.0	333.1499999999999	318.1499999999999
183600.0	0.0	0.0	333.1499999999999	318.1499999999999
187200.0	0.0	0.0	333.1499999999999	318.1499999999999
190800.0	0.0	0.0	333.1499999999999	318.1499999999999
194400.0	0.0	0.0	333.1499999999999	318.1499999999999
198000.0	0.0	0.0	333.1499999999999	318.1499999999999
201600.0	0.0	0.0	333.1499999999999	318.1499999999999
205200.0	0.0	0.0	333.1499999999999	318.1499999999999
208800.0	0.0	0.0	333.1499999999999	318.1499999999999
212400.0	0.0	0.0	333.1499999999999	318.1499999999999
216000.0	0.0	0.0	333.1499999999999	318.1499999999999
219600.0	0.0	0.0	333.1499999999999	318.1499999999999
223200.0	0.0	0.0	333.1499999999999	318.1499999999999
226800.0	0.0	0.0	333.1499999999999	318.1499999999999
230400.0	0.0	0.0	333.1499999999999	318.1499999999999
234000.0	0.0	0.0	333.1499999999999	318.1499999999999
237600.0	0.0	0.0	333.1499999999999	318.1499999999999
241200.0	0.0	0.0	333.1499999999999	318.1499999999999
244800.0	0.0	0.0	333.1499999999999	318.1499999999999
248400.0	0.0	0.0	333.1499999999999	318.1499999999999
252000.0	0.0	0.0	333.1499999999999	318.1499999999999
255600.0	0.0	0.0	333.1499999999999	318.1499999999999
259200.0	0.0	0.0	333.1499999999999	318.1499999999999
262800.0	0.0	0.0	333.1499999999999	318.1499999999999
266400.0	0.0	0.0	333.1499999999999	318.1499999999999
270000.0	0.0	0.0	333.1499999999999	318.1499999999999
273600.0	0.0	0.0	333.1499999999999	318.1499999999999
277200.0	0.0	0.0	333.1499999999999	318.1499999999999
280800.0	0.0	0.0	333.1499999999999	318.1499999999999
284400.0	0.0	0.0	333.1499999999999	318.1499999999999
288000.0	0.0	0.0	333.1499999999999	318.1499999999999
291600.0	0.0	0.0	333.1499999999999	318.1499999999999
295200.0	0.0	0.0	333.1499999999999	318.1499999999999
298800.0	0.0	0.0	333.1499999999999	318.1499999999999
302400.0	0.0	0.0	333.1499999999999	318.1499999999999
306000.0	0.0	0.0	333.1499999999999	318.1499999999999
309600.0	0.0	0.0	333.1499999999999	318.1499999999999
313200.0	4.911574074074074	-66470.70762499992	332.81540190263325	323.69876049351336
316800.0	9.840324074074074	-117333.05474999986	332.4974788833696	329.64840658377636
320400.0	10.072175925925924	-115512.03337499988	332.50306671813706	329.7644831604492
324000.0	10.18462962962963	-140716.71318749993	332.42157448951434	329.12060043332207
327600.0	10.00773148148148	-117690.22899999989	332.0554563392059	329.2470565022492
331200.0	10.107824074074074	-121275.3789999999	332.2619552545875	329.3946828005693
334800.0	10.178796296296296	-140738.1322499999	332.49417446964856	329.1938655536448
338400.0	10.361851851851851	-146149.0737499999	332.5028651342106	329.13358246198965
342000.0	10.245601851851852	-144410.00087499988	332.48852866173377	329.11979716010103
345600.0	10.275972222222222	-152735.28724999988	332.4753552765782	328.9253240885797
349200.0	10.309953703703703	-154440.45193749983	332.4729011493939	328.8949798036299
352800.0	10.306805555555556	-140967.99918749987	332.47195753667	329.2048183003789
356400.0	10.14185185185185	-143210.36287499988	332.4816682754854	329.10980465467486
360000.0	10.727638888888889	-173152.62543749996	332.43122377648973	328.5761900778833
363600.0	10.473379629629628	-131597.41024999993	332.06186751514696	329.05953352728744
367200.0	10.52597222222222	-138955.5993124999	332.0631741929917	328.91675964264834
370800.0	10.33185185185185	-129809.71581249991	332.0553008929331	329.0560990048665
374400.0	10.512546296296295	-142392.13143749995	332.06868141547267	328.8365078979448
378000.0	10.314212962962962	-133202.53987499996	332.06131363929813	328.976849254315
381600.0	9.993935185185185	-124045.06043749991	332.062480783537	329.0964917126869
385200.0	9.764814814814814	-133949.01406249986	332.4733065665356	329.19361643014884
388800.0	9.618611111111111	-128005.4344374999	332.4944111525043	329.3144287675881
392400.0	9.522361111111111	-113316.64437499999	332.4973278582036	329.65406740266513
396000.0	9.653472222222222	-113532.91781249996	332.51518340168866	329.7062086744204
399600.0	9.714074074074075	-118029.57050000005	332.77138900800384	329.8685558934258
403200.0	9.302824074074074	-100454.85481249998	332.39602607728386	329.7978705765653
406800.0	10.064490740740741	-106066.09118750006	331.4213744378381	328.90670604312425
410400.0	10.13611111111111	-138075.59843750007	332.2482266887104	328.9976953620765
414000.0	9.951018518518516	-118746.96475000006	332.2410977918032	329.3949094895087
417600.0	10.221527777777778	-142281.618375	332.56044614605673	329.2400155029491
421200.0	10.174999999999999	-144942.35225	332.49376441974994	329.0925461365369
424800.0	10.108425925925925	-127886.05537500003	332.2473702620509	329.2273811842473
428400.0	10.27486111111111	-135779.57762500003	332.2320781960998	329.07436134589005
432000.0	10.233518518518517	-132494.75562500005	332.2424517434424	329.1500817618346
435600.0	10.426898148148148	-144278.47562500002	332.24417445722423	328.9398089415733
439200.0	10.22337962962963	-124516.09962500005	332.2465878130488	329.3367276961908
442800.0	10.507453703703705	-132913.56562500008	332.2497272974353	329.2286979179088
446400.0	11.030555555555557	-181222.84381250004	332.23633937201396	328.3595596402579
450000.0	12.66523148148148	-268582.043125	332.2794846151436	327.22838608434745
453600.0	13.138518518518516	-262175.6800000001	332.2803078465982	327.51368634662447
457200.0	12.908148148148147	-265940.08749999997	332.3929072283788	327.4752994206817
460800.0	11.879305555555556	-246333.50975000008	332.6286183424959	327.67441247489035
464400.0	11.704027777777776	-226513.1695625001	332.6337533342713	328.00943390403256
468000.0	11.41175925925926	-198909.58962500014	332.64414331430817	328.4793673288219
471600.0	11.088935185185184	-181575.22468750007	332.6554476837244	328.7432233457808
475200.0	10.80050925925926	-160192.5484375001	332.6630178358668	329.1184901659075
478800.0	10.879351851851851	-150315.64231250007	332.65636752231705	329.3582373064535
482400.0	10.507870370370371	-139309.39650000012	332.6667937385643	329.4993732769542
486000.0	10.429722222222223	-141226.81237500015	332.58063382060595	329.3462750581401
489600.0	10.739166666666666	-156741.94812500008	332.2919791600284	328.80346205804665
493200.0	10.895509259259258	-170712.01093750005	332.6475477350664	328.9035825605073
496800.0	10.957638888888887	-176189.0425	332.2675903584344	328.4317858852005
500400.0	10.926574074074074	-190240.087	332.1466118377508	327.99416588051673
504000.0	10.695509259259257	-168017.11700000006	332.23732670758744	328.4834054916081
507600.0	10.547592592592592	-144877.11662500002	332.2380706799008	328.9724829334913
511200.0	10.028194444444445	-120051.69856250005	332.2457218064734	329.3870834573845
514800.0	10.02125	-97339.569875	332.2442199489035	329.9236922597819
518400.0	10.016944444444444	-110417.66	332.4204540988176	329.79156416043605
522000.0	10.052083333333334	-119136.32475000007	332.67309491039856	329.84128851800835
525600.0	10.393842592592591	-132123.809625	332.44608025943444	329.40957524589606
529200.0	10.259537037037036	-110715.34137500005	332.2309251204154	329.6551256071727
532800.0	10.628703703703703	-152964.7976875001	332.185539668342	328.78650381711975
536400.0	11.494629629629628	-215009.66437500005	332.2217999561911	327.75829451561486
540000.0	11.719166666666665	-213413.48212500004	332.3383239750386	327.9891649021069
543600.0	11.874675925925924	-233849.2769375	332.47145387002746	327.76493633158043
547200.0	11.868287037037035	-234125.94031250008	332.253901741146	327.5401751067096
550800.0	11.616388888888888	-212667.45743750004	332.25311182957836	327.8795011914309
554400.0	11.499953703703703	-197365.62300000005	332.24511651005974	328.14561081221495
558000.0	11.11361111111111	-169979.03918750005	332.2528816100069	328.597733430221
561600.0	11.094398148148144	-169310.54162500004	332.25438867933497	328.6081931301268
565200.0	10.867824074074075	-160121.04306250007	332.2540529741326	328.7376159124127
568800.0	10.83837962962963	-157423.15956250005	332.5122138907088	329.0476488071232
572400.0	11.186666666666667	-193721.90237500006	332.62141804876023	328.4842535871438
576000.0	10.850787037037037	-180816.00950000004	332.6116299936156	328.63044637586415
579600.0	11.15435185185185	-177061.9366250001	332.2548481273051	328.46237975885276
583200.0	11.17921296296296	-177647.75718750007	332.253920345526	328.45687498180223
586800.0	10.771203703703703	-173097.48806250008	332.25068432923456	328.40919686341863
590400.0	10.580092592592592	-156596.35081250005	332.25102461990105	328.7195330404578
594000.0	10.535416666666666	-151304.39118750003	332.2501398412137	328.8217374863563
597600.0	10.173379629629629	-130041.1095	332.24867194435376	329.200810947124
601200.0	10.294722222222221	-129815.66587500006	332.2499511951155	329.2338246967356
604800.0	10.125324074074072	-108117.26818750004	332.24710042869117	329.69642449866114
608400.0	10.176296296296295	-123223.30275000005	332.2474092991014	329.3560336438466
612000.0	10.308009259259258	-129238.49625000007	332.23065002871533	329.2370067716265
615600.0	10.135000000000002	-120949.55737500005	332.2381636402647	329.3879045905532
619200.0	10.812546296296297	-168974.66631250005	332.2325087332333	328.552518497742
622800.0	11.917407407407406	-227021.43781250005	332.26031976293683	327.7190861595261
626400.0	12.127175925925926	-237824.49412500006	332.26281291836517	327.57748992185884
630000.0	11.918101851851851	-236121.18168749998	332.26394594860426	327.53111630522983
633600.0	11.765370370370368	-231355.82875000004	332.26288255985054	327.56941453508347
637200.0	11.542314814814816	-203646.80231250008	332.26215267718703	328.04890577448435
640800.0	11.195648148148148	-171222.3775	332.26134241011744	328.6099780883159
644400.0	10.819027777777777	-164236.926625	332.60719364775684	328.9806255499601
648000.0	10.71449074074074	-156900.12562500004	332.65658322711874	329.16108480456023
651600.0	10.433935185185184	-142284.67962500005	332.66421633869334	329.40605556904217
655200.0	10.348703703703704	-145286.53362500004	332.4803290473235	329.12679531066965
658800.0	10.431712962962964	-150803.71406250005	332.2000092199503	328.7462524799488
662400.0	10.568287037037036	-142110.40150000007	332.23666050967466	329.0225318866354
666000.0	10.660972222222222	-145982.40225000004	332.2644020082741	328.99268385192414
669600.0	10.574259259259257	-149471.36700000003	332.26063978070067	328.8820626071706
673200.0	10.712083333333334	-165232.73575	332.22617528818614	328.54469587031144
676800.0	10.622037037037037	-164173.88424999997	332.2470379471929	328.5543495043159
680400.0	10.605648148148148	-158014.5930625	332.25569806002153	328.6935175538165
684000.0	10.089074074074073	-154369.56268749997	332.2300459135825	328.5713787519261
687600.0	9.993796296296296	-122635.21531250003	332.23305935089786	329.30275412338534
691200.0	10.166527777777777	-119020.66762499997	332.23909398086954	329.4428381946018
694800.0	10.250694444444443	-124714.406625	332.2176180058054	329.31081644792107
698400.0	10.284398148148147	-124328.673625	332.22742119308134	329.33924347094217
702000.0	10.157685185185185	-133336.82025	332.2391548726295	329.10255509082
705600.0	10.834074074074072	-182450.56975	332.22421929244433	328.248246398967
709200.0	11.847685185185185	-229021.687625	332.240435071862	327.62613579828763
712800.0	11.949166666666665	-227505.198625	332.2786858964588	327.7322403278231
716400.0	11.878564814814814	-248148.04437500006	332.22496488760333	327.2317928238743
720000.0	11.873425925925925	-249541.53699999995	331.99465016695825	326.97225134365056
723600.0	11.514444444444443	-211028.3770000001	331.9942104409056	327.6171128398843
727200.0	11.042268518518517	-178107.8378750001	332.21763582592325	328.3754829642369
730800.0	10.64861111111111	-145513.96512500005	332.2239436321362	328.9603855748826
734400.0	10.444074074074074	-127729.0675000001	332.2459315838754	329.32339157086903
738000.0	10.596203703703704	-140185.9292500001	332.55404998926497	329.3940511890699
741600.0	10.147175925925925	-124454.58012500011	332.6789383977032	329.74880741753293
745200.0	10.28787037037037	-140191.85412500013	332.3446524639	329.092202928512
748800.0	10.386342592592593	-137198.06206250013	332.23175452043415	329.07841128492913
752400.0	10.700555555555557	-142833.36800000013	332.22269033878234	329.03448533997
756000.0	10.60435185185185	-156672.4810000001	332.2214962476992	328.69634034297763
759600.0	10.65175925925926	-161934.6147500001	332.2229024455977	328.6114393084979
763200.0	10.421249999999999	-143327.61650000006	332.2230614584793	328.9417856263483
766800.0	10.434444444444443	-151708.23787500002	332.22393872041266	328.7559345641329
770400.0	9.88736111111111	-126484.36906249999	332.23276963819956	329.1762768047962
774000.0	9.869999999999997	-117796.04943750001	332.21771399042	329.36847932494936
777600.0	10.08236111111111	-121511.33356250005	332.2205828937397	329.34101862866976
781200.0	9.787824074074074	-92519.12800000003	332.22514535173985	329.9679038556869
784800.0	10.109768518518518	-105236.00225000005	332.2197194512313	329.73520763854873
788400.0	10.026666666666666	-101095.65000000005	332.2210656049066	329.81299889362504
792000.0	10.41773148148148	-131430.16525000005	332.21875176240064	329.2359255440446
795600.0	11.285879629629628	-184213.17743750004	332.2026955903	328.30897980181413
799200.0	11.36037037037037	-196787.65125000005	332.2045758318406	328.06734199412136
802800.0	11.221064814814813	-197096.41318750003	332.25039352258887	328.05237095609465
806400.0	11.440787037037037	-183655.18518750003	332.20701204562164	328.3722470401566
810000.0	11.39986111111111	-180828.33975000004	332.2081493856058	328.4181627570483
813600.0	11.432222222222222	-188138.64931250003	332.20827758825527	328.27711917090926
817200.0	11.16337962962963	-174532.00531250006	332.21055988184156	328.4793900650116
820800.0	11.150138888888891	-174003.30031250004	332.21009805982425	328.48144772488484
824400.0	10.954398148148147	-162788.7035	332.2116771625845	328.6604750866706
828000.0	10.86611111111111	-156911.91725000006	332.2147255673574	328.7685511156007
831600.0	11.248796296296295	-184587.29706250006	332.2086758371361	328.3268451802787
835200.0	10.909074074074075	-146792.10481250007	332.2526388524347	329.0442932746573
838800.0	10.74861111111111	-156023.98618750004	332.3238749109401	328.85518401189125
842400.0	10.776527777777776	-166094.02618750004	332.38177468956997	328.7025553539641
846000.0	10.686805555555555	-174148.70387500004	332.21204830888087	328.3222680597124
849600.0	10.410138888888888	-144580.497	332.2192365327499	328.9003212465699
853200.0	10.14	-137049.78131250004	332.2227130546548	328.994521127112
856800.0	10.18837962962963	-140446.73225	332.22524439905027	328.93337626007605
860400.0	10.172083333333331	-122300.4288750001	332.22876724473554	329.3716162971292
864000.0	10.377962962962961	-126023.84274999995	332.21988688623225	329.3208438493525
867600.0	10.005185185185187	-126664.23881249994	332.21999085973624	329.1975690294109
871200.0	9.930694444444443	-108250.73287499996	332.2235431695556	329.6240897737286
874800.0	10.171944444444444	-115033.99593749995	332.22023101667287	329.518260551623
878400.0	10.383009259259257	-124429.83824999996	332.21855293926666	329.35558231043245
882000.0	10.111296296296295	-114028.69499999995	332.2263232026669	329.53272782909653
885600.0	10.165231481481483	-121295.11824999997	332.220602385529	329.3710705632634
889200.0	10.357546296296295	-147563.76262499997	332.22162423273784	328.817986448416
892800.0	9.909027777777776	-129558.82700000008	332.2271233569596	329.1039275424611
896400.0	9.895972222222222	-134532.16862500005	332.226252449433	328.97887192344444
900000.0	9.756574074074075	-134796.27700000003	332.2179226044231	328.917264633305
903600.0	9.767037037037037	-109909.550625	332.22540947167727	329.53668601058314
907200.0	9.709259259259259	-108073.62793750004	332.2249693353559	329.5629416481195
910800.0	9.87125	-112426.897875	332.21925795551704	329.4983057675397
914400.0	9.572222222222223	-97480.21687499998	332.22731685641867	329.79436951316313
918000.0	9.475925925925925	-103659.24150000003	332.2224851060361	329.6078652703774
921600.0	9.5925	-105430.86437499999	332.2139780301429	329.5883820568392
925200.0	9.792314814814816	-101715.68100000003	332.2295272208396	329.7496114727641
928800.0	9.896203703703703	-126968.14537500008	332.2162534726307	329.1556579623101
932400.0	10.01574074074074	-139379.227875	332.22471974968505	328.9024559926349
936000.0	10.135277777777777	-137259.23862500006	332.2137290156713	328.9796279801186
939600.0	10.144675925925924	-132708.09762500002	332.21951977512083	329.09456866794926
943200.0	10.319537037037037	-148748.78412500003	332.21960416265875	328.7756117296257
946800.0	10.059259259259258	-122088.25325000004	332.23159431748184	329.33209772533286
950400.0	10.282037037037037	-129484.59750000003	332.2166466800101	329.20814352415965
954000.0	10.398564814814813	-129904.11468750003	332.2177373302883	329.2329809027808
957600.0	10.253842592592592	-114806.10912500005	332.22451217164615	329.55043468996683
961200.0	10.128101851851852	-125273.13125000003	332.2292571204994	329.2750443890627
964800.0	10.356018518518518	-136218.47562500005	332.2182554239825	329.0758858964161
968400.0	10.394120370370372	-133728.45293750003	332.2214725459226	329.1475356617924
972000.0	10.54125	-140925.16687500002	332.2223252049158	329.0290252473056
975600.0	10.421527777777778	-137314.85843750002	332.21515479729993	329.0683422855702
979200.0	10.22287037037037	-131152.53506250004	332.2244262664934	329.1594851623157
982800.0	9.831944444444444	-132811.4051250001	332.22714977866457	329.0187780150305
986400.0	9.892592592592592	-130607.97550000002	332.2211843724193	329.0642135428044
990000.0	9.615925925925927	-108945.00887499994	332.23282938369914	329.5288737756072
993600.0	9.54537037037037	-99780.29093750005	332.2303274640476	329.7344261912547
997200.0	9.477268518518517	-82089.38918750011	332.2299450300032	330.16140436575375
1000800.0	9.541712962962963	-107523.47868750009	332.2231457499324	329.5334979067918
1004400.0	9.601296296296297	-106212.06437499999	332.2109493848522	329.56817271167046
1008000.0	9.684212962962963	-102110.314875	332.2239709067338	329.7057501301907
1011600.0	9.775925925925925	-103349.24150000003	332.2275785092282	329.7095910513967
1015200.0	9.593379629629629	-114346.81893750002	332.22700871550865	329.3830459594016
1018800.0	9.898055555555555	-135531.88762499997	332.2222803985557	328.9492162723491
1022400.0	10.118749999999999	-134748.3916875001	332.2248486585582	329.04342433247683
1026000.0	9.926388888888889	-116767.40162500012	332.2250229371324	329.41525657950194
1029600.0	9.949212962962964	-122028.01831250006	332.22367104841277	329.29671887605235
1033200.0	10.302592592592593	-134743.82887499995	332.2196707891817	329.0952120091443
1036800.0	10.378842592592592	-129438.05293749992	332.22401917966636	329.24777895624493
1040400.0	10.46787037037037	-131206.6629999999	332.22460714351865	329.23061940395763
1044000.0	10.317453703703704	-124616.22768749992	332.22464774817064	329.33978842066597
1047600.0	10.207546296296297	-122238.38237499993	332.2230098117828	329.3623135094547
1051200.0	10.887083333333333	-192690.08674999993	332.2046409441625	328.0549898570622
1054800.0	12.024074074074072	-242331.77787499997	332.210454674267	327.3986948562579
1058400.0	11.759814814814813	-233267.00974999994	332.22745038631984	327.47292285715525
1062000.0	11.560092592592593	-308152.53175	332.02964339299126	325.6715922383644
1065600.0	11.552407407407408	-256180.6055000001	331.8039662551521	326.50659499510306
1069200.0	12.306944444444445	-227574.96800000005	331.5811593757221	327.16497684557845
1072800.0	12.427592592592593	-214149.515125	331.5924214157414	327.4860937569848
1076400.0	11.366203703703704	-169589.371125	332.15407439956414	328.58820553624474
1080000.0	11.42611111111111	-179230.8031875	332.6431138164241	328.8972663939134
1083600.0	11.227546296296294	-175533.34406250005	333.2693414957237	329.5337876439223
1087200.0	11.198240740740742	-177531.21656250002	333.27123893667135	329.4909041698086
1090800.0	10.695740740740739	-166387.82868750003	333.2727625218941	329.55907931221327
1094400.0	10.459907407407407	-196322.25987500005	333.2489860469902	328.7655422804959
1098000.0	10.16861111111111	-202991.32475	333.1335999535277	328.36494566405236
1101600.0	10.159722222222221	-187432.1845	332.87616740757875	328.4705408159124
1105200.0	9.643796296296296	-188208.76743750006	333.17373352423016	328.5089581724245
1108800.0	9.01439814814815	-161970.55537499994	333.2167509140303	328.93113095660465
1112400.0	9.078148148148149	-152643.18818750008	333.21702692227643	329.2039575168619
1116000.0	8.88273148148148	-152448.57600000006	333.21929162784454	329.12514492088127
1119600.0	8.760925925925925	-137036.278875	333.22789995034907	329.50327091927124
1123200.0	9.076435185185185	-155723.03237500004	333.22334141079943	329.12444539301674
1126800.0	9.260787037037037	-159673.98625000002	333.2152023729653	329.0957143848507
1130400.0	9.018240740740742	-147360.37937500005	333.1957221780315	329.2926958138645
1134000.0	8.566435185185185	-136586.59287500003	333.2218832533961	329.4102956841627
1137600.0	9.084722222222222	-174816.86237500003	333.191446262012	328.6145423777793
1141200.0	10.513194444444444	-263676.424875	333.1912100706169	327.2904543729653
1144800.0	10.997407407407406	-262319.919125	333.1957243001885	327.49955641540106
1148400.0	11.259953703703703	-272493.041875	333.1974155812025	327.41553894902523
1152000.0	11.241712962962962	-252504.5925625	333.20051267618044	327.835064755091
1155600.0	10.895324074074074	-229284.84081250007	333.2041038221869	328.17689839696106
1159200.0	10.502546296296297	-191093.77274999997	332.94058765821944	328.59714508689774
1162800.0	9.665925925925926	-172983.55337499996	333.1750142341054	328.9142659687272
1166400.0	9.691157407407408	-185217.89325	333.23665682858393	328.6766421581027
1170000.0	9.028472222222222	-167577.74625000003	333.20897740740645	328.77568460092044
1173600.0	8.929907407407407	-169164.92687500003	333.17207455960147	328.6402149358277
1177200.0	9.815231481481481	-214376.6482500001	332.9413834139002	327.72704906672107
1180800.0	9.456898148148149	-185120.27618750004	333.129780156031	328.45169564406143
1184400.0	8.551712962962963	-177262.3884375	333.35512643708364	328.40461723751093
1188000.0	7.797361111111109	-171350.88025	333.5326081712551	328.2848331550943
1191600.0	7.549027777777777	-172658.4931875	333.56484514582786	328.10047373027703
1195200.0	7.587824074074074	-178169.49687499998	333.446085598601	327.84678027892727
1198800.0	7.340231481481481	-120139.57774999997	333.17578579821327	329.27736132815573
1202400.0	7.44375	-129412.08462499997	333.11179686069426	328.9616731350556
1206000.0	6.927175925925925	-94537.40625	333.11966060411265	329.8619634955766
1209600.0	7.2081481481481475	-103369.534875	333.1368257072633	329.7127701729517
1213200.0	6.712546296296296	-101630.16362500002	333.31926824403007	329.69667631250184
1216800.0	6.837129629629629	-98259.44837499999	332.9783280413992	329.5472790789813
1220400.0	6.775138888888888	-96046.51337499998	332.9813867773904	329.6006483149175
1224000.0	8.148888888888889	-203164.25437499996	333.05799848420816	327.52955684136833
1227600.0	10.139768518518519	-249062.4475	333.1964544677403	327.3412617519296
1231200.0	10.294814814814815	-250845.30206249998	333.0745985689039	327.2544568843704
1234800.0	9.95587962962963	-236389.57581250003	333.1360468435735	327.46334666921604
1238400.0	10.325509259259258	-248933.88856250007	333.1979895199285	327.4379443434797
1242000.0	10.47111111111111	-227629.10368749994	333.1219424171397	327.92914760862527
1245600.0	10.18300925925926	-229237.13762499994	333.1891729961089	327.81349826716223
1249200.0	10.146851851851851	-215926.52231250002	333.18884143418427	328.1053480179825
1252800.0	9.90462962962963	-206194.89574999997	333.2455820989603	328.27211115652574
1256400.0	8.732731481481482	-198407.98056250002	333.53289134814065	328.10265961531127
1260000.0	8.40037037037037	-200501.27687499998	333.5767483175805	327.87642309144064
1263600.0	7.613425925925926	-185013.157625	333.5852614124024	327.7668532648114
1267200.0	8.221898148148147	-198174.2425	333.2685509242424	327.50658441437093
1270800.0	8.331203703703702	-184417.34537499992	332.84948874270816	327.5528947551857
1274400.0	7.651527777777776	-155147.86031249992	333.38733620658263	328.5364783236956
1278000.0	7.459351851851851	-172841.97249999995	333.8507935592542	328.32629166836944
1281600.0	8.119907407407407	-152634.51399999988	332.78083535712875	328.2830037824679
1285200.0	8.10388888888889	-143620.39987499992	332.92697825419395	328.70163013402305
1288800.0	7.818796296296295	-121965.60174999986	332.91732508485273	329.1978721584473
1292400.0	7.976481481481481	-110985.42499999993	332.9197560257759	329.5957853824907
1296000.0	7.798564814814814	-105628.51649999995	332.92956436262887	329.6933411086788
1299600.0	7.94324074074074	-105628.41187499995	332.91166349986094	329.7349029537704
1303200.0	7.476666666666667	-116681.08599999998	333.3491562407898	329.62056425806685
1306800.0	7.165925925925925	-128906.34287499999	333.4883969339172	329.18910073571385
1310400.0	8.125648148148148	-222286.213	333.43051610338546	327.2445411738288
1314000.0	10.20273148148148	-256015.21662500006	333.15467950739276	327.1851127664142
1317600.0	10.23263888888889	-253797.77500000002	333.20614751416724	327.2828354299579
1321200.0	10.700138888888887	-274025.5849999999	333.0126549929597	326.90149916426975
1324800.0	11.17013888888889	-252709.48512500006	332.68611382175624	327.2794313715172
1328400.0	12.115833333333331	-222544.28800000006	332.4241986516967	328.03050288085893
1332000.0	11.581296296296296	-202640.9646875001	332.7086971774605	328.5281759584105
1335600.0	11.03212962962963	-190555.79100000006	333.17411444692164	329.0504609241537
1339200.0	10.02162037037037	-175962.85875	333.29972511091387	329.107693253801
1342800.0	8.177592592592593	-152141.59268750006	333.7308128904437	329.277165573889
1346400.0	6.678287037037037	-137954.59187499993	333.58026499069445	328.6310264356404
1350000.0	7.605555555555556	-144412.93425000002	332.26285063533965	327.65907788490097
1353600.0	9.874351851851852	-145821.22356249997	331.1948019892404	327.6125239283798
1357200.0	9.19300925925926	-150526.49075000006	333.07901660698604	329.17185851667404
1360800.0	9.625324074074074	-148161.8359375	331.7600321907363	328.0761407857386
1364400.0	9.15236111111111	-143563.127375	333.1023910930779	329.353587763513
1368000.0	8.700925925925926	-135779.60668749997	333.1537915268632	329.42329823219086
1371600.0	8.312685185185185	-145361.5885	333.5342015713386	329.3687079922035
1375200.0	7.161157407407407	-107373.32437499997	333.69155675669583	330.10418441644947
1378800.0	6.2753703703703705	-116844.62650000001	334.0794212058303	329.63667076308565
1382400.0	6.342453703703704	-109770.0796875	333.15739641308437	329.02042970030544
1386000.0	5.797314814814814	-103515.30656249997	333.5868593231113	329.3249578838294
1389600.0	5.916111111111111	-113005.26487499998	333.5619783379305	329.00191092620855
1393200.0	5.860601851851852	-110907.60724999997	333.56658425567423	329.0462568484098
1396800.0	6.503981481481481	-136636.40987499995	333.5255452820411	328.54579595735726
1400400.0	7.140694444444443	-172771.61218749997	333.49830794381154	327.73490032355767
1404000.0	8.975092592592592	-276599.6680625	333.3663926257676	325.99803368134815
1407600.0	9.109907407407407	-226425.7825	333.12385808822165	327.1847892360103
1411200.0	9.51398148148148	-208343.8758124999	333.0816927937435	327.8560878192712
1414800.0	9.537685185185182	-204038.35749999998	333.0796826789697	327.9694637049717
1418400.0	9.256388888888889	-183545.67575	333.08344383574405	328.3468625974381
1422000.0	8.737453703703704	-161082.18256250003	333.0910658582841	328.687154169513
1425600.0	8.954907407407406	-175628.08781250002	333.088314186702	328.4040273762406
1429200.0	8.932129629629628	-170345.00387500005	333.11320992505784	328.55789786784334
1432800.0	7.605648148148147	-145659.93250000002	333.39494326372204	328.80756768608546
1436400.0	6.824259259259259	-155846.21087500002	334.04310656369444	328.58387751194505
1440000.0	6.8677777777777775	-170739.08749999997	333.53124743195247	327.6091032464298
1443600.0	8.633611111111112	-174387.295375	332.05606133834647	327.16108535908194
1447200.0	9.060833333333333	-176760.38024999993	332.82893759955516	328.17154949685306
1450800.0	8.242546296296295	-155197.86524999997	333.17065705996447	328.6730292129281
1454400.0	8.24337962962963	-151331.88043750002	333.1527640192825	328.766766317169
1458000.0	8.355138888888888	-139466.52581249992	333.08598246729093	329.0996583401918
1461600.0	7.94685185185185	-122294.3160625	333.10003942170954	329.424330927419
1465200.0	8.57685185185185	-138043.87768749992	333.0829989209123	329.2369713735877
1468800.0	7.9131481481481485	-116093.98087499995	333.39324381806966	329.8851300774693
1472400.0	7.082222222222223	-114303.34724999998	333.59227449316353	329.73570572758035
1476000.0	6.683796296296296	-117548.12499999994	333.5785165729647	329.3777644328695
1479600.0	6.444259259259259	-118214.90399999998	333.59042322168864	329.20834090722633
1483200.0	6.545277777777777	-129670.94624999998	333.69323431958736	328.96196389307795
1486800.0	8.517453703703703	-129975.13181249997	331.6474192797061	328.0118017473165
1490400.0	9.380277777777778	-139861.2468749999	332.42009496096716	328.86245126769927
1494000.0	9.521203703703705	-154843.59337499982	332.90206980919504	329.016654722288
1497600.0	9.376805555555555	-152720.15343749992	333.2198872206461	329.325884373015
1501200.0	9.388055555555555	-170695.75724999997	333.38609298177835	329.04469490275494
1504800.0	9.05398148148148	-141796.81712499988	333.4053917301258	329.6628420575723
1508400.0	8.766712962962963	-132049.16937499997	333.40402883061745	329.81060944214397
1512000.0	8.436435185185184	-133098.94949999996	333.40975132780113	329.6428287577258
1515600.0	8.622916666666665	-138106.77474999992	333.4001734446625	329.5785076266318
1519200.0	8.522314814814814	-126957.58212499988	333.2911745191277	329.73212111136735
1522800.0	8.406805555555554	-104442.59212499984	332.908789553601	329.9408900209705
1526400.0	8.688703703703704	-114684.94174999982	332.92230977218446	329.7727015993603
1530000.0	8.622962962962962	-133650.60612499993	333.26745143028626	329.56803539479125
1533600.0	8.97675925925926	-151216.98862499994	332.99451822234727	328.9689162515599
1537200.0	9.128796296296295	-153204.02662499985	332.9636007869581	328.9525029214437
1540800.0	9.336712962962961	-158407.95399999997	333.05949892268086	329.00583754053196
1544400.0	9.54125	-176022.04549999983	333.39031874517934	328.9890804565481
1548000.0	9.543148148148148	-173110.97499999998	333.39058464115317	329.05547319518405
1551600.0	9.52296296296296	-167531.6298749999	333.39017423848617	329.18711904728553
1555200.0	9.266574074074073	-152139.45949999988	333.4031526221585	329.4824902236891
1558800.0	9.382175925925925	-165186.58062499986	333.39125958811286	329.1866646628623
1562400.0	9.468518518518518	-167155.8149374999	333.3872027815901	329.16967985647375
1566000.0	9.230092592592591	-159508.7136249999	333.3907562309336	329.26186218848153
1569600.0	8.908888888888887	-147436.65293749992	333.3967281865562	329.44418307156667
1573200.0	9.023518518518518	-157684.26481249993	333.3815720410711	329.210651463608
1576800.0	9.089166666666666	-168077.9990624999	333.3817971557364	328.9681895214486
1580400.0	9.13574074074074	-163741.2017499999	333.0682307792258	328.7879102674327
1584000.0	8.832685185185184	-169484.07962499995	333.3565414739511	328.77163891764724
1587600.0	8.875925925925927	-168003.71918749996	333.3921274388009	328.87189081670516
1591200.0	8.955231481481482	-161287.83268749993	333.3809303939081	329.07821226877144
1594800.0	8.873796296296296	-144198.06162499994	333.0517655728006	329.1701694825754
1598400.0	8.679398148148147	-151988.90024999992	333.39844501530314	329.21559424491306
1602000.0	8.849305555555555	-151560.09274999984	333.3977764089288	329.32090862788573
1605600.0	9.169814814814814	-159445.0745	333.0529501163617	328.90706811164125
1609200.0	9.002824074074073	-140422.0116874999	332.9953571223694	329.27373759684804
1612800.0	9.082824074074074	-167108.65424999993	333.3259380457117	328.93571807388184
1616400.0	9.464629629629629	-166834.83706249995	332.99871247001454	328.7897481788515
1620000.0	9.64333333333333	-182688.56062499995	333.24061179830704	328.7152568075082
1623600.0	9.688518518518515	-176470.09624999994	332.98310413438344	328.63096433963057
1627200.0	9.832592592592594	-178158.49381249986	332.94496841914497	328.617581017853
1630800.0	10.254537037037037	-193005.9186249999	333.250255082659	328.7563088813339
1634400.0	10.155833333333332	-191903.45012499986	333.0694786511676	328.55854464405337
1638000.0	10.820787037037038	-192813.58687499986	332.8863398315707	328.6392974113698
1641600.0	10.746898148148146	-178308.42918749983	332.8928899017075	328.9291536871927
1645200.0	10.259490740740741	-152979.5711249998	333.0025315785085	329.4436950960827
1648800.0	9.778055555555554	-154662.10193749983	333.4034786664468	329.6264684632116
1652400.0	9.611527777777777	-160852.26331249982	333.39903263111216	329.40147772890504
1656000.0	10.260925925925925	-214333.5117499999	333.38184356383897	328.4308823856583
1659600.0	12.038518518518517	-325745.423125	333.15092604362457	326.69983069606866
1663200.0	11.519351851851852	-335087.06968749996	332.8938900483835	325.93570103102974
1666800.0	11.031574074074072	-323631.0390625	332.5594192167078	325.5536587736567
1670400.0	11.36861111111111	-295517.9159999999	332.3482592509734	326.0780767631331
1674000.0	13.536018518518516	-273966.6229999999	331.6595533319891	326.8235405732543
1677600.0	13.751388888888888	-257306.61075	331.1554561237635	326.68472941063936
1681200.0	13.322129629629629	-243471.29525000002	331.5976802979985	327.2300437755003
1684800.0	13.313564814814812	-256169.68381249992	331.8789892893757	327.28130173701624
1688400.0	12.947083333333332	-222274.71587499997	332.0016873795942	327.9015265209296
1692000.0	12.519166666666665	-201953.83806249997	332.76875943812036	328.91436919347956
1695600.0	10.547037037037038	-182110.5249374999	333.3906372543633	329.193253098798
1699200.0	11.434444444444443	-165928.7748749999	331.86273090308987	328.38123393546596
1702800.0	11.817592592592591	-187180.728	332.84593512523384	329.060087761105
1706400.0	11.48425925925926	-196075.24412499997	333.37045095450446	329.2884312231913
1710000.0	11.109629629629628	-186814.68775000004	333.41015625700857	329.4022571181251
1713600.0	10.904537037037036	-185624.206375	333.1910658346257	329.1347045889777
1717200.0	11.001944444444444	-184651.04662500008	333.16081569769403	329.1558859914588
1720800.0	10.692499999999999	-162496.19912499998	333.1604390099903	329.5290587905364
1724400.0	10.332453703703703	-149862.40874999994	333.1425325447139	329.6781538182609
1728000.0	9.499814814814815	-128330.25825000001	333.1498920527434	329.91994235720693
1731600.0	9.006851851851852	-117257.08924999998	333.14456951510437	330.0375483438197
1735200.0	8.829074074074073	-122466.00375	333.127097781374	329.81546597984203
1738800.0	8.778888888888888	-134793.4095	333.1396050720589	329.4742418507552
1742400.0	8.464398148148147	-118038.95962499999	333.1506560334997	329.8206540572231
1746000.0	9.538055555555555	-216426.8565	333.1146708660556	327.72479962636356
1749600.0	10.350092592592592	-229607.77750000003	333.1223976999913	327.82522335154954
1753200.0	10.207407407407407	-231509.848375	333.1265950062863	327.7114074120741
1756800.0	10.762916666666666	-245348.883875	333.0542290714817	327.6056346005876
1760400.0	10.182777777777778	-185394.6668749999	333.10732826983065	328.75614868924885
1764000.0	9.665092592592593	-185741.88625	333.1844356149911	328.59375349209233
1767600.0	9.659120370370369	-195509.2655	333.1838257441598	328.3563041377806
1771200.0	9.720694444444444	-186602.44625	333.1768544765041	328.5902737229128
1774800.0	8.95962962962963	-199146.654375	333.0318413378419	327.4024041718154
1778400.0	10.169722222222221	-182416.41162500007	331.4623146228438	326.98142728200963
1782000.0	10.103379629629629	-182432.7835	331.6413841573254	327.183251957567
1785600.0	12.316574074074072	-171174.21512500002	330.5544249517757	327.23731726624277
1789200.0	11.370925925925924	-167861.41756250005	332.55005171250644	329.0053216079293
1792800.0	11.24	-201059.99762500002	332.72584389735715	328.38279206407844
1796400.0	10.073425925925925	-179893.30612499992	332.4414657556559	328.15493195193227
1800000.0	8.133842592592591	-155736.06787499995	333.104117634937	328.5476077283861
1803600.0	7.133333333333331	-125842.94999999998	333.11378504672894	328.8983644859813
1807200.0	6.006481481481481	-138428.22149999999	333.6782991006405	328.0077688632192
1810800.0	5.369351851851852	-125080.41200000004	333.18911805876803	327.61544055574706
1814400.0	5.850555555555555	-137771.223	332.79718400717115	327.1702375452657
1818000.0	5.788518518518519	-125785.08849999997	332.9136358794533	327.7203562215196
1821600.0	6.451527777777777	-118438.85962500001	331.9569965200771	327.57160779391404
1825200.0	7.03898148148148	-132480.40262499996	332.0668959655181	327.576073872264
1828800.0	7.553518518518517	-134088.68843749992	331.90794731863366	327.66662716770645
1832400.0	8.314675925925926	-176362.17556249994	331.5656213337147	326.6242083110293
1836000.0	9.8225	-214862.3252499999	332.3828135889841	327.1175478688367
1839600.0	8.82111111111111	-243752.24049999993	333.31320905327084	326.70727064583286
1843200.0	8.021805555555556	-221849.8589375	333.31053435525666	326.7043205927462
1846800.0	7.19699074074074	-198925.83362499997	333.3138333031622	326.70630395092275
1850400.0	6.473333333333333	-184293.26012500003	333.60106509023933	326.79550386892464
1854000.0	6.295138888888888	-176604.46187499998	333.2710522323809	326.5588576050914
1857600.0	6.653935185185185	-179439.69668750005	332.9760067858622	326.5338780762211
1861200.0	6.341666666666666	-149424.19275	332.9460381455067	327.3251989283708
1864800.0	5.896666666666666	-129338.05275000002	332.7236417599591	327.4804494640254
1868400.0	5.729953703703703	-127939.82487500002	332.728216347924	327.40047636125706
1872000.0	6.096435185185185	-142604.00481250003	332.7280672772175	327.1403569445712
1875600.0	6.305370370370369	-150282.71450000003	332.7266517983298	327.0383955477328
1879200.0	6.147916666666665	-151469.90212500002	332.72155479514555	326.83736897343493
1882800.0	6.622222222222221	-155148.63337499998	332.4030578307647	326.80520605270107
1886400.0	5.2972222222222225	-111840.96300000002	333.3238227285532	328.2705061640264
1890000.0	5.375	-130463.21131249999	333.15819682657735	327.3631825270014
1893600.0	5.659305555555555	-125837.67225	332.7475773812272	327.43704441305084
1897200.0	5.496064814814815	-117361.22600000002	332.98250719389983	327.8372526002588
1900800.0	6.19222222222222	-106334.495	331.7347474438245	327.6350858257044
1904400.0	6.38074074074074	-112032.55849999991	332.0449576407815	327.8508588448814
1908000.0	6.451157407407407	-108471.18162499994	332.0198855047144	328.0070956236397
1911600.0	6.422592592592592	-105972.57387499997	332.03280170298797	328.0900584984298
1915200.0	6.419027777777778	-110132.31856249992	332.0289620247987	327.94138577479555
1918800.0	6.603657407407407	-149791.70162499996	332.4008230327154	327.00955492217656
1922400.0	6.762546296296295	-165648.15899999999	332.52225023785076	326.6724781706482
1926000.0	7.907546296296296	-193184.4631249999	332.3177483964245	326.4849363833169
1929600.0	8.736064814814815	-188884.58874999997	332.0541549831164	326.89268126471825
1933200.0	5.97787037037037	-143163.65943749994	333.33709955111686	327.5643566046404
1936800.0	8.079120370370369	-138871.587375	331.12352376259753	327.0116894435924
1940400.0	8.811944444444444	-138152.68768749997	331.45484446674027	327.69603688756274
1944000.0	6.850046296296297	-117704.27393750005	332.21409911875605	328.0962535672856
1947600.0	5.444444444444444	-117965.63299999994	333.3017996748283	328.0901976197002
1951200.0	5.310833333333333	-131975.288625	333.15350495570686	327.20656651597506
1954800.0	5.7712962962962955	-137374.57024999993	332.73283257777166	327.0405046897797
1958400.0	5.848148148148149	-127384.13049999997	332.58765135065767	327.38680932351724
1962000.0	5.9554629629629625	-133447.31199999995	332.5787379125566	327.2272359244067
1965600.0	5.260601851851852	-132100.71075	333.0895356556957	327.08816125736575
1969200.0	5.031157407407408	-111229.85031249997	332.63293126601144	327.36598610573986
1972800.0	4.9803240740740735	-101133.54943749998	332.2362754480289	327.3487168964545
1976400.0	5.576018518518518	-118838.85262499997	332.72370203056425	327.6370018988954
1980000.0	5.626064814814814	-110235.06612499998	332.31683738621473	327.62670283875843
1983600.0	4.949583333333333	-90676.11018749997	332.662958953206	328.26827069709265
1987200.0	5.4799537037037025	-97532.80837499995	332.3931711634908	328.14114596251295
1990800.0	4.81	-89315.36324999994	332.83563571914067	328.3987304491153
1994400.0	4.853981481481481	-100065.05887499993	332.9344868871647	328.0075086700233
1998000.0	5.149814814814815	-110370.04787499993	332.9353692494992	327.8140411352131
2001600.0	5.0210185185185185	-105834.5579999999	332.9502772365488	327.9185444556232
2005200.0	5.408981481481481	-138986.09749999992	332.92032099573487	326.8473828285124
2008800.0	6.091666666666665	-164752.7937499999	332.87363000702817	326.41998584868304
2012400.0	6.193472222222222	-167309.83068749995	332.9694543500304	326.53730700426576
2016000.0	6.534629629629628	-168021.52675000002	332.7233749107311	326.54705280433427
2019600.0	5.849166666666666	-138221.6995	332.92387683781305	327.27219953321696
2023200.0	5.552361111111112	-131729.4605625	332.975082123878	327.3094180756162
2026800.0	5.556296296296296	-138420.018125	332.98432880902106	327.03580129414837
2030400.0	5.4967592592592585	-128853.62737499997	332.97524967345925	327.3726065426565
2034000.0	5.320324074074073	-138709.10281250003	332.9786765042885	326.7459432139059
2037600.0	5.156435185185185	-129964.91731249998	332.9398395538902	326.91349097682127
2041200.0	5.8725	-138083.05200000003	332.69489625798263	327.0843468677531
2044800.0	5.54736111111111	-119655.78787500001	332.68782919573977	327.5347373410321
2048400.0	5.653518518518519	-131219.66749999998	332.69763060613604	327.1561818438355
2052000.0	5.598981481481482	-132532.78875000004	332.6988495453209	327.0467836662799
2055600.0	5.335833333333333	-122507.105875	332.7531885509665	327.2725823871134
2059200.0	5.315092592592593	-122460.86550000001	332.81275741239716	327.32571431650587
2062800.0	5.326018518518518	-114791.66118749997	332.71283092966365	327.5661435178905
2066400.0	5.350509259259259	-116370.15987499998	332.7795251074601	327.58210888107635
2070000.0	5.635092592592592	-121836.92849999998	332.6739550880147	327.5141165228416
2073600.0	4.938981481481481	-95193.46312499998	332.9558244869963	328.3749847110391
2077200.0	5.329074074074073	-93466.778625	332.0387754135802	327.8704420139011
2080800.0	4.983796296296296	-92256.08912499995	332.52695113478603	328.10382961941065
2084400.0	4.909444444444444	-97700.71987499995	332.60717008250884	327.8683545255002
2088000.0	5.281759259259259	-107973.19374999998	332.604849804643	327.71877098507764
2091600.0	5.367083333333333	-102331.0329375	332.6437210514036	328.09115702680776
2095200.0	5.25212962962963	-105422.59512499998	332.6142824178566	327.8216894282542
2098800.0	5.339074074074074	-111455.1389375	332.6233243000036	327.63962835829966
2102400.0	5.6580555555555545	-129591.09412499997	332.61702086891364	327.14406738380364
2106000.0	5.169212962962963	-106000.63468749999	332.58664692342063	327.68728236071433
2109600.0	5.138796296296296	-103129.641375	332.588195721797	327.79303967029625
2113200.0	4.67412037037037	-98710.71149999998	332.49168402368343	327.47469836623605
2116800.0	4.967129629629629	-94983.94187499996	332.45883032445363	327.9123938422362
2120400.0	4.603148148148148	-82141.60287499997	332.4586100662675	328.19373387669236
2124000.0	5.050277777777778	-84757.23174999998	332.0205255876661	328.0127162808585
2127600.0	5.00648148148148	-94878.71431249999	332.7603114429855	328.23188861147514
2131200.0	5.340324074074074	-92972.62893750002	332.06453420313323	327.9180112550292
2134800.0	4.81162037037037	-104245.517375	332.65127372547835	327.4617536346436
2138400.0	4.781157407407407	-100067.00024999998	332.67443370104644	327.67299929256774
2142000.0	5.028425925925926	-111818.25549999997	332.6530396081704	327.3348735980115
2145600.0	6.395046296296296	-146277.89037500002	332.6666131869262	327.2075078384278
2149200.0	6.113287037037035	-134285.64500000002	332.7352391598841	327.48570969184345
2152800.0	5.577499999999999	-113670.276875	332.4584525980088	327.59177744758665
2156400.0	5.573009259259259	-109873.44143750002	332.70870628454736	328.00968695008635
2160000.0	5.236898148148148	-106431.42425000001	332.7037849774472	327.8497713300998
2163600.0	5.181203703703703	-105963.901625	332.71881030344025	327.8333538849669
2167200.0	5.288425925925925	-110962.93837500001	332.71885472561945	327.7065169517836
2170800.0	5.2464351851851845	-111338.09262499999	332.7117309201778	327.6446608980994
2174400.0	5.522222222222222	-113768.94600000001	332.7110515575171	327.7902634364283
2178000.0	6.013703703703704	-130063.01681250002	332.7241901623113	327.56210456981603
2181600.0	5.853472222222222	-125092.68993749999	332.7119290473664	327.60799494374197
2185200.0	5.842499999999999	-136294.3675	332.9466317728632	327.3759396206294
2188800.0	6.453055555555555	-132760.154375	332.0835652961202	327.08744739389675
2192400.0	5.51712962962963	-122501.70799999998	333.0422998703035	327.72506932331135
2196000.0	5.3657407407407405	-123664.26224999997	333.08872897283237	327.6009225336724
2199600.0	5.248472222222222	-112697.51043749998	332.63183739039823	327.51820577526144
2203200.0	5.5781481481481485	-128459.95449999999	332.58536040536075	327.1007580096917
2206800.0	5.598888888888888	-117160.74899999995	333.06458318986046	328.05358155803003
2210400.0	5.066851851851852	-94770.16975000003	332.4757925405442	328.0138195883167
2214000.0	4.349722222222223	-91260.27224999998	333.0191443122425	328.0275203113871
2217600.0	5.204444444444444	-114752.32799999996	332.51166136382716	327.22666657690684
2221200.0	6.046666666666666	-135405.25649999996	332.56073398676875	327.2094127179272
2224800.0	5.864722222222222	-126696.03124999997	332.5608907941331	327.40002363834896
2228400.0	5.5559259259259255	-123752.23249999994	332.70652183075146	327.39680722338574
2232000.0	5.978055555555555	-139563.06368749993	332.8601913604974	327.2540426090744
2235600.0	6.040277777777777	-138764.81174999994	332.63101203480426	327.1033730523546
2239200.0	6.16398148148148	-120619.59724999996	332.3600116464269	327.67869108136614
2242800.0	6.732222222222222	-120187.9765	331.8297246604054	327.55909467663565
2246400.0	6.8425	-121381.80975000001	332.0820972218673	327.850764925743
2250000.0	6.863148148148149	-136637.22749999998	332.71185260605375	327.9524797425024
2253600.0	5.705833333333333	-127595.752	333.3244675086312	327.96969060134296
2257200.0	4.715740740740741	-119142.56349999999	333.8472650377439	327.80943744884814
2260800.0	4.914212962962963	-120998.26224999999	333.2717132220529	327.40197977966085
2264400.0	6.5156481481481485	-221883.244	333.5626582023205	325.4234132764576
2268000.0	6.441388888888888	-217998.06437500002	333.9134022941483	325.8424829743623
2271600.0	6.911388888888889	-232485.42224999995	333.7362928578971	325.69910095759076
2275200.0	7.534814814814814	-237823.22699999998	333.59176962402523	326.06244661527694
2278800.0	7.383379629629628	-199075.46287499997	332.739487125844	326.29159424666767
2282400.0	7.935324074074073	-164853.5960625	332.0934062486124	327.12619974404794
2286000.0	8.159166666666664	-155513.66999999998	331.9697959910687	327.4174915912591
2289600.0	7.0579629629629625	-138190.098875	332.52471019798975	327.83343313691313
2293200.0	6.417407407407407	-148834.751	333.06287897731386	327.50087277328305
2296800.0	4.9010185185185176	-127121.610875	333.679510170144	327.4955153215191
2300400.0	5.716527777777777	-130988.0355	332.5052283049399	326.98046868777715
2304000.0	7.5062037037037035	-152140.74406249996	331.74506862209626	326.8903247992962
2307600.0	6.466666666666667	-150018.87737499998	332.940882659528	327.403095318244
2311200.0	6.023842592592593	-159612.80774999998	333.1726792215341	326.8294558885588
2314800.0	5.167175925925926	-148272.65318749996	333.9530903882019	327.1027341567265
2318400.0	5.093564814814815	-121459.14118749998	332.9311788345463	327.2421959132844
2322000.0	4.857407407407408	-111652.79687499994	332.7836088833018	327.2825743063936
2325600.0	5.3109722222222215	-125442.91437499995	332.79988003973926	327.15503649208034
2329200.0	4.965833333333333	-115651.80074999998	333.0897529298635	327.5308560070499
2332800.0	5.0841666666666665	-118664.17537499999	333.09414403968026	327.51913926389636
2336400.0	5.275	-103410.86562500003	332.50124231094884	327.81357572548353
2340000.0	5.748888888888889	-112234.48668750006	332.2432172491038	327.5805657680577
2343600.0	5.908657407407406	-108637.74850000002	332.2590748832981	327.8675807388522
2347200.0	5.887962962962963	-105698.154125	332.2593523675802	327.982362659213
2350800.0	7.656249999999999	-196147.226125	332.28286431101185	326.26082626472527
2354400.0	7.802175925925926	-194914.084875	332.66563885142705	326.7015944253019
2358000.0	7.607962962962962	-192749.43237500003	332.7161530275716	326.66535189892005
2361600.0	7.150925925925925	-186278.03706249996	333.21864418345695	326.9718340610516
2365200.0	6.02361111111111	-172754.928375	333.7354028658037	326.88696360995027
2368800.0	5.676759259259259	-161024.799625	333.73735716960397	326.9635666934219
2372400.0	7.34861111111111	-146202.87425	331.7355434091819	326.95924280892115
2376000.0	6.494537037037036	-144463.54950000002	332.46653204594975	327.14710778363445
2379600.0	6.01449074074074	-136847.83568750002	332.7040487057797	327.21439220140337
2383200.0	7.830694444444443	-148226.79449999996	331.851466842188	327.3022083226476
2386800.0	6.196805555555555	-137041.6631875	333.0049611478714	327.7096466703941
2390400.0	5.966990740740741	-150147.43825	333.1815338618823	327.1706119690006
2394000.0	5.850509259259259	-151539.14643749996	333.1865163460887	327.00116319383073
2397600.0	5.840462962962963	-162030.97049999997	333.1858544493366	326.5649176208105
2401200.0	6.024907407407406	-163671.517625	333.1075182289386	326.61259252405307
2404800.0	5.8066203703703705	-141381.39	333.0401073998017	327.22746719902494
2408400.0	5.53462962962963	-130695.99612500002	333.04420243383294	327.4048069427736
2412000.0	5.802592592592592	-141364.746875	333.0310649142344	327.2113021184628
2415600.0	5.793981481481481	-131540.51750000002	333.0266056707156	327.6055436096043
2419200.0	5.723518518518518	-123319.426	333.0088288215849	327.8597399919951
2422800.0	5.523981481481481	-123168.09175000002	333.03559263912746	327.70971390154625
2426400.0	5.563101851851852	-121583.59068750002	332.9301286763515	327.7015083857408
2430000.0	5.867962962962963	-125331.60112500002	332.7574594817428	327.657058413975
2433600.0	5.802777777777777	-133997.14737500003	333.0254735189978	327.5112092839296
2437200.0	6.520462962962963	-198217.46425000002	333.0264570359251	325.93561543524345
2440800.0	7.451527777777778	-206854.19793749996	333.03251118385924	326.4016746152061
2444400.0	7.4937499999999995	-210538.18368749996	333.02978847764246	326.3166603549268
2448000.0	7.118194444444445	-181878.57906249992	332.89688135235133	326.7959811324012
2451600.0	7.635925925925926	-177417.320625	332.26965329941595	326.7149391252904
2455200.0	7.6896296296296285	-157690.87362499998	332.1790917476967	327.2926145955671
2458800.0	6.603888888888889	-123213.97562499998	332.4987078629376	328.03495905820046
2462400.0	7.4125	-228376.8295	332.88504930744375	325.743914527446
2466000.0	6.312592592592592	-165481.503	333.1982085998627	326.96214292526486
2469600.0	6.282222222222222	-157964.00493749994	333.034348063477	327.03139724953695
2473200.0	6.598148148148147	-173319.8549375	333.05416734600436	326.78190519828604
2476800.0	6.754398148148147	-184917.08281249998	333.1621348391013	326.62254221169235
2480400.0	6.612222222222222	-180153.5705	333.2043040059713	326.6964849566474
2484000.0	6.192638888888889	-172178.40781250002	333.2120799239172	326.5706605935177
2487600.0	6.270370370370371	-178197.23025000002	333.1522454231951	326.369099228788
2491200.0	6.169166666666666	-158230.444125	333.0419171674513	326.9127383602749
2494800.0	5.94875	-144307.56912500004	333.02802733735706	327.232535400069
2498400.0	5.4709259259259255	-130771.81631250006	333.0146924024334	327.30264196351834
2502000.0	5.592361111111111	-126191.00637500001	332.7381643874929	327.34677339209304
2505600.0	5.742037037037037	-128262.55812500001	332.7432122463417	327.40416802202867
2509200.0	5.808981481481481	-126879.86900000004	332.69102482289253	327.4746354131978
2512800.0	6.041944444444443	-150475.43374999997	333.35969085709274	327.41068499016876
2516400.0	5.455185185185185	-131238.74799999996	333.54105041749375	327.79133121372644
2520000.0	5.650555555555555	-155759.44574999996	333.5525141166437	327.0128034167396
2523600.0	6.959629629629629	-217523.20249999996	333.59776933825935	326.1760965386596
2527200.0	7.603981481481481	-256814.6116874999	333.99404652048634	325.9687639107414
2530800.0	7.9674999999999985	-256697.36387499992	333.49847553782615	325.79223335936587
2534400.0	9.24861111111111	-236952.60749999995	332.1473457690913	326.018126458647
2538000.0	9.33537037037037	-201957.137625	332.0295814522187	326.8670033292535
2541600.0	8.083287037037037	-185349.53087499997	332.7574975237358	327.25885329780044
2545200.0	7.521574074074073	-183825.28799999997	332.9465617340775	327.1131598519815
2548800.0	6.674953703703704	-146486.1231875	332.6729988912762	327.3964868909255
2552400.0	6.478518518518518	-150864.76468750002	332.6811267556437	327.1182920129397
2556000.0	5.700324074074074	-147167.14475	333.12171605614554	326.94495970643334
2559600.0	5.452916666666667	-150902.55949999997	333.5789193118596	326.9516817173932
2563200.0	5.487685185185185	-152756.905875	333.68759103196487	327.0399830460378
2566800.0	5.663564814814814	-164150.91518749998	333.68115703730643	326.76182033305
2570400.0	5.896157407407407	-149883.5565625	332.78650899164967	326.6625963586394
2574000.0	6.165324074074074	-156885.005375	333.1114838905924	327.05177763871666
2577600.0	5.348333333333334	-136101.985375	333.37065485585333	327.2555314282718
2581200.0	5.252314814814815	-143467.43425	333.6304263144833	327.1024734491403
2584800.0	4.512870370370369	-115769.33531250004	333.7200905775172	327.59362526083504
