#1
double tab1(706,7)
# Date
# Eau Chaude - Température Départ - SST DOCKS (°C)
# Eau Chaude - Température Retour - SST DOCKS (°C)
# SSDOCKECH4CTPDEP__MSEC
# SSDOCKECH4CTPRET__MSEC
# Eau Chaude - Débit SST DOCKS (m3/h)
# m_sec_m3
0.0	221.89999999999998	214.03333333333333	220.26	212.0883333333333	1.0202399999999998	0.9822251340563027
3600.0	332.8416666666666	321.05333333333334	330.3583333333333	318.1983333333333	1.47384	1.4295405396549867
7200.0	333.1499999999999	320.88999999999993	330.4683333333333	318.17166666666657	1.5412799999999995	1.5362987887142932
10800.0	333.1499999999999	320.8816666666666	330.26333333333326	318.0716666666666	1.5009599999999998	1.510956330791418
14400.0	333.0333333333333	321.13999999999993	330.1883333333333	317.81666666666666	1.6164	1.5534897698281767
18000.0	332.65	321.10833333333335	330.17999999999995	317.86999999999995	1.58352	1.4851744841639158
21600.0	332.65	321.0083333333333	330.3016666666666	317.905	1.6127999999999998	1.5149671329342285
25200.0	333.24	321.0583333333333	330.2833333333333	317.905	1.5564	1.53166605978861
28800.0	332.9333333333333	320.98999999999995	330.25666666666666	317.6066666666666	1.6209599999999997	1.5286555501044938
32400.0	332.74999999999994	321.0566666666666	330.3016666666666	317.9133333333333	1.56936	1.4813514511223904
36000.0	332.74999999999994	321.0183333333333	330.5533333333333	318.26	1.44336	1.377351407873353
39600.0	333.05	321.16166666666663	330.1683333333333	318.8483333333333	1.2755999999999998	1.3401255252718265
43200.0	333.25	321.3133333333333	330.1433333333333	318.97999999999996	1.23552	1.3214008470497878
46800.0	333.25	321.22166666666664	330.0883333333333	318.90833333333325	1.22016	1.3128425634697467
50400.0	333.25	321.12499999999994	330.2266666666666	318.82833333333326	1.2844799999999998	1.3672219042180342
54000.0	333.25	320.9683333333333	330.23499999999996	318.80499999999995	1.27392	1.3690328174659299
57600.0	333.25	321.0183333333333	330.2683333333333	318.7833333333333	1.24304	1.325106521067434
61200.0	333.25	320.85166666666663	330.205	318.5016666666666	1.33032	1.4096536868103713
64800.0	333.1083333333333	321.1166666666667	330.1833333333333	318.23	1.52616	1.5308079983127638
68400.0	332.74999999999994	321.2316666666667	330.3016666666667	318.24833333333333	1.5271199999999996	1.459837900377464
72000.0	332.74999999999994	321.1283333333333	330.2516666666666	317.8533333333333	1.5277399999999999	1.432079549189189
75600.0	332.74999999999994	321.02	330.3283333333333	318.1316666666666	1.49268	1.4355971375616434
79200.0	332.74999999999994	320.9683333333333	330.2483333333333	317.85166666666663	1.57176	1.4941860059599321
82800.0	332.74999999999994	321.0383333333333	330.3633333333333	317.82499999999993	1.6063199999999997	1.5008590921367735
86400.0	332.74999999999994	320.85833333333335	330.46666666666664	317.88833333333326	1.5786133333333332	1.4927247057180542
90000.0	332.74999999999994	320.9733333333333	330.33166666666665	317.8066666666666	1.56672	1.4733957002998739
93600.0	332.74999999999994	321.03333333333325	330.2883333333333	317.8216666666666	1.6406399999999999	1.542286951337514
97200.0	332.74999999999994	321.0116666666666	330.24666666666667	317.48666666666657	1.661833333333333	1.528605347120615
100800.0	332.74999999999994	320.9583333333333	330.31666666666666	317.60666666666657	1.6869599999999996	1.5653672765791076
104400.0	333.1666666666667	320.87333333333333	330.50999999999993	317.7616666666666	1.5931199999999999	1.538453174322608
108000.0	333.25	320.95166666666665	330.46666666666664	317.87499999999994	1.55808	1.5225733649266364
111600.0	333.1166666666666	320.94166666666666	330.31833333333327	317.95	1.56504	1.5404456089464138
115200.0	332.74999999999994	320.915	330.47499999999997	317.85666666666657	1.6082400000000001	1.5090178143949984
118800.0	333.2083333333333	320.8283333333333	330.4316666666667	317.835	1.53072	1.504567370182189
122400.0	333.25	321.13	330.1833333333333	318.31166666666667	1.39872	1.4286581823351543
126000.0	333.25	320.95666666666665	330.16166666666663	318.49499999999995	1.30944	1.3803875127975482
129600.0	333.25	321.31833333333327	330.135	318.6866666666666	1.29	1.3445664298109996
133200.0	333.25	321.1783333333333	330.2049999999999	318.78	1.2955199999999998	1.3705096380709048
136800.0	333.25	321.1583333333333	330.37	318.8733333333333	1.29456	1.361882750046826
140400.0	333.25	321.2849999999999	330.2433333333333	319.0799999999999	1.1724	1.257460363033681
144000.0	333.25	321.1183333333333	330.1716666666666	319.0983333333333	1.17072	1.2831031127576609
147600.0	333.25	321.34	329.91833333333335	319.07333333333327	1.22112	1.341846932426827
151200.0	333.01666666666665	321.21	329.96333333333325	318.8383333333333	1.3285399999999998	1.4108279273378115
154800.0	332.74999999999994	321.1483333333333	330.14	318.5966666666667	1.41504	1.422698454065493
158400.0	332.74999999999994	321.1116666666666	330.2966666666666	318.5533333333333	1.41384	1.4009667770399337
162000.0	332.74999999999994	321.235	330.185	318.41999999999996	1.48296	1.4515386636712864
165600.0	332.74999999999994	321.26166666666666	330.04499999999996	318.53999999999996	1.4239199999999999	1.4227641701509433
169200.0	333.1333333333333	320.96	330.3583333333333	318.16499999999996	1.43808	1.435872858127153
172800.0	333.25	320.8083333333333	330.2733333333333	318.45	1.3537333333333332	1.4251008404822376
176400.0	333.25	321.03166666666664	330.135	318.3916666666666	1.4260799999999998	1.4842297980297763
180000.0	333.25	321.09499999999997	330.38166666666666	318.58	1.40856	1.4509281022650942
183600.0	333.25	320.95666666666665	330.28166666666664	318.54499999999996	1.37808	1.4440976106326506
187200.0	333.25	320.965	330.4083333333333	318.4283333333333	1.3995666666666666	1.4354056199789818
190800.0	333.25	321.03499999999997	330.18999999999994	318.3466666666666	1.4152799999999999	1.460090166251575
194400.0	333.0833333333333	321.20833333333326	330.04833333333335	318.3016666666666	1.4428800000000002	1.4595948935136618
198000.0	333.11	321.075	330.2833333333333	318.4966666666666	1.3839733333333333	1.413211509274724
201600.0	333.1499999999999	321.0133333333333	330.28499999999997	318.4849999999999	1.3790399999999998	1.4188641176957209
205200.0	333.1499999999999	321.0883333333333	330.3066666666666	318.86999999999995	1.28736	1.3580001599833778
208800.0	332.9816666666666	321.3233333333333	330.125	319.1166666666666	1.1911200000000002	1.2614819032491276
212400.0	333.04999999999995	321.275	329.97666666666663	319.7466666666666	1.07832	1.2411252367588097
216000.0	333.04999999999995	321.4316666666666	329.81666666666666	320.12166666666667	1.01928	1.2215980966918019
219600.0	333.04999999999995	321.27	329.9466666666666	319.85833333333335	1.02	1.191058714236195
223200.0	333.04999999999995	321.25333333333333	330.03666666666663	319.8716666666666	1.01512	1.1795784045832092
226800.0	333.04999999999995	321.0216666666666	330.0283333333333	319.6933333333333	1.0692533333333332	1.2448564128975317
230400.0	333.04166666666663	321.2466666666666	329.94666666666666	319.53499999999997	1.13136	1.281723852232946
234000.0	332.54999999999995	321.2733333333333	329.90166666666664	318.9366666666666	1.31288	1.3485523491373672
237600.0	332.54999999999995	321.31	329.96166666666664	318.865	1.35504	1.3733020070866173
241200.0	332.8083333333333	321.2383333333333	330.1316666666666	318.9	1.3667933333333333	1.4080978152364216
244800.0	333.04999999999995	321.12499999999994	330.18	318.5983333333333	1.3836	1.4250166144227159
248400.0	333.04999999999995	320.97166666666664	330.1283333333332	318.56833333333327	1.4409599999999998	1.505853518259277
252000.0	333.04999999999995	321.2166666666666	330.145	318.4316666666666	1.40856	1.4231102919379757
255600.0	333.04999999999995	320.9316666666666	330.25333333333333	318.33666666666664	1.4844	1.5100423226817297
259200.0	333.04999999999995	320.9783333333333	330.3833333333333	318.1583333333333	1.4930400000000001	1.4752229590665804
262800.0	333.04999999999995	321.20833333333326	330.35833333333335	318.5333333333333	1.4226799999999997	1.4246657288643187
266400.0	333.04999999999995	320.905	330.325	318.25333333333333	1.45656	1.4654862899982635
270000.0	333.04999999999995	321.0516666666666	330.3433333333333	318.14666666666665	1.51488	1.4905775938135586
273600.0	332.7166666666666	321.03166666666664	330.2083333333333	317.9816666666666	1.5542466666666668	1.4857825100435305
277200.0	333.04999999999995	321.00666666666666	330.3383333333333	317.94666666666666	1.54344	1.5002116072355325
280800.0	333.04999999999995	320.7633333333333	330.34666666666664	317.8983333333333	1.5256933333333333	1.507262207363937
284400.0	333.04999999999995	320.9866666666667	330.2833333333333	317.885	1.5335333333333336	1.4926825260125691
288000.0	333.04999999999995	321.0983333333333	330.3333333333333	317.9833333333333	1.5458399999999997	1.49649472122485
291600.0	333.04999999999995	321.07333333333327	330.2149999999999	318.0616666666666	1.5067266666666665	1.4853628978007303
295200.0	333.04999999999995	321.1599999999999	330.37333333333333	318.35166666666663	1.3792799999999998	1.3637238304862682
298800.0	333.04999999999995	321.07	330.1533333333333	318.7516666666666	1.23624	1.2995447515164313
302400.0	333.04999999999995	321.2133333333333	330.245	319.0583333333333	1.1804933333333332	1.24968125157104
306000.0	333.04999999999995	321.0083333333333	330.155	319.00166666666667	1.25352	1.353626175993702
309600.0	333.04999999999995	321.01666666666665	330.1733333333333	318.78	1.32816	1.4030656449648908
313200.0	333.04999999999995	321.21000000000004	330.2233333333333	318.69499999999994	1.3421999999999998	1.3787829863709062
316800.0	333.04999999999995	320.98999999999995	330.2049999999999	318.6716666666666	1.326	1.3861229868708191
320400.0	333.04999999999995	321.14166666666665	330.18833333333333	318.66999999999996	1.36344	1.4099153247228515
324000.0	333.04999999999995	321.1133333333333	330.0799999999999	318.46999999999997	1.4328	1.4728138636753958
327600.0	332.65	321.06999999999994	330.10333333333324	318.11999999999995	1.55256	1.5013724232345829
331200.0	332.9416666666666	321.1283333333333	330.33666666666664	318.25	1.51152	1.4773941283157765
334800.0	333.04999999999995	321.07333333333327	330.3566666666666	317.895	1.5527999999999997	1.4931787521563886
338400.0	333.04999999999995	321.01333333333326	330.2016666666666	318.10999999999996	1.5250066666666666	1.5186381332583514
342000.0	333.04999999999995	320.975	330.2516666666666	317.94999999999993	1.5479999999999998	1.5197874293901625
345600.0	333.04999999999995	320.93499999999995	330.31333333333333	317.7566666666666	1.5909599999999997	1.5356378308649923
349200.0	333.04999999999995	321.14	330.2899999999999	317.76499999999993	1.59536	1.5173182173690458
352800.0	333.04999999999995	320.93999999999994	330.33166666666665	318.0483333333333	1.5639599999999998	1.542404581702292
356400.0	333.04999999999995	320.8483333333333	330.2099999999999	317.64333333333326	1.6332	1.585703533003049
360000.0	333.04999999999995	321.06999999999994	330.2583333333333	317.4083333333333	1.66426	1.5520650858307006
363600.0	332.88333333333327	321.0683333333333	330.2366666666667	317.3949999999999	1.68888	1.554152133664723
367200.0	333.04999999999995	321.08	330.37666666666667	317.67333333333335	1.6555199999999999	1.5604472845607913
370800.0	333.04999999999995	320.9633333333333	330.395	317.74999999999994	1.6329600000000002	1.5609587882193487
374400.0	333.04999999999995	320.8583333333333	330.34166666666664	317.5083333333333	1.6384799999999997	1.557126527367286
378000.0	333.04999999999995	321.08166666666665	330.33166666666665	317.65	1.5832799999999998	1.4942694645414507
381600.0	333.04999999999995	321.1033333333333	330.41166666666663	317.8933333333333	1.4776799999999999	1.4107408626957316
385200.0	333.04999999999995	320.94833333333327	330.3399999999999	318.7166666666666	1.3377599999999998	1.3927850613983623
388800.0	333.04999999999995	321.14	330.1599999999999	318.69	1.3091999999999997	1.3601661067989608
392400.0	333.04999999999995	321.2383333333333	330.0799999999999	318.8633333333333	1.26768	1.3350175558989594
396000.0	333.04999999999995	321.06	330.29999999999995	318.84166666666664	1.29336	1.3536396741163335
399600.0	333.2583333333333	321.13499999999993	330.25833333333327	318.9033333333333	1.2266400000000002	1.3098634488610532
403200.0	334.0516666666666	320.9033333333333	330.40333333333325	318.945	1.16136	1.3337023270252328
406800.0	331.2883333333333	321.55999999999995	329.2483333333333	318.335	1.6526399999999999	1.45857188067242
410400.0	332.78333333333336	321.23499999999996	330.10999999999996	318.3033333333333	1.4634066666666667	1.4311392195965378
414000.0	332.95	321.15666666666664	330.25999999999993	318.47999999999996	1.3930733333333336	1.3948957503242396
417600.0	332.95	321.05	330.2633333333333	318.28166666666664	1.44552	1.4364473148597234
421200.0	332.95	320.8666666666667	330.2633333333333	317.96666666666664	1.50624	1.480090263110149
424800.0	332.95	321.15333333333325	330.2566666666666	317.9766666666666	1.4970533333333333	1.4381547513952686
428400.0	332.95	321.15666666666664	330.2083333333333	317.95166666666665	1.48824	1.432039597629134
432000.0	332.95	321.00999999999993	330.1716666666666	317.80999999999995	1.571913333333333	1.5181559151487203
435600.0	332.95	321.0249999999999	330.2049999999999	317.6933333333333	1.5887666666666667	1.5145740355037756
439200.0	332.95	320.9583333333333	330.3383333333333	317.7	1.56768	1.4884784419232067
442800.0	332.95	320.9316666666666	330.2833333333333	317.85833333333323	1.5784799999999999	1.5270319066697209
446400.0	332.95	321.0233333333333	330.33666666666664	317.8133333333333	1.6048799999999999	1.528777593346088
450000.0	332.95	320.85333333333335	330.38666666666666	317.75666666666666	1.6041599999999998	1.536418926509178
453600.0	332.95	321.0433333333333	330.33666666666664	317.6816666666666	1.6533599999999997	1.5556943279993334
457200.0	332.95	320.95	330.4266666666666	317.71	1.63584	1.5438356215275417
460800.0	332.95	320.93666666666667	330.40666666666664	317.8533333333333	1.5771266666666666	1.509626958900349
464400.0	332.95	320.91499999999996	330.53166666666664	317.87666666666667	1.45584	1.3847710278883594
468000.0	332.95	321.05999999999995	330.29999999999995	318.5733333333333	1.3226399999999998	1.3404189582098283
471600.0	332.95	321.6266666666666	330.0066666666666	319.5083333333333	1.0696599999999998	1.1537616464029021
475200.0	332.95	321.5566666666666	329.84833333333336	320.12999999999994	0.9750466666666666	1.1439161343874416
478800.0	332.95	321.58833333333337	329.61999999999995	320.19499999999994	0.93096	1.1227244844403415
482400.0	332.95	321.3133333333333	329.955	319.9916666666667	1.01424	1.1847393177101113
486000.0	332.95	321.53999999999996	329.8133333333333	320.38666666666666	0.9568199999999999	1.1586095513981307
489600.0	332.95	321.65166666666664	329.77666666666664	320.60999999999996	0.9057599999999999	1.1182781263710986
493200.0	332.95	321.2883333333333	329.9483333333333	319.9316666666667	0.9623999999999999	1.1205134077680814
496800.0	332.95	321.1166666666666	329.87999999999994	319.4416666666666	1.1409599999999998	1.2930785125211381
500400.0	332.67499999999995	321.31833333333327	329.86833333333334	319.16333333333336	1.25952	1.336902305057705
504000.0	332.85	321.09666666666664	330.13999999999993	318.8433333333333	1.3488	1.4040288096510047
507600.0	332.85	321.05666666666656	330.1716666666666	318.56999999999994	1.3830399999999998	1.4073603782055708
511200.0	332.85	320.94333333333327	330.22166666666664	318.5533333333333	1.4076333333333335	1.436552092440982
514800.0	332.85	321.10499999999996	330.21166666666664	318.5733333333333	1.4136	1.4266112379899136
518400.0	332.94166666666666	321.20166666666665	330.4216666666666	318.5683333333333	1.38288	1.3699683659034498
522000.0	333.34999999999997	320.825	330.31	318.4699999999999	1.4013733333333334	1.4831066718787074
525600.0	333.20833333333326	321.08000000000004	330.1633333333333	318.46	1.4147999999999998	1.465974667409515
529200.0	332.85	321.19499999999994	330.0816666666666	318.5333333333333	1.3983466666666666	1.4121642788140276
532800.0	332.85	320.96	330.09499999999997	318.16666666666663	1.47672	1.471931748901975
536400.0	332.85	321.0716666666666	330.29166666666663	318.23499999999996	1.5456	1.5110710933023046
540000.0	332.85	321.10166666666663	330.1583333333333	318.65666666666664	1.37304	1.4025116732963694
543600.0	332.85	321.0516666666666	330.19499999999994	318.3383333333333	1.4273600000000002	1.4204461115658316
547200.0	332.85	321.0466666666666	330.18666666666667	318.2316666666666	1.49376	1.4750222005416902
550800.0	332.85	321.0	330.41666666666663	318.27	1.4525199999999998	1.4177390661516704
554400.0	332.85	321.1883333333333	330.0866666666667	318.525	1.3555199999999998	1.3678223216313734
558000.0	332.85	321.3033333333333	330.21666666666664	319.31833333333327	1.15032	1.2183801270217358
561600.0	332.85	321.21666666666664	330.0483333333333	319.53999999999996	1.08624	1.2030039713430472
565200.0	332.85	321.15166666666664	330.0233333333333	319.1633333333333	1.12416	1.2109415490935291
568800.0	332.96666666666664	321.21	330.17499999999995	319.26666666666665	1.1090399999999998	1.195243254346479
572400.0	333.34999999999997	321.25666666666666	329.8733333333333	319.44333333333327	1.1105	1.2876263536763677
576000.0	332.85833333333335	321.4266666666666	329.97666666666663	319.4466666666666	1.1118533333333334	1.2077690093422826
579600.0	332.85	321.45	329.8383333333333	320.0	1.09104	1.2653839666403868
583200.0	332.85	321.43666666666667	329.8733333333333	319.63499999999993	1.18728	1.3244650616584708
586800.0	332.85	321.19166666666666	329.9916666666666	319.0583333333333	1.2799866666666666	1.3648293269158673
590400.0	332.85	321.12999999999994	330.09499999999997	318.875	1.33272	1.3924160161445986
594000.0	332.85	321.21666666666664	329.97833333333335	318.55333333333334	1.4126400000000001	1.4388960406700775
597600.0	332.85	321.19666666666666	330.0016666666666	318.58333333333326	1.4319666666666668	1.4622350831416657
601200.0	332.85	321.1266666666666	330.1149999999999	318.3783333333333	1.5067199999999998	1.5052853601751777
604800.0	332.85	321.0916666666666	330.15166666666664	318.4666666666666	1.47636	1.4861457878594435
608400.0	332.85	320.97166666666664	330.1116666666667	318.075	1.52256	1.5023094796415597
612000.0	332.85	321.1833333333333	330.065	318.015	1.51632	1.468324386076621
615600.0	332.85	321.15666666666664	330.13666666666666	318.0199999999999	1.5596133333333335	1.5056282366611664
619200.0	332.85	321.0816666666666	330.19666666666666	318.1866666666666	1.5965199999999995	1.5648834039804311
622800.0	332.85	321.0433333333333	330.34499999999997	318.07666666666665	1.578	1.5188412404241092
626400.0	332.85	321.045	330.3116666666666	318.0949999999999	1.54176	1.4902848830435855
630000.0	332.85	320.86999999999995	330.3633333333333	318.21	1.5453999999999999	1.5236852049647323
633600.0	332.85	320.85333333333335	330.1433333333333	317.6716666666667	1.57368	1.514817801193066
637200.0	332.85	321.1033333333333	330.26666666666665	318.2783333333333	1.47792	1.448038856757835
640800.0	332.85	321.2983333333333	330.2783333333333	318.95666666666665	1.3022399999999998	1.3268363377560572
644400.0	332.85	321.3066666666666	330.01333333333326	319.6533333333333	1.07136	1.1937612676940983
648000.0	332.85	321.58333333333337	329.7983333333333	319.93833333333333	0.9947999999999999	1.1379657471165545
651600.0	332.85	321.46166666666664	329.75166666666667	320.5033333333333	0.93648	1.1533994166359327
655200.0	332.85	321.58166666666665	329.74833333333333	320.05166666666656	0.9931199999999999	1.1548165991033807
658800.0	332.85	321.6633333333333	329.63666666666666	320.27666666666664	1.0164	1.2161274807991194
662400.0	332.66999999999996	321.58333333333337	329.6783333333333	320.2066666666667	1.01832	1.19201688416612
666000.0	332.95	321.55000000000007	329.7516666666666	320.2	0.99984	1.1937980056267614
669600.0	332.95	321.16166666666663	329.7083333333333	319.9133333333333	1.0720800000000001	1.2903145084237215
673200.0	332.95	321.46333333333337	329.7983333333333	319.32333333333327	1.2533733333333332	1.3750341317157528
676800.0	332.95	321.36333333333334	329.9566666666666	318.88	1.3694399999999998	1.432612461117558
680400.0	332.95	320.9783333333333	329.995	318.58	1.44792	1.5187283591116236
684000.0	332.95	321.46	329.99666666666667	318.4416666666666	1.474473333333333	1.4668200760465782
687600.0	332.95	321.0983333333333	330.2466666666666	318.3483333333333	1.4917733333333332	1.4870001187282318
691200.0	332.95	321.09499999999997	330.2983333333333	318.3016666666666	1.4256133333333334	1.4100689613978832
694800.0	332.95	321.04666666666657	330.145	317.99	1.5411333333333332	1.5090335625801972
698400.0	332.95	321.0916666666666	330.1633333333333	318.23499999999996	1.53768	1.5292316733679785
702000.0	332.77	321.105	330.16833333333335	318.0616666666666	1.60344	1.5446935712738632
705600.0	332.775	321.29166666666663	330.09333333333325	317.85499999999996	1.62092	1.5212700986044676
709200.0	332.85	321.00833333333327	330.21	317.7683333333333	1.5768000000000002	1.5007135174717554
712800.0	332.85	321.14666666666665	330.19999999999993	317.8083333333333	1.61808	1.5283555219624962
716400.0	332.85	321.035	330.2383333333333	317.895	1.6487599999999998	1.578776400798491
720000.0	332.85	321.09999999999997	330.2983333333333	317.8833333333333	1.67736	1.5879814796649092
723600.0	332.45833333333326	321.0866666666666	330.205	317.9133333333333	1.64616	1.5229952147377097
727200.0	332.85	321.3466666666667	330.2283333333333	318.4733333333333	1.40496	1.3741382724332816
730800.0	332.85	321.46666666666664	330.0833333333333	319.44	1.1136	1.1929307058099639
734400.0	332.85	321.78	329.78333333333325	320.0066666666666	1.0104	1.144069430369717
738000.0	332.85	321.58666666666664	329.7666666666666	320.1366666666666	0.9816	1.148639038650345
741600.0	332.85	321.4233333333333	329.8333333333333	320.34999999999997	0.9897599999999999	1.1935377823845537
745200.0	332.85	321.7516666666666	329.71999999999997	320.58	0.96888	1.176298252298258
748800.0	332.85	321.4916666666666	329.7699999999999	320.19666666666666	1.0449599999999999	1.240340491355112
752400.0	332.85	321.4183333333333	329.7133333333333	319.8366666666667	1.0771199999999999	1.2465854070150355
756000.0	332.85	321.71000000000004	329.60999999999996	319.34999999999997	1.10304	1.198083903139816
759600.0	332.85	321.27	329.91666666666663	318.87666666666667	1.34784	1.4137886871317995
763200.0	332.85	321.04499999999996	330.00166666666667	318.74499999999995	1.39128	1.4585359862799432
766800.0	332.85	321.1483333333333	330.02833333333325	318.635	1.39392	1.4325208500605435
770400.0	332.85	321.02	330.0116666666666	318.4283333333333	1.49016	1.521471257200239
774000.0	332.85	321.09166666666664	330.2099999999999	318.38666666666666	1.4795999999999998	1.4714393148785123
777600.0	332.85	321.0949999999999	330.0383333333333	318.42333333333335	1.47072	1.4892112506401696
781200.0	332.85	321.06833333333327	330.315	318.52	1.42774	1.4262665484665564
784800.0	333.31666666666666	321.09666666666664	330.26833333333326	318.51666666666665	1.42304	1.4799645278466502
788400.0	333.25999999999993	321.1599999999999	330.06333333333333	318.5816666666666	1.3831200000000001	1.4577061445302335
792000.0	332.74999999999994	321.1733333333333	329.99333333333334	318.3983333333333	1.43064	1.428399081354856
795600.0	332.74999999999994	321.1816666666666	330.185	318.435	1.47576	1.453042967133058
799200.0	332.74999999999994	321.2883333333333	330.19333333333327	318.79999999999995	1.3922399999999997	1.401250096915028
802800.0	332.84166666666664	321.085	330.07499999999993	318.5466666666666	1.33872	1.3674099568041909
806400.0	332.99999999999994	321.1499999999999	330.16166666666663	318.48	1.41048	1.4306106992146124
810000.0	333.1499999999999	321.12333333333333	330.18499999999995	318.7383333333333	1.368	1.4377299162164459
813600.0	332.91666666666663	321.2633333333333	329.9616666666666	319.19833333333327	1.2246599999999999	1.3263594537562657
817200.0	332.88333333333327	321.3633333333333	329.9866666666666	319.18	1.1954399999999998	1.2748517523702998
820800.0	332.91666666666663	321.2783333333333	330.07	319.15	1.2021600000000001	1.2818028104635144
824400.0	332.9333333333333	321.28	329.94999999999993	318.9133333333333	1.21896	1.287412273020503
828000.0	333.1499999999999	321.395	329.88333333333327	319.35333333333335	1.176	1.3139712801815113
831600.0	333.1499999999999	321.485	329.9866666666666	319.3999999999999	1.1541599999999999	1.2728959126981367
835200.0	332.98333333333323	321.42499999999995	329.9816666666666	319.7066666666666	1.06896	1.202054161787978
838800.0	332.99999999999994	321.2183333333333	329.8133333333333	319.755	1.1088	1.2977715273240598
842400.0	333.04166666666663	321.3016666666666	330.0133333333333	319.43999999999994	1.1939066666666667	1.3268763304346132
846000.0	332.65	321.40166666666664	329.83333333333326	318.81833333333327	1.3353599999999999	1.3622885031629572
849600.0	332.65	321.41	330.0533333333333	318.79499999999996	1.38936	1.3871358380591108
853200.0	332.96999999999997	321.1166666666666	330.18	318.63833333333326	1.40304	1.4411458978898288
856800.0	332.87499999999994	320.90666666666664	330.08500000000004	318.1216666666666	1.5288	1.5296997783945336
860400.0	332.9833333333333	321.25	330.19999999999993	318.28999999999996	1.5287999999999997	1.5070267517780764
864000.0	332.74999999999994	321.32500000000005	330.13666666666666	318.20166666666665	1.5544799999999999	1.4880370946121144
867600.0	332.74999999999994	320.97999999999996	330.26	318.0666666666666	1.5547199999999997	1.5015013478007866
871200.0	332.96666666666664	321.0283333333333	330.28	318.0233333333333	1.55928	1.5190663107096058
874800.0	332.89166666666665	321.05	330.25166666666667	318.04166666666663	1.54656	1.5000582916675558
878400.0	333.25	320.98833333333334	330.19833333333327	317.8016666666667	1.62876	1.6113693542328682
882000.0	332.9916666666666	321.0283333333333	330.29999999999995	317.94499999999994	1.6439999999999997	1.5922520311163941
885600.0	332.74999999999994	321.105	330.0849999999999	317.90166666666664	1.60032	1.5297951505054912
889200.0	332.74999999999994	321.07666666666665	330.1583333333333	317.8616666666666	1.60632	1.5247850232244595
892800.0	332.74999999999994	320.90666666666664	330.3583333333333	317.63499999999993	1.6800533333333332	1.5638325354615756
896400.0	333.225	321.1166666666666	330.44333333333327	317.765	1.59456	1.5231387407593884
900000.0	333.04999999999995	321.18	330.2183333333333	318.2833333333333	1.46112	1.454025202332489
903600.0	332.74999999999994	321.395	330.2733333333333	318.8283333333333	1.3692	1.3579957617403793
907200.0	332.74999999999994	321.28999999999996	330.0633333333333	319.1783333333333	1.236	1.3019491589953092
910800.0	332.74999999999994	321.40166666666664	329.9116666666667	319.2083333333333	1.2540999999999998	1.3314731002272864
914400.0	332.7833333333333	321.2316666666667	330.03499999999997	318.9333333333333	1.2213599999999998	1.2711765101396866
918000.0	333.25	321.2366666666666	330.0633333333333	319.04999999999995	1.2307199999999998	1.3425114295918825
921600.0	333.25	321.275	330.1483333333333	319.1633333333333	1.25616	1.3704296520591122
925200.0	333.25	321.11	330.09499999999997	318.84999999999997	1.302	1.4053182256169208
928800.0	333.17499999999995	320.93	330.08	318.47499999999997	1.44712	1.5271563407135218
932400.0	332.74999999999994	321.24999999999994	330.195	318.31166666666655	1.4624266666666668	1.4162903918135092
936000.0	332.74999999999994	321.2633333333333	330.17499999999995	318.47666666666663	1.47816	1.452196392867712
939600.0	332.74999999999994	321.08666666666664	330.1166666666667	318.0333333333333	1.54248	1.4887445311552399
943200.0	332.74999999999994	321.15666666666664	330.18999999999994	318.0566666666666	1.5795	1.5106378872896504
946800.0	332.74999999999994	320.9866666666666	330.2366666666666	318.0483333333333	1.5888	1.533610376482189
950400.0	332.74999999999994	321.09499999999997	330.25833333333327	318.055	1.5792	1.5083619626965108
954000.0	332.74999999999994	320.83	330.3066666666666	317.87499999999994	1.5712799999999998	1.5067019264112527
957600.0	332.74999999999994	320.9866666666666	330.215	318.015	1.56144	1.5056904819431427
961200.0	332.74999999999994	320.90166666666664	330.2133333333333	317.80499999999995	1.6068000000000002	1.5345180274955617
964800.0	332.91666666666663	321.0666666666666	330.1616666666667	317.6966666666666	1.6040333333333332	1.525359451068498
968400.0	332.74999999999994	321.1066666666666	330.3333333333333	317.78	1.65968	1.5397606927870893
972000.0	332.74999999999994	321.1166666666667	330.1083333333333	317.7083333333333	1.66104	1.5591143968374581
975600.0	332.74999999999994	321.03166666666664	330.2283333333333	317.71999999999997	1.6498933333333332	1.5457556564516064
979200.0	333.05833333333334	321.0283333333333	330.2466666666666	317.93666666666667	1.57072	1.536395364473582
982800.0	333.04999999999995	321.03999999999996	330.2366666666666	317.96	1.5760999999999998	1.54306954280311
986400.0	332.74999999999994	321.24	330.2283333333333	318.3	1.46952	1.418727591010874
990000.0	332.74999999999994	321.2966666666666	330.07833333333326	318.7849999999999	1.2758399999999999	1.2950986291806765
993600.0	332.74999999999994	321.2266666666666	330.25833333333327	319.225	1.2827466666666667	1.3401945033611693
997200.0	332.74999999999994	321.3233333333334	330.04999999999995	319.40166666666664	1.16472	1.2502922746122525
1000800.0	332.74999999999994	321.255	329.88999999999993	319.11999999999995	1.2288	1.311753143078838
1004400.0	332.74999999999994	321.34999999999997	329.9516666666666	319.2316666666666	1.2684000000000002	1.3490742861805851
1008000.0	333.0	321.3349999999999	330.07	319.0983333333333	1.2374399999999999	1.3166025712386278
1011600.0	333.25	320.9966666666666	330.0766666666666	319.1116666666666	1.2348	1.3796662090802363
1015200.0	333.25	321.09833333333336	330.145	318.80999999999995	1.35096	1.4488098493506496
1018800.0	332.78333333333325	321.2933333333333	330.11999999999995	318.60999999999996	1.43112	1.4288463799470486
1022400.0	332.74999999999994	321.0733333333333	330.245	318.36	1.5088399999999997	1.4828649692675007
1026000.0	332.74999999999994	320.9216666666666	330.1433333333333	318.07833333333326	1.5127199999999998	1.483414840477086
1029600.0	332.74999999999994	320.86999999999995	330.22999999999996	318.0333333333333	1.542	1.5022268623416994
1033200.0	332.74999999999994	321.20166666666665	330.2066666666666	317.8616666666667	1.6161599999999998	1.5117615762767094
1036800.0	332.74999999999994	320.98	330.18833333333333	317.9916666666666	1.5772799999999998	1.522635248398784
1040400.0	332.74999999999994	320.92	330.3733333333333	317.71999999999997	1.6257599999999996	1.5202779965415227
1044000.0	332.74999999999994	320.95	330.37499999999994	317.65166666666664	1.6751600000000002	1.5543720108427788
1047600.0	332.74999999999994	321.01666666666665	330.1833333333333	317.7016666666666	1.6689599999999998	1.569468038517246
1051200.0	332.74999999999994	320.96	330.3	317.46333333333325	1.75704	1.6137438178158732
1054800.0	332.74999999999994	321.0766666666666	330.26166666666666	317.6366666666666	1.70328	1.5752248034201044
1058400.0	332.74999999999994	321.05999999999995	330.22333333333324	317.5983333333333	1.6583999999999999	1.5358934604841816
1062000.0	332.66999999999996	320.98	330.1566666666666	317.4216666666666	1.734	1.5915414438865216
1065600.0	332.59999999999997	321.42333333333335	330.1866666666666	317.62	1.7454666666666667	1.5523388093290196
1069200.0	332.1999999999999	321.6133333333333	330.10499999999996	318.00666666666666	1.7140799999999998	1.5016126810300146
1072800.0	332.0499999999999	321.67499999999995	329.8466666666666	318.50666666666666	1.5348	1.404095419948782
1076400.0	332.49999999999994	321.66499999999996	329.9866666666667	319.0433333333333	1.1922799999999998	1.1781580871786574
1080000.0	332.795	321.43499999999995	330.005	319.63333333333327	1.0820333333333334	1.1859750074844084
1083600.0	333.76666666666665	321.25	330.135	320.1683333333333	0.98064	1.2321402852143808
1087200.0	334.24999999999994	321.2283333333333	330.0433333333333	320.26	0.9436800000000001	1.2567117335386433
1090800.0	333.91666666666663	321.345	329.9583333333333	320.15166666666664	0.9602399999999999	1.231631837398915
1094400.0	333.8666666666667	321.395	329.8416666666666	320.1533333333333	0.9626399999999999	1.2390109164548258
1098000.0	333.75	321.165	330.1366666666666	319.90166666666664	1.04856	1.2895225970452442
1101600.0	333.4433333333333	321.1666666666667	330.07666666666665	319.6166666666666	1.0996799999999998	1.2899265427896514
1105200.0	333.65	320.93999999999994	330.11999999999995	319.25666666666666	1.17936	1.3790608066357075
1108800.0	333.65	320.9333333333333	330.3816666666666	319.0133333333333	1.2784799999999998	1.4301727133834028
1112400.0	333.79999999999995	320.8116666666666	330.4233333333333	318.66166666666663	1.2955199999999998	1.4306612213539716
1116000.0	333.6299999999999	321.0516666666667	330.3533333333333	318.8016666666666	1.31422	1.4315870319778765
1119600.0	333.9833333333333	320.6883333333333	330.4333333333333	318.56333333333333	1.32496	1.4842962172631942
1123200.0	334.00833333333327	320.74999999999994	330.4183333333333	318.7683333333333	1.33416	1.5184196598461517
1126800.0	333.5499999999999	320.85333333333335	330.4633333333333	318.5233333333333	1.392	1.4812026033429402
1130400.0	333.5499999999999	320.9016666666667	330.3349999999999	318.5	1.32768	1.419311968909878
1134000.0	334.04166666666663	320.7033333333333	330.61	318.31833333333327	1.38864	1.50727947374569
1137600.0	333.78333333333325	320.83333333333326	330.34999999999997	318.3566666666666	1.34424	1.451837667051873
1141200.0	333.82499999999993	320.60499999999996	330.6183333333333	318.49499999999995	1.3722199999999998	1.4962490079252406
1144800.0	334.04999999999995	320.6816666666666	330.54999999999995	318.7216666666667	1.3502399999999999	1.5287094892518531
1148400.0	333.9416666666666	320.6883333333333	330.465	318.525	1.36584	1.5163826179515405
1152000.0	333.6716666666666	320.75	330.3466666666666	318.65	1.35552	1.4970604212386462
1155600.0	333.45	320.9083333333333	330.435	318.825	1.33392	1.4412272938272372
1159200.0	333.67499999999995	321.07166666666666	330.47999999999996	319.33666666666664	1.1697600000000001	1.323235842538746
1162800.0	333.58	321.32499999999993	330.1416666666666	319.90999999999997	0.98712	1.1829126771505214
1166400.0	334.04999999999995	321.15999999999997	330.1166666666667	320.03666666666663	1.0176399999999999	1.3017888491461562
1170000.0	334.04999999999995	321.34999999999997	329.9316666666666	320.17499999999995	0.9633333333333333	1.2546594563934397
1173600.0	334.19	321.32833333333326	330.09166666666664	320.1733333333333	0.9665933333333332	1.2532881836419307
1177200.0	333.4533333333333	321.3183333333333	329.81333333333333	320.2033333333333	0.9998399999999998	1.262550226163784
1180800.0	333.84166666666664	321.5433333333333	329.91999999999996	320.41166666666663	0.91776	1.1876370925013944
1184400.0	334.15	321.34666666666664	329.9533333333333	320.8283333333333	0.9009199999999999	1.265388982697025
1188000.0	334.15	321.09333333333325	330.02	319.80999999999995	0.99384	1.2707768821557357
1191600.0	334.3583333333333	321.06999999999994	330.25166666666667	319.7433333333333	1.08866	1.3780523303145589
1195200.0	334.22499999999997	321.0433333333333	330.28666666666663	319.62166666666667	1.08934	1.3465361346309068
1198800.0	334.15	320.97166666666664	330.28166666666664	319.215	1.1815333333333333	1.4062554526000035
1202400.0	333.68333333333334	320.89	330.3433333333333	319.1866666666666	1.2528	1.4373172732430408
1206000.0	333.99999999999994	321.06666666666666	330.40500000000003	319.3216666666666	1.2136799999999999	1.4165713525916135
1209600.0	334.15	320.91999999999996	330.26333333333326	319.1083333333333	1.176	1.3947632542182058
1213200.0	334.02	320.89666666666665	330.2633333333333	319.20166666666665	1.18528	1.4046571860248975
1216800.0	333.75	321.2083333333333	330.2483333333333	319.19499999999994	1.2071999999999998	1.3697638727024533
1220400.0	333.63666666666666	321.15500000000003	330.2083333333333	319.4316666666666	1.16736	1.3517510063260536
1224000.0	333.94999999999993	320.8166666666666	330.31833333333327	319.0783333333333	1.21368	1.418240213451956
1227600.0	333.94999999999993	321.0399999999999	330.44999999999993	319.0333333333333	1.24896	1.4127081374176096
1231200.0	333.6833333333333	321.005	330.085	319.3083333333333	1.2507333333333333	1.4711625093835492
1234800.0	333.875	321.15500000000003	330.33333333333326	319.415	1.16448	1.3563997518752837
1238400.0	333.94999999999993	320.96333333333325	330.18499999999995	319.37499999999994	1.1473200000000001	1.3786183045303204
1242000.0	333.72499999999997	321.07	330.255	319.2783333333333	1.1519733333333333	1.3280935520582873
1245600.0	333.94999999999993	321.3666666666667	330.115	319.9183333333333	1.00752	1.2433660968825286
1249200.0	333.94999999999993	321.4683333333333	329.87666666666667	320.3433333333333	0.9395999999999999	1.2309430412134414
1252800.0	333.94999999999993	321.5033333333333	329.9599999999999	320.3233333333333	0.9182400000000001	1.1869374512102857
1256400.0	334.3	321.34999999999997	329.88666666666666	320.53	0.8990399999999998	1.245792442542054
1260000.0	334.45	321.34999999999997	329.99666666666667	320.40666666666664	0.90672	1.2388696872686737
1263600.0	334.29999999999995	321.39166666666665	329.89	320.67666666666656	0.8920799999999999	1.2507975477549422
1267200.0	333.9233333333333	321.3816666666666	329.9683333333333	320.24333333333334	0.9427199999999999	1.2165321077394213
1270800.0	333.67999999999995	321.52	329.9183333333333	320.36	0.92352	1.1762891373567474
1274400.0	334.05833333333334	321.27166666666665	330.2433333333333	320.03	0.9830399999999999	1.2314512272393154
1278000.0	334.47499999999997	321.01499999999993	330.1683333333333	320.02666666666664	0.9909599999999998	1.315298216512301
1281600.0	333.78	321.0283333333333	330.1549999999999	319.33	1.1572799999999999	1.361771704648958
1285200.0	333.75	321.0066666666666	330.105	319.3516666666667	1.1688	1.3854403717688404
1288800.0	333.75	320.9816666666666	330.2416666666666	319.10833333333335	1.2229066666666666	1.4027255939061805
1292400.0	333.75	321.05833333333334	330.2733333333333	318.9966666666666	1.236	1.3913232862321998
1296000.0	333.75	320.99999999999994	330.3316666666666	318.8066666666666	1.27728	1.4142984909014777
1299600.0	333.75	321.0799999999999	330.5033333333333	318.83166666666665	1.26216	1.3705934749454551
1303200.0	334.1416666666666	320.84666666666664	330.5116666666666	318.78499999999997	1.2463199999999999	1.413199793032372
1306800.0	334.2833333333333	320.82	330.63166666666666	318.76666666666665	1.2729599999999999	1.4453033741949373
1310400.0	334.13	320.7916666666667	330.34333333333325	318.88499999999993	1.2822666666666664	1.4857921724865204
1314000.0	333.5499999999999	320.91666666666663	330.50833333333327	318.5899999999999	1.34158	1.4231013572712068
1317600.0	333.9083333333333	320.85666666666657	330.2566666666666	318.4966666666666	1.3190066666666667	1.4646426648376503
1321200.0	333.9249999999999	320.78499999999997	330.40166666666664	318.7933333333333	1.3344	1.5111679467774197
1324800.0	333.4333333333333	321.0083333333333	330.3633333333333	318.4649999999999	1.40064	1.4628092527074392
1328400.0	332.88499999999993	321.24833333333333	330.13166666666666	318.5283333333333	1.3908	1.3961368247269335
1332000.0	332.95	321.45	330.26333333333326	319.19333333333327	1.17312	1.2184323872653593
1335600.0	333.48999999999995	321.38	330.065	319.9316666666666	0.99096	1.1838617252790091
1339200.0	334.04999999999995	321.4133333333333	329.88	320.6066666666667	0.8673599999999999	1.1825828297697354
1342800.0	334.4299999999999	321.3566666666667	330.01166666666666	320.4216666666666	0.8390400000000001	1.1442809302279886
1346400.0	334.6499999999999	321.32333333333327	330.13333333333327	320.4933333333333	0.8376000000000001	1.1590721587359094
1350000.0	332.75499999999994	322.03499999999997	329.0666666666666	321.12833333333333	0.88032	1.1577064646077504
1353600.0	331.68333333333334	322.2016666666666	329.21666666666664	320.1733333333333	1.09608	1.099691251384124
1357200.0	333.75	321.5783333333333	329.99499999999995	320.28666666666663	0.90984	1.142209098377097
1360800.0	333.255	321.965	329.46166666666664	320.34999999999997	0.9803999999999999	1.158863137795557
1364400.0	333.25666666666655	321.145	330.1633333333333	319.34666666666664	1.17888	1.3145245378696488
1368000.0	333.99999999999994	320.9966666666666	330.2199999999999	319.65166666666664	1.1037599999999999	1.3591423099811635
1371600.0	334.04999999999995	321.05	330.23333333333323	319.3983333333333	1.12392	1.348384650465339
1375200.0	334.41666666666663	320.84	330.60499999999996	319.14666666666665	1.16256	1.3779675297767398
1378800.0	334.7666666666666	320.72833333333335	330.63999999999993	319.32333333333327	1.12344	1.3937226305049808
1382400.0	334.00499999999994	321.09499999999997	330.275	319.16499999999996	1.16664	1.3529223525557503
1386000.0	334.25833333333327	320.9216666666666	330.27333333333326	319.38166666666666	1.1424	1.398022027912306
1389600.0	334.4066666666666	320.9233333333333	330.38999999999993	319.29833333333335	1.13784	1.3839172828686974
1393200.0	334.24999999999994	320.8333333333333	330.3499999999999	319.0433333333333	1.1368800000000001	1.3501150281799759
1396800.0	334.24999999999994	320.8733333333333	330.61833333333334	319.1216666666666	1.2031200000000002	1.4001659809149236
1400400.0	334.24999999999994	320.8499999999999	330.4233333333333	319.3066666666667	1.18376	1.4276528019739316
1404000.0	334.1583333333333	320.85833333333335	330.3683333333333	319.1116666666666	1.18	1.3940658214915265
1407600.0	333.75	321.11999999999995	330.29833333333335	319.03999999999996	1.2144	1.3640780399853534
1411200.0	333.75	321.13333333333327	330.31833333333327	319.38333333333327	1.1486399999999999	1.3259067831523086
1414800.0	333.75	321.0566666666666	330.21166666666664	319.6766666666667	1.1076	1.3349248868588222
1418400.0	333.75	321.1499999999999	330.2316666666666	319.87833333333333	1.0152933333333334	1.236379784985676
1422000.0	333.75	321.3033333333333	330.0733333333333	319.94833333333327	0.9914399999999999	1.219162864870985
1425600.0	333.75	321.445	329.8566666666666	320.23833333333334	0.9515066666666666	1.2174615967716882
1429200.0	333.75	321.34999999999997	329.9266666666666	320.19833333333327	0.9456	1.2054212691347514
1432800.0	334.015	321.34999999999997	330.0999999999999	320.255	0.87576	1.1269344629960505
1436400.0	334.84999999999997	321.335	329.8466666666666	320.755	0.82152	1.2230088621103814
1440000.0	334.2383333333333	321.4599999999999	329.9133333333333	320.81499999999994	0.86472	1.2133065340869673
1443600.0	332.69499999999994	321.4416666666666	329.2933333333333	319.31	1.18968	1.3045179992047518
1447200.0	333.45	321.0833333333333	330.2983333333333	318.9866666666666	1.25592	1.3733917203715789
1450800.0	333.83333333333326	320.8316666666666	330.505	319.0216666666666	1.22712	1.3893587769640265
1454400.0	333.94999999999993	321.04499999999996	330.2633333333333	319.09499999999997	1.2219066666666667	1.4123998104180397
1458000.0	333.94999999999993	320.8299999999999	330.4866666666666	318.80999999999995	1.3007999999999997	1.462383531954945
1461600.0	333.94999999999993	320.67999999999995	330.4283333333333	318.6066666666667	1.35088	1.5168024981467547
1465200.0	333.94999999999993	320.81999999999994	330.5566666666666	318.81499999999994	1.32804	1.4850738524979068
1468800.0	334.24	320.7533333333333	330.4733333333333	318.65166666666664	1.3116	1.4961141538127845
1472400.0	334.54999999999995	320.6566666666667	330.5616666666666	318.56833333333327	1.2905133333333332	1.4949886447959948
1476000.0	334.54999999999995	320.645	330.70333333333326	318.51	1.28976	1.4709681651270665
1479600.0	334.54999999999995	320.53999999999996	330.79	318.6716666666666	1.2544799999999998	1.4511551424823796
1483200.0	334.56333333333333	320.57333333333327	330.6733333333333	318.5183333333333	1.29288	1.4883451023148373
1486800.0	331.85333333333335	321.4	329.7983333333333	317.6116666666666	1.81896	1.5579743214327006
1490400.0	332.92499999999995	320.9649999999999	330.3083333333333	317.80833333333334	1.6192733333333331	1.5489210857555864
1494000.0	333.75	320.68499999999995	330.57666666666665	317.8016666666666	1.5326399999999998	1.567464676426351
1497600.0	333.75	320.6416666666666	330.6616666666667	318.0	1.4956800000000001	1.5484281818259453
1501200.0	333.75	320.7666666666666	330.5516666666666	317.9183333333333	1.4599199999999999	1.500547519921373
1504800.0	333.75	320.6633333333333	330.7066666666666	317.88333333333327	1.4318399999999998	1.4619427415751374
1508400.0	333.75	320.85	330.5649999999999	318.6183333333333	1.28736	1.3901008349776085
1512000.0	333.9416666666666	320.8349999999999	330.45166666666665	318.78666666666663	1.212	1.3621671219250273
1515600.0	333.7833333333333	320.715	330.4083333333333	318.62666666666667	1.2797933333333333	1.4196254969230697
1519200.0	333.75	320.955	330.3216666666666	318.53	1.3123200000000002	1.424712649804588
1522800.0	333.75	321.05	330.3583333333333	318.63999999999993	1.27272	1.3798660316711164
1526400.0	333.75	321.0183333333333	330.44499999999994	319.07166666666666	1.28572	1.4397507811750154
1530000.0	333.75	320.8783333333333	330.44499999999994	318.8983333333333	1.3164	1.4683903230701052
1533600.0	333.75	320.7783333333333	330.4383333333333	318.5349999999999	1.3999199999999998	1.5258029344248554
1537200.0	333.75	320.9133333333333	330.495	318.3033333333333	1.4179199999999998	1.4936111223885375
1540800.0	333.75	320.96166666666664	330.405	318.29166666666663	1.39704	1.4753311624721266
1544400.0	333.75	320.82	330.5583333333333	318.19499999999994	1.4402399999999997	1.5063878997415519
1548000.0	333.75	320.5633333333333	330.57333333333327	317.91166666666663	1.51296	1.576259559177125
1551600.0	333.75	320.6866666666666	330.6066666666666	317.975	1.48392	1.5348732147297244
1555200.0	333.80833333333334	320.6833333333333	330.65166666666664	317.88666666666666	1.46256	1.5043896483775825
1558800.0	333.9	320.85166666666663	330.6416666666666	318.1733333333333	1.4181599999999999	1.4844735802455191
1562400.0	333.7083333333333	320.585	330.55499999999995	317.8916666666666	1.4656799999999999	1.5192816719076707
1566000.0	333.97499999999997	320.74999999999994	330.57499999999993	318.0683333333333	1.4582399999999998	1.5420312495718163
1569600.0	334.15	320.73999999999995	330.5983333333333	318.15666666666664	1.4508	1.5641587280558609
1573200.0	334.15	320.7099999999999	330.6449999999999	317.9216666666666	1.46952	1.5523368264403392
1576800.0	334.01666666666665	320.8266666666666	330.59666666666664	317.92499999999995	1.4570400000000001	1.5175086317974364
1580400.0	333.65	320.7249999999999	330.6383333333333	317.99499999999995	1.4615999999999998	1.494363297749339
1584000.0	333.99999999999994	320.73499999999996	330.7366666666667	318.0083333333333	1.44096	1.5014896610469202
1587600.0	334.15	320.65	330.55833333333334	317.8766666666666	1.44118	1.5348852979150616
1591200.0	334.15	320.69166666666666	330.6433333333333	318.2316666666666	1.37328	1.48870142741234
1594800.0	333.6099999999999	320.99833333333333	330.5333333333333	318.69	1.23902	1.3193324248796692
1598400.0	334.04999999999995	320.78499999999997	330.45666666666665	318.7	1.25496	1.416443546520203
1602000.0	334.04999999999995	320.71	330.60833333333323	318.3433333333333	1.3315199999999998	1.4486804621359677
1605600.0	333.6666666666666	320.9383333333333	330.43999999999994	318.4533333333333	1.2864	1.3667658778425986
1609200.0	333.5499999999999	320.8033333333333	330.4233333333333	318.76666666666665	1.2585600000000001	1.376719264921057
1612800.0	333.90666666666664	320.8349999999999	330.5066666666666	318.5066666666666	1.3345666666666667	1.4545518516149507
1616400.0	333.65	320.76333333333326	330.37666666666667	318.19833333333327	1.43976	1.5239012131997764
1620000.0	333.65	320.61333333333334	330.575	318.1116666666666	1.44288	1.5093243960413694
1623600.0	333.65	320.71999999999997	330.5833333333333	318.0066666666666	1.48552	1.5275445639458458
1627200.0	333.65	320.8633333333333	330.5799999999999	317.99999999999994	1.47576	1.5006047260767597
1630800.0	333.65	320.6716666666667	330.59499999999997	318.04166666666663	1.50456	1.555486343909609
1634400.0	333.49999999999994	320.6633333333333	330.53166666666664	317.6766666666666	1.5820733333333334	1.5797366089398102
1638000.0	333.1499999999999	320.91666666666663	330.4783333333333	317.75	1.60248	1.540049970563745
1641600.0	333.17499999999995	320.78999999999996	330.56833333333327	317.9916666666667	1.54344	1.5205151738616796
1645200.0	333.65	320.6816666666667	330.5616666666666	317.7416666666666	1.5158399999999999	1.5336437404877157
1648800.0	334.2099999999999	320.6683333333333	330.80999999999995	318.02166666666665	1.4536799999999999	1.5392456186284147
1652400.0	334.24999999999994	320.65	330.5833333333333	317.9283333333333	1.44648	1.554833245222376
1656000.0	333.7	320.60499999999996	330.5933333333333	317.775	1.47236	1.5043253753552437
1659600.0	333.65	320.5166666666667	330.59000000000003	317.8416666666666	1.5492	1.5962380897004176
1663200.0	333.47499999999997	320.6366666666666	330.53	317.88	1.5532799999999998	1.577377323851323
1666800.0	333.1499999999999	320.5733333333333	330.32666666666665	317.6816666666666	1.58136	1.5735669749725494
1670400.0	332.9916666666666	321.13833333333326	330.25833333333327	317.7149999999999	1.6477466666666665	1.5571405587521014
1674000.0	332.2833333333333	321.4866666666666	330.07166666666666	317.8433333333333	1.6521599999999996	1.4581841539537699
1677600.0	331.525	321.64	329.515	318.04499999999996	1.6063199999999997	1.3857395046867875
1681200.0	331.84166666666664	321.34666666666664	329.865	317.97999999999996	1.5383999999999998	1.3566923860528093
1684800.0	332.29	321.4049999999999	330.07	318.35333333333324	1.4616000000000002	1.3579419080129027
1688400.0	332.39166666666665	321.28166666666664	330.10333333333324	318.18999999999994	1.46688	1.3703980262600775
1692000.0	332.8916666666666	321.12833333333333	330.3116666666666	318.6683333333333	1.3003199999999997	1.3115031792406133
1695600.0	333.7833333333333	321.06999999999994	330.2983333333333	319.2049999999999	1.1124	1.2747244254743157
1699200.0	333.75	321.04999999999995	329.09666666666664	319.12999999999994	1.02576	1.3049154313295488
1702800.0	332.3583333333333	321.47166666666664	329.7433333333333	318.9	1.4119199999999998	1.388441462336798
1706400.0	333.6416666666666	320.9766666666667	330.3166666666666	318.85499999999996	1.2583199999999999	1.3903344454230646
1710000.0	334.06666666666666	320.6983333333333	330.5083333333333	318.65666666666664	1.3113599999999999	1.4793057764084092
1713600.0	333.9583333333333	320.6683333333333	330.62	318.3233333333333	1.35648	1.466011851343883
1717200.0	333.75	320.705	330.5349999999999	318.28666666666663	1.3689600000000002	1.458932564514794
1720800.0	333.75	320.76166666666666	330.60499999999996	317.9783333333333	1.42354	1.464712035997503
1724400.0	333.75	320.55	330.71333333333325	317.9716666666666	1.3934399999999998	1.443765967888444
1728000.0	333.75	320.5	330.70833333333326	317.97999999999996	1.4236799999999998	1.4821500743139764
1731600.0	333.75	320.5483333333333	330.7883333333333	318.26166666666666	1.4303999999999997	1.5080295782462851
1735200.0	333.75	320.55	330.62166666666667	318.02166666666665	1.4391066666666668	1.507516048913234
1738800.0	333.75	320.61499999999995	330.74499999999995	317.9916666666667	1.46424	1.5084361712249232
1742400.0	333.75	320.77166666666665	330.8166666666666	317.9266666666667	1.43976	1.4502932742293935
1746000.0	333.75	320.7849999999999	330.56499999999994	317.80999999999995	1.40256	1.425497334171807
1749600.0	333.75	320.74999999999994	330.3133333333333	317.52	1.4383199999999998	1.4620765169059744
1753200.0	333.75	320.65166666666664	330.4383333333333	317.77666666666664	1.43856	1.4884791711396101
1756800.0	333.75	320.83	330.5799999999999	318.08666666666664	1.4678399999999998	1.520368817045367
1760400.0	333.75	320.7483333333333	330.60999999999996	318.525	1.3283999999999998	1.429049973577824
1764000.0	334.1416666666666	321.03	330.39666666666665	319.1083333333333	1.17048	1.3603029077097812
1767600.0	334.24999999999994	320.97999999999996	330.405	319.26499999999993	1.1363999999999999	1.3540057335111266
1771200.0	334.1583333333333	321.09166666666664	330.02833333333336	319.57499999999993	1.1011199999999999	1.3763860519735631
1774800.0	333.75	321.04499999999996	330.2049999999999	319.46	1.14792	1.35772987529475
1778400.0	333.0566666666667	321.83666666666664	329.1683333333333	318.95666666666665	1.3027466666666665	1.4731084027954848
1782000.0	331.28999999999996	322.1633333333333	328.51666666666665	318.6866666666666	1.4577799999999999	1.3578038341627139
1785600.0	330.84666666666664	322.4566666666666	328.9733333333333	318.79999999999995	1.6161599999999998	1.331181743282924
1789200.0	332.8233333333333	321.5533333333333	330.1583333333333	318.88499999999993	1.40664	1.3904130749650638
1792800.0	332.2466666666666	321.60499999999996	329.58833333333325	318.99666666666667	1.38984	1.3914227980101201
1796400.0	332.98999999999995	321.2933333333333	329.72666666666663	318.8716666666666	1.3634399999999998	1.4520976303747217
1800000.0	333.7	320.98999999999995	330.63499999999993	318.6166666666666	1.3135199999999998	1.389244886200663
1803600.0	334.51	320.7966666666666	330.69333333333327	318.77500000000003	1.28304	1.4767564799022024
1807200.0	334.84999999999997	320.74999999999994	330.90666666666664	318.6933333333333	1.27536	1.4723977324609794
1810800.0	334.2133333333333	320.7383333333333	330.53166666666664	318.6366666666667	1.26648	1.4333943560857196
1814400.0	333.75	321.0516666666666	330.40833333333325	318.58666666666664	1.3147199999999999	1.412921795691703
1818000.0	333.8833333333333	320.81999999999994	330.32166666666666	318.6433333333333	1.2811199999999998	1.4328846450304982
1821600.0	332.93499999999995	321.2583333333333	330.26	318.40666666666664	1.42224	1.3998992045184064
1825200.0	332.85833333333335	321.0666666666666	330.0	318.63166666666666	1.43784	1.4919237273747983
1828800.0	332.47499999999997	321.21666666666664	330.0983333333333	318.21666666666664	1.5619866666666666	1.4807620092289981
1832400.0	332.34999999999997	321.46166666666664	329.8299999999999	318.2033333333333	1.5823199999999997	1.4824928919198055
1836000.0	332.41166666666663	321.50833333333327	329.9816666666666	318.335	1.53552	1.4340856438600196
1839600.0	334.015	321.08666666666664	330.495	318.94	1.22664	1.3728281881006663
1843200.0	333.94999999999993	320.8983333333333	330.40666666666664	318.8916666666666	1.2252800000000001	1.3890855293634914
1846800.0	333.94999999999993	320.9366666666666	330.51499999999993	318.9766666666667	1.16376	1.313637040392107
1850400.0	334.425	320.95166666666665	330.49999999999994	319.52166666666665	1.0379999999999998	1.274285877843827
1854000.0	333.87833333333333	321.3383333333333	329.97166666666664	319.94833333333327	1.0230466666666667	1.2815157321988184
1857600.0	333.75	321.3666666666667	330.03166666666664	319.8816666666666	1.0307266666666666	1.257925628209244
1861200.0	333.75	321.30999999999995	330.06499999999994	319.64333333333326	1.0735199999999998	1.2819586777903806
1864800.0	333.75	321.525	329.815	319.8583333333333	0.9929866666666667	1.2197538913208221
1868400.0	333.75	321.3166666666666	329.8783333333333	320.3566666666666	0.97464	1.2730508531887823
1872000.0	333.75	321.55000000000007	329.695	320.6166666666666	0.92784	1.247626624153833
1875600.0	333.75	321.47666666666663	329.75999999999993	320.10166666666663	0.9732000000000001	1.2380594911219376
1879200.0	333.8333333333333	321.3083333333333	329.9266666666667	319.62999999999994	1.09992	1.3392346118393266
1882800.0	332.8883333333333	321.44666666666666	329.81333333333333	319.18499999999995	1.2808799999999998	1.3697308220985351
1886400.0	334.255	321.0499999999999	330.48499999999996	319.3399999999999	1.1347199999999997	1.3439652023777207
1890000.0	333.75	321.0733333333333	330.2333333333333	319.2016666666666	1.188	1.36581499433869
1893600.0	333.5083333333333	321.0833333333333	330.13166666666666	318.905	1.2364799999999998	1.3680245708789567
1897200.0	333.5883333333333	321.12166666666656	330.13666666666666	319.1583333333333	1.182	1.3360213190957766
1900800.0	333.07666666666665	321.34999999999997	330.1533333333333	318.82833333333326	1.31496	1.362048014031944
1904400.0	332.85833333333335	321.34166666666664	330.0033333333333	318.81833333333327	1.34928	1.3902311160948022
1908000.0	332.8666666666666	321.3933333333333	329.9866666666667	319.0	1.2922733333333332	1.3520227520354386
1911600.0	332.90833333333336	321.3016666666666	330.12333333333333	319.0716666666666	1.2287533333333334	1.2902979628695121
1915200.0	333.25	321.07833333333326	330.21666666666664	318.99	1.27182	1.3788431728500188
1918800.0	333.25	321.09000000000003	330.3483333333333	318.82833333333326	1.24332	1.3123294083492996
1922400.0	333.25	321.07	330.14666666666665	319.12333333333333	1.24056	1.370613698442932
1926000.0	333.1083333333333	321.27166666666665	330.00499999999994	318.79166666666663	1.3487999999999998	1.4235803907564581
1929600.0	332.4133333333333	321.60333333333324	329.8666666666667	318.7933333333333	1.4636466666666665	1.4287995561147895
1933200.0	333.7783333333333	321.13499999999993	330.0983333333333	319.4116666666667	1.1410333333333331	1.341194789125264
1936800.0	332.04499999999996	321.6833333333333	329.5866666666666	319.3066666666666	1.2458399999999998	1.2554050097533547
1940400.0	331.92499999999995	321.9333333333334	329.47166666666664	319.38166666666666	1.2604799999999998	1.246451338793975
1944000.0	333.03	321.595	329.85333333333335	320.03999999999996	1.0240799999999999	1.19349135303067
1947600.0	334.11499999999995	321.405	329.9	320.4316666666666	0.8708799999999999	1.1688192587420503
1951200.0	333.75	321.2683333333333	330.08666666666664	320.2233333333333	0.9602399999999999	1.215702940071258
1954800.0	333.75	321.55000000000007	329.76833333333326	320.5966666666666	0.9304800000000001	1.238153711626893
1958400.0	333.75	321.3833333333333	329.75999999999993	320.11333333333323	0.9676799999999999	1.2407374304017393
1962000.0	333.64166666666665	321.4183333333333	329.82499999999993	319.91666666666663	1.0089599999999999	1.2450061303790085
1965600.0	333.5649999999999	321.31333333333333	329.7983333333333	319.965	1.0240799999999999	1.2762072742413442
1969200.0	333.75	321.1266666666666	330.1316666666666	319.52166666666665	1.0583999999999998	1.2596377553309588
1972800.0	333.0899999999999	321.1716666666666	329.995	319.28666666666663	1.1813466666666668	1.3141269245020732
1976400.0	333.5516666666666	321.0416666666667	330.1333333333333	319.28999999999996	1.12224	1.295926769436392
1980000.0	333.6516666666666	320.98999999999995	330.3466666666666	318.955	1.23072	1.3630111026683234
1983600.0	333.50499999999994	321.16166666666663	330.07333333333327	319.1016666666666	1.25928	1.4169981876328575
1987200.0	333.84999999999997	320.89666666666665	330.46666666666664	319.00499999999994	1.18224	1.3360591682182803
1990800.0	333.84999999999997	320.95	330.3633333333333	319.2216666666666	1.1383199999999998	1.318908068397165
1994400.0	333.84999999999997	320.94833333333327	330.38666666666666	318.9933333333333	1.16328	1.319334900542315
1998000.0	333.84999999999997	320.765	330.335	319.14	1.16688	1.364546438006858
2001600.0	333.84999999999997	320.97166666666664	330.47166666666664	319.00666666666666	1.1292	1.2686732833328622
2005200.0	333.84999999999997	320.9216666666666	330.26833333333326	318.9699999999999	1.1697600000000001	1.3384929601936904
2008800.0	333.84999999999997	320.8816666666666	330.28833333333336	319.1366666666666	1.1699999999999997	1.3601075846785617
2012400.0	334.02166666666665	320.9783333333333	330.5016666666666	319.2416666666667	1.23888	1.4360697677209244
2016000.0	333.2666666666666	321.31333333333333	329.8783333333333	319.2166666666666	1.1899199999999999	1.3295663826806798
2019600.0	333.80999999999995	321.14666666666665	330.39333333333326	319.1933333333333	1.13232	1.2795730064810735
2023200.0	333.94999999999993	321.3266666666666	330.28	319.79999999999995	1.0002799999999998	1.206397973279214
2026800.0	333.94999999999993	321.54166666666663	329.75833333333327	320.0083333333333	0.91392	1.163678978711861
2030400.0	333.94999999999993	321.525	329.94833333333327	320.1533333333333	0.918	1.165017497933871
2034000.0	333.94999999999993	321.20333333333326	330.0666666666666	319.94999999999993	0.9672	1.2190712918621474
2037600.0	333.94999999999993	321.25	329.955	319.78000000000003	0.9828	1.2276267695557141
2041200.0	333.6083333333333	321.3366666666667	330.0166666666666	319.81999999999994	0.9712799999999999	1.1704265859416922
2044800.0	333.45	321.1583333333333	329.9183333333333	319.7733333333333	1.0024799999999998	1.2166094091516846
2048400.0	333.6583333333333	321.3133333333333	330.05333333333334	319.8816666666666	0.9923066666666666	1.2052789087791802
2052000.0	333.94999999999993	321.21999999999997	330.29499999999996	319.5883333333333	1.03968	1.2365560285206245
2055600.0	334.03	320.9	330.3633333333333	319.21666666666664	1.14912	1.3546530042299203
2059200.0	333.3333333333333	321.1183333333333	330.2216666666666	319.05999999999995	1.14384	1.251878610360567
2062800.0	333.57333333333327	321.04499999999996	330.28666666666663	318.90833333333325	1.1196799999999998	1.2324883758083731
2066400.0	333.5499999999999	321.01666666666665	330.3066666666667	318.6733333333333	1.1895533333333332	1.2815733289003015
2070000.0	333.7283333333333	321.04	330.31499999999994	318.905	1.1976	1.3315107816731575
2073600.0	333.525	321.0466666666666	330.1449999999999	318.9366666666666	1.2319200000000001	1.3646087016286483
2077200.0	333.45	320.9549999999999	330.4783333333333	318.9699999999999	1.21896	1.3235483210975176
2080800.0	333.85	320.85	330.41833333333335	318.6866666666666	1.1779199999999999	1.3053968484005831
2084400.0	333.94999999999993	320.87666666666667	330.32166666666666	318.8066666666666	1.18776	1.3481590588554517
2088000.0	333.72499999999997	321.09	330.30499999999995	318.9883333333333	1.20934	1.35180347393357
2091600.0	333.5783333333333	320.99	330.28166666666664	318.69999999999993	1.2456	1.3537567089421043
2095200.0	333.89166666666665	321.02666666666664	330.3733333333333	318.8166666666666	1.17696	1.3112919461967685
2098800.0	333.94999999999993	320.9466666666666	330.3066666666666	318.48833333333334	1.1915799999999999	1.3134278041040048
2102400.0	333.47499999999997	320.9833333333333	330.3733333333333	318.85499999999996	1.23936	1.344975849991242
2106000.0	333.45	320.905	330.2883333333333	318.70666666666665	1.16424	1.2615221033710682
2109600.0	333.45	321.1666666666667	330.3383333333333	319.2683333333333	1.11864	1.2423559379824085
2113200.0	333.45	321.06833333333327	330.03833333333324	319.4816666666666	1.0677599999999998	1.254125447072916
2116800.0	333.45	321.2983333333333	330.04999999999995	319.57833333333326	1.0488	1.2176377595025691
2120400.0	333.2716666666666	321.34666666666664	329.8633333333333	319.99333333333334	1.0032	1.212273263956773
2124000.0	333.3166666666666	321.15	330.09	319.4133333333333	1.0504799999999999	1.1942112905961666
2127600.0	333.2083333333333	321.21333333333337	329.90833333333325	319.6549999999999	1.03392	1.2027663618649784
2131200.0	333.64166666666665	320.97833333333324	330.25	319.1183333333333	1.09344	1.2447415669651287
2134800.0	333.75	320.9216666666666	330.41333333333336	318.8583333333333	1.1427533333333333	1.2701997380468577
2138400.0	333.75	321.0333333333333	330.19499999999994	318.8766666666666	1.1635199999999999	1.3075530518473097
2142000.0	333.75	320.8566666666667	330.3266666666666	318.75333333333333	1.1616	1.2940969827042872
2145600.0	333.69833333333327	320.87333333333333	330.1499999999999	318.70333333333326	1.25448	1.4073117313016987
2149200.0	333.91666666666663	321.06166666666667	330.43333333333334	318.54166666666663	1.23976	1.3401129130832228
2152800.0	333.3616666666667	320.9266666666666	330.3266666666666	318.2983333333333	1.26432	1.304731830371474
2156400.0	333.65	320.61499999999995	330.54166666666663	318.48999999999995	1.17504	1.2708153672222606
2160000.0	333.65	320.70166666666665	330.5283333333333	318.3933333333333	1.2119333333333333	1.2932245700553269
2163600.0	333.97499999999997	320.67499999999995	330.58	318.34333333333325	1.22736	1.3342313880886696
2167200.0	333.775	320.93	330.40166666666664	318.54999999999995	1.2694400000000001	1.3775656391135824
2170800.0	333.65	320.88333333333327	330.3866666666666	318.2183333333333	1.28808	1.3512393863780463
2174400.0	333.65	320.8133333333333	330.5283333333333	318.19666666666666	1.22928	1.2810439338387787
2178000.0	333.65	321.0016666666666	330.49499999999995	318.3266666666666	1.23312	1.2836842626187532
2181600.0	333.65	320.87333333333333	330.4416666666666	318.1583333333333	1.3351199999999999	1.3897745256789693
2185200.0	334.01333333333326	320.55833333333334	330.7049999999999	318.1616666666666	1.2486533333333334	1.3384431376708337
2188800.0	332.6783333333333	321.1183333333333	330.28999999999996	317.90166666666664	1.4016	1.298935373851545
2192400.0	334.1183333333333	320.74666666666667	330.5516666666666	318.49999999999994	1.1387999999999998	1.263108773278133
2196000.0	334.03	320.81999999999994	330.57	318.25666666666666	1.1462400000000001	1.2295537491497563
2199600.0	333.89166666666665	320.895	330.44999999999993	318.47166666666664	1.20412	1.3073488244515112
2203200.0	333.7233333333333	320.78333333333336	330.1716666666666	318.4733333333333	1.2473133333333333	1.3797086769197313
2206800.0	334.14	320.43666666666667	330.84999999999997	318.03	1.24464	1.3302143573120417
2210400.0	333.6166666666666	320.7133333333333	330.60999999999996	317.76666666666665	1.28832	1.2805784770956905
2214000.0	333.9333333333332	320.78666666666663	330.5633333333333	318.84333333333325	1.15776	1.3004064997637017
2217600.0	333.5499999999999	320.7566666666666	330.5483333333333	318.4966666666666	1.1804133333333333	1.2539359047993326
2221200.0	333.5499999999999	320.8333333333333	330.505	318.59666666666664	1.1256	1.2014887331348274
2224800.0	333.8999999999999	320.5766666666666	330.67999999999995	318.1066666666666	1.1995200000000001	1.2711572494452448
2228400.0	333.40333333333325	320.62	330.5433333333333	317.98999999999995	1.2964799999999999	1.3221328896252715
2232000.0	334.02	320.61833333333334	330.955	318.29499999999996	1.1990399999999999	1.2639185602023497
2235600.0	333.4183333333333	320.8133333333333	330.53999999999996	318.2616666666666	1.30636	1.338037673478307
2239200.0	333.0283333333333	321.04666666666657	330.1683333333333	317.8616666666666	1.34208	1.3042298031256117
2242800.0	332.6083333333333	321.06166666666667	330.1733333333333	317.395	1.42128	1.2828917039884786
2246400.0	332.8349999999999	320.9533333333333	330.3983333333333	317.1533333333333	1.4061599999999999	1.2620919645534419
2250000.0	333.63	320.8433333333333	330.8433333333333	317.5766666666666	1.3416	1.29287051918132
2253600.0	334.28333333333336	320.49666666666667	330.89666666666665	317.7933333333333	1.24176	1.3067663883476286
2257200.0	334.95	320.18999999999994	330.96666666666664	317.74333333333334	1.16016	1.2979985529028943
2260800.0	334.08666666666664	320.3699999999999	331.1166666666666	317.35999999999996	1.33728	1.3348425052800146
2264400.0	334.95	320.07333333333327	331.1933333333333	317.6033333333333	1.212	1.3271026859000832
2268000.0	334.95	320.04	331.1	317.68999999999994	1.22304	1.361860210694283
2271600.0	334.5	320.0566666666667	331.0033333333333	317.5333333333333	1.31616	1.4111087091238286
2275200.0	334.4333333333333	320.19	330.96999999999997	317.34333333333325	1.26816	1.32538070401467
2278800.0	333.7233333333333	320.58666666666664	330.6833333333333	317.51666666666665	1.2336	1.231617985386818
2282400.0	333.0916666666666	321.22833333333335	330.3983333333333	318.10499999999996	1.16712	1.1278655211654127
2286000.0	332.5249999999999	321.395	330.0883333333333	318.70333333333326	1.09504	1.0716990642472786
2289600.0	333.06666666666666	321.375	330.045	319.5799999999999	1.0008	1.1177169118592458
2293200.0	334.01666666666665	321.03	330.52	319.44	0.8625599999999999	1.011869525883682
2296800.0	334.31666666666666	321.1566666666666	330.1166666666666	319.81999999999994	0.7872000000000001	1.0064820693125074
2300400.0	333.2099999999999	321.43999999999994	330.1083333333333	319.72999999999996	0.8976	1.0010235441412512
2304000.0	332.7416666666666	321.3866666666666	330.1816666666666	318.94166666666666	0.978	0.9801547177641337
2307600.0	333.7116666666666	320.83833333333325	330.3433333333333	319.00666666666666	0.88296	1.0053819466014353
2311200.0	334.31499999999994	321.0233333333333	330.4183333333333	319.43333333333334	0.9119199999999998	1.103362490564011
2314800.0	334.7883333333333	320.4266666666667	330.59	319.01166666666666	0.9167999999999998	1.1361963735747123
2318400.0	333.84999999999997	320.75499999999994	330.55999999999995	318.5733333333333	1.0033333333333332	1.0968847428940098
2322000.0	333.84999999999997	320.7366666666666	330.57333333333327	318.65	1.0492599999999999	1.153716060745654
2325600.0	333.84999999999997	320.9966666666666	330.67999999999995	319.82833333333326	0.9311999999999998	1.089205137974171
2372400.0	332.8533333333333	311.93666666666667	317.3666666666667	311.1516666666666	0.5316	2.2486425365385236
2376000.0	333.5016666666666	309.6766666666666	317.29166666666663	304.94333333333327	1.4846399999999997	2.6345031146440516
2379600.0	333.06833333333327	322.12666666666667	330.59999999999997	317.90166666666664	1.638	1.4026148450383114
2383200.0	332.61999999999995	321.475	330.23166666666657	317.7333333333333	1.5321600000000002	1.3516382834221066
2386800.0	333.88333333333327	321.1333333333333	330.43499999999995	318.4866666666667	1.20892	1.286953052611242
2390400.0	333.84999999999997	320.9533333333333	330.34999999999997	318.8433333333333	1.15176	1.2914234972733556
2394000.0	334.24999999999994	320.98	330.2083333333333	318.8066666666666	1.1179199999999998	1.3014663759958864
2397600.0	333.98333333333335	320.9483333333333	330.2166666666667	318.4899999999999	1.1712799999999999	1.3020929769960654
2401200.0	333.75	320.77	330.3666666666667	317.9883333333333	1.2506399999999998	1.3119714892768082
2404800.0	333.75	320.7316666666666	330.455	317.84499999999997	1.3104	1.3534313139798089
2408400.0	333.84999999999997	320.6833333333333	330.5383333333333	317.5066666666666	1.34832	1.3622331651640223
2412000.0	333.76666666666665	320.7283333333333	330.57499999999993	317.4766666666666	1.36944	1.363269735614388
2415600.0	333.75	320.65	330.51666666666665	317.2383333333333	1.4011200000000001	1.3824876819393674
2419200.0	333.9916666666666	320.65	330.63166666666666	317.31166666666667	1.4167199999999998	1.4187569431774085
2422800.0	334.24999999999994	320.65	330.60833333333335	317.59499999999997	1.39938	1.4628373522091371
2426400.0	333.9516666666666	320.7216666666667	330.62	317.525	1.36224	1.3765102772904294
2430000.0	333.8416666666666	320.55	330.5899999999999	317.3583333333333	1.3896000000000002	1.3961478274652694
2433600.0	333.94999999999993	320.56166666666667	330.655	316.92499999999995	1.4063999999999999	1.371673087772374
2437200.0	333.94999999999993	320.48999999999995	330.78	317.0283333333333	1.41216	1.38225647011146
2440800.0	333.94999999999993	320.5483333333333	330.735	317.105	1.42334	1.3998976936199883
2444400.0	333.94999999999993	320.83166666666665	330.5966666666666	317.3933333333333	1.3811	1.372430586086597
2448000.0	333.71999999999997	320.62999999999994	330.46166666666664	317.45833333333326	1.3902466666666666	1.3995019024431994
2451600.0	332.8833333333333	321.0683333333333	330.3716666666666	317.21666666666664	1.5048000000000001	1.3523425268962892
2455200.0	332.85	321.4816666666666	330.0683333333333	318.455	1.2057600000000002	1.1798041683634712
2458800.0	333.25	321.34999999999997	330.1283333333333	319.22666666666663	1.07016	1.168804959801259
2462400.0	333.8083333333333	321.34999999999997	330.1166666666666	319.6049999999999	1.0099199999999997	1.1969240509312946
2466000.0	333.84999999999997	321.4183333333333	329.9799999999999	319.5433333333333	0.9801599999999999	1.1677261707108144
2469600.0	333.84999999999997	321.11499999999995	330.0183333333333	319.325	1.0300799999999999	1.2276364136733278
2473200.0	333.84999999999997	321.3349999999999	329.9533333333333	319.5516666666667	1.0286399999999998	1.2388857283528607
2476800.0	333.84999999999997	321.1499999999999	330.16666666666663	319.4316666666666	1.0499999999999998	1.243848310984661
2480400.0	333.84999999999997	321.20833333333326	329.95833333333326	319.1816666666667	1.0888799999999998	1.277480423341617
2484000.0	334.025	321.1033333333333	330.11999999999995	319.175	1.10544	1.3054151727397707
2487600.0	333.96	321.05	330.11499999999995	318.865	1.18528	1.3617222938372162
2491200.0	333.75	320.9183333333333	330.19166666666666	318.5933333333333	1.23648	1.36881336503559
2494800.0	333.75	320.8	330.4266666666666	317.99999999999994	1.30432	1.3595439974292072
2498400.0	333.75	320.9416666666666	330.50666666666666	318.21833333333325	1.2681866666666666	1.32206547344442
2502000.0	333.75	320.65	330.695	317.5716666666666	1.2607199999999998	1.2591519744774722
2505600.0	333.75	320.6816666666666	330.71666666666664	317.87833333333333	1.19496	1.2170395620596657
2509200.0	333.6766666666666	320.6733333333333	330.59	317.38	1.2047999999999999	1.1865389483958697
2512800.0	334.26666666666665	320.40666666666664	331.12	317.1566666666666	1.23168	1.2219542135131083
2516400.0	334.6499999999999	320.4533333333333	330.85999999999996	317.6066666666666	1.2129599999999998	1.2993670964798891
2520000.0	334.6499999999999	320.6133333333333	330.8666666666666	317.6966666666666	1.2081600000000001	1.2875349183570355
2523600.0	334.6499999999999	320.31666666666666	330.97999999999996	317.5033333333333	1.2264	1.3047279982895597
2527200.0	334.6499999999999	320.2833333333333	331.00999999999993	317.31999999999994	1.2110400000000001	1.2708988698993924
2530800.0	334.46166666666664	320.4866666666666	330.71666666666664	317.5933333333333	1.24776	1.3292524460095356
2534400.0	332.74499999999995	320.98499999999996	330.1333333333333	317.96166666666664	1.5498666666666665	1.4962736790514422
2538000.0	332.6083333333333	321.56	329.78499999999997	318.98499999999996	1.42656	1.4583962033334035
2541600.0	333.29166666666663	321.085	328.81499999999994	317.19666666666666	1.0344	1.2582048934980072
2548800.0	333.30999999999995	323.4133333333333	330.69333333333327	320.3133333333333	1.8513600000000001	1.7422128090863893
2552400.0	333.78666666666663	321.91999999999996	329.3833333333333	321.2833333333333	0.9213600000000001	1.3558188181008186
2556000.0	334.0633333333333	322.21	329.29333333333335	321.58333333333326	0.81576	1.2531012703803694
2559600.0	334.6499999999999	321.9833333333333	329.3383333333333	321.645	0.78504	1.2946381012821058
2563200.0	334.6499999999999	322.1066666666666	329.3666666666666	321.66666666666663	0.7759199999999999	1.2652364552915343
2566800.0	334.6499999999999	322.1333333333333	329.1466666666666	321.5949999999999	0.74112	1.2309659973091698
2570400.0	332.85999999999996	322.1166666666667	328.9733333333333	320.9383333333333	0.9866399999999999	1.2877668719491235
2574000.0	334.32	321.67	329.82	320.275	0.9583200000000001	1.2715812216471536
2577600.0	334.4783333333333	321.45	329.96166666666664	320.3166666666666	1.00512	1.360590384398138
2581200.0	334.64000000000004	321.3533333333333	329.81499999999994	320.48999999999995	0.9899999999999999	1.4118326256186906
2584800.0	334.8833333333333	321.265	330.025	320.3333333333333	1.0105466666666667	1.4206299171021892
