#1
double tab1(719,7)
# Date
# THA-MESURE DE TEMPERATURE DEPART COMPTEUR CHAUD - SSTA GOTU (°C)
# THA-MESURE DE TEMPERATURE RETOUR COMPTEUR CHAUD - SSTA GOTU (°C)
# SSGOTUECH3CTPDEP__MSEC
# SSGOTUECH3CTPRET__MSEC
# Eau Chaude - Débit SST GOTU (m3/h)
# m_sec_m3
0.0	221.96666666666664	218.4083333333333	221.77666666666664	212.63499999999996	13.452166666666667	5.2631117847415885
3600.0	332.95	327.9483333333333	332.72166666666664	319.64666666666665	19.709666666666664	7.823726711016557
7200.0	332.95	327.20166666666665	332.7966666666666	318.4316666666666	18.016333333333332	7.237553542865797
10800.0	332.95	327.09166666666664	332.6816666666666	317.58166666666665	17.59783333333333	6.801398777992852
14400.0	332.95	326.3883333333333	332.41166666666663	317.34	19.024833333333333	8.24797142055682
18000.0	332.95	327.16499999999996	332.34666666666664	319.1766666666666	21.335833333333333	10.117286663369981
21600.0	332.95	327.6316666666666	332.61333333333334	317.94333333333327	21.533833333333334	7.811782602875056
25200.0	332.95	327.6166666666666	332.73333333333335	318.8599999999999	21.076	8.180213088898167
28800.0	332.95	327.4483333333333	332.59499999999997	320.04166666666663	21.009666666666664	9.273140429199838
32400.0	332.95	327.57833333333326	332.5383333333333	320.74166666666656	21.496666666666666	9.86092155943232
36000.0	332.95	327.6566666666667	332.38	324.18333333333334	21.6025	15.147315622807547
39600.0	332.95	327.8299999999999	332.50666666666666	323.7849999999999	21.077333333333332	12.814214103800122
43200.0	332.95	328.57333333333327	332.7433333333333	321.91166666666663	19.89033333333333	8.445761874007642
46800.0	332.95	327.79166666666663	332.86333333333334	321.73499999999996	16.275333333333336	7.667692344937862
50400.0	332.95	327.2683333333333	332.7166666666666	321.44666666666666	15.361666666666665	8.238877490240059
54000.0	332.95	327.9133333333333	332.9266666666666	319.47666666666663	14.593666666666667	5.520019692572196
57600.0	332.95	327.24	332.97666666666663	319.7683333333333	13.197833333333332	5.7827883084918135
61200.0	332.95	326.3933333333333	332.70666666666665	319.9783333333333	12.5425	6.899658947352603
64800.0	332.95	326.6266666666666	332.37499999999994	321.22666666666663	15.715666666666666	9.064941242948668
68400.0	332.95	327.4016666666667	332.0333333333333	324.86333333333334	19.69183333333333	16.280888816167504
72000.0	332.95	327.7416666666667	332.705	319.9633333333333	20.067999999999998	8.309407239170849
75600.0	332.95	327.43	332.5616666666666	322.345	19.78633333333333	11.09143650178953
79200.0	332.95	327.3483333333333	332.63999999999993	321.8883333333333	20.416833333333333	10.917438342561788
82800.0	332.95	327.5133333333333	332.6083333333333	320.0483333333333	20.812166666666666	9.26160493125619
86400.0	332.95	327.6633333333333	332.80499999999995	317.82499999999993	20.35333333333333	7.2027321929827774
90000.0	332.95	327.44166666666666	332.5966666666666	318.89833333333326	20.150166666666667	8.1390385542805
93600.0	332.95	327.645	332.50166666666667	318.4716666666667	20.610999999999997	7.810074275608066
97200.0	332.95	327.565	332.46833333333325	317.2866666666667	20.177	7.162385219671792
100800.0	332.95	327.4583333333333	332.5016666666666	317.39	21.5905	7.8428446115573
104400.0	332.95	327.8033333333333	332.9133333333333	317.34666666666664	20.695166666666665	6.840091291904741
108000.0	332.95	327.43333333333334	332.8066666666666	317.24666666666667	18.657999999999998	6.602913332756347
111600.0	332.95	327.08166666666665	332.62999999999994	319.7233333333333	18.620666666666665	9.012809975561158
115200.0	332.95	327.1783333333333	332.8083333333333	318.5133333333333	18.399833333333333	7.458720075866725
118800.0	332.95	326.96333333333325	332.37666666666667	321.7516666666666	18.669	11.95564097443524
122400.0	332.95	328.0466666666666	332.68166666666656	321.73333333333335	19.993666666666666	9.521565270920332
126000.0	332.95	327.71166666666664	332.4183333333333	324.35999999999996	18.410833333333333	12.120689758292558
129600.0	332.95	328.42499999999995	332.59999999999997	323.1483333333333	17.331833333333332	9.165272342163146
133200.0	332.95	327.2166666666666	332.6966666666666	318.9666666666667	14.374666666666666	6.140943022071625
136800.0	332.95	327.47999999999996	332.7366666666666	319.80999999999995	12.868166666666665	5.5249003265481855
140400.0	332.95	326.95833333333326	332.9633333333333	319.65166666666664	12.162333333333333	5.468159717751552
144000.0	332.95	327.19499999999994	332.5983333333333	321.60166666666663	12.596999999999998	6.912354286080188
147600.0	332.95	327.1783333333333	332.65666666666664	319.9816666666666	12.687166666666664	5.774812218248813
151200.0	332.95	327.29499999999996	332.46166666666664	321.335	13.941333333333333	7.361651577414973
154800.0	332.95	327.96166666666664	332.4716666666667	321.23333333333335	14.444333333333333	6.617894313173615
158400.0	332.95	327.0233333333333	332.65166666666664	320.635	13.798666666666666	6.854451292504398
162000.0	332.95	327.64833333333326	332.525	320.89333333333326	13.863999999999999	6.461229912726263
165600.0	332.95	327.4599999999999	332.23999999999995	323.60999999999996	14.1175	9.835748906800058
169200.0	332.95	327.7833333333333	332.68499999999995	322.2283333333333	14.115166666666664	7.173102581980277
172800.0	332.95	327.62	332.85499999999996	320.76666666666665	12.606166666666667	5.622600800325281
176400.0	332.95	327.58666666666664	332.70333333333326	320.3166666666666	12.478	5.402217033624566
180000.0	332.95	327.50166666666667	332.9266666666666	320.37666666666667	11.444499999999998	4.959374435705321
183600.0	332.95	326.7166666666667	332.96999999999997	320.44666666666666	10.242999999999999	5.097175450616516
187200.0	332.95	326.3816666666666	332.8466666666666	319.91499999999996	10.530666666666667	5.34890517809731
190800.0	332.95	326.6183333333333	332.7933333333333	320.2699999999999	11.3665	5.732016197053003
194400.0	332.95	327.34	332.59166666666664	320.2333333333333	11.893166666666666	5.408944687919952
198000.0	332.95	327.2883333333333	332.5499999999999	321.47666666666663	14.156833333333331	8.83153259918465
201600.0	332.95	327.52666666666664	332.87	319.6883333333333	12.769666666666668	5.246374710461005
205200.0	332.95	326.8016666666667	332.8366666666667	319.9266666666667	13.042166666666667	6.20611716603998
208800.0	332.95	327.39166666666665	332.5266666666666	322.635	13.694333333333333	8.051874369583084
212400.0	332.95	327.6183333333333	332.65999999999997	324.25833333333327	13.474666666666664	10.082079867856148
216000.0	332.95	327.68	332.7816666666666	322.1433333333333	11.340999999999998	5.806247668010842
219600.0	332.95	327.27833333333325	332.9	322.59666666666664	10.218666666666666	5.8771661682714065
223200.0	332.95	327.29999999999995	332.975	321.42666666666656	9.340666666666666	4.573358162891999
226800.0	332.95	326.97833333333335	332.8333333333333	321.7966666666666	9.124833333333333	4.954061337017285
230400.0	332.94166666666666	327.1416666666666	332.6083333333333	319.83666666666664	9.506499999999999	4.335459965748051
234000.0	332.44999999999993	327.32166666666666	332.3166666666666	320.20666666666665	12.866333333333333	5.442103347601305
237600.0	332.44999999999993	327.835	332.41166666666663	320.25	13.918999999999999	5.297055740664028
241200.0	332.76666666666665	327.4083333333333	332.68499999999995	319.6733333333333	12.865166666666667	5.284848532106476
244800.0	332.95	327.44499999999994	332.8499999999999	319.2583333333333	12.535	5.083439942979904
248400.0	332.95	326.9766666666667	332.0566666666666	322.71000000000004	14.87483333333333	11.008697721647676
252000.0	332.95	327.5266666666666	332.46166666666664	322.2983333333333	16.485	10.10471919763286
255600.0	332.95	327.9216666666666	332.8833333333333	321.4666666666667	15.021833333333333	6.6997678321479786
259200.0	332.95	327.47499999999997	332.9166666666667	319.6016666666666	13.373166666666666	5.500870974543899
262800.0	332.95	327.06999999999994	332.9183333333333	319.2783333333333	12.109666666666666	5.215701309250389
266400.0	332.95	327.23999999999995	332.88166666666666	319.96333333333325	11.47033333333333	5.06826164253931
270000.0	332.95	326.7616666666666	332.70166666666665	319.2583333333333	11.6195	5.351949342128687
273600.0	332.95	327.42999999999995	332.5883333333333	319.3483333333333	13.506499999999999	5.628136479254619
277200.0	332.95	327.66166666666663	332.8066666666666	319.25999999999993	13.116	5.11573573610525
280800.0	332.95	326.6049999999999	332.80499999999995	318.92999999999995	11.945166666666667	5.4530041870659485
284400.0	332.95	326.71666666666664	332.79499999999996	318.15166666666664	12.967833333333335	5.534638185239629
288000.0	332.95	327.38166666666666	332.63666666666666	318.36999999999995	14.262333333333332	5.573543315884951
291600.0	332.95	327.89333333333326	332.5516666666666	318.38499999999993	14.304499999999999	5.107186836708827
295200.0	332.95	326.835	332.59999999999997	321.6033333333333	15.204166666666666	9.721041750936735
298800.0	332.95	327.61499999999995	332.6533333333333	322.7183333333333	14.106666666666666	8.001693962144268
302400.0	332.95	327.8883333333333	332.80499999999995	321.81499999999994	12.441166666666668	6.247847860892955
306000.0	332.95	327.56333333333333	332.6033333333333	324.42499999999995	11.757166666666667	8.232699313097667
309600.0	332.95	327.6816666666666	332.5566666666666	322.79166666666663	11.328	6.274451020666248
313200.0	332.95	327.4749999999999	332.52666666666664	321.2149999999999	10.985833333333334	5.364712854953233
316800.0	332.95	327.9183333333333	332.4933333333333	322.81166666666667	12.1925	7.323579768213365
320400.0	332.95	327.5183333333333	332.75333333333333	321.03499999999997	10.588166666666668	4.911244444665114
324000.0	332.95	326.78666666666663	332.5883333333333	321.08666666666664	11.615499999999997	6.289374813344991
327600.0	332.4916666666667	327.7416666666666	332.4266666666666	319.52666666666664	13.835999999999999	5.091790012912487
331200.0	332.9	327.455	332.74	319.27666666666664	13.480666666666666	5.443141218222064
334800.0	332.95	327.04999999999995	332.40166666666664	322.755	14.324166666666665	10.005633734940258
338400.0	332.95	327.31	332.4383333333333	321.45	15.685500000000001	9.080180779491405
342000.0	332.95	327.77666666666664	332.60999999999996	321.59333333333325	17.362	8.440124389853688
345600.0	332.95	327.775	332.64	318.14166666666665	16.605999999999998	5.94170467672158
349200.0	332.95	327.50166666666667	332.64166666666665	318.1966666666666	16.066166666666668	6.070374617286722
352800.0	332.95	326.9749999999999	332.2316666666666	321.2366666666666	18.199166666666663	12.294277723763987
356400.0	332.95	327.5383333333333	332.585	317.59999999999997	19.019	6.872003823902039
360000.0	332.95	327.72666666666663	332.56333333333333	316.9333333333333	18.712333333333333	6.255223827538373
363600.0	332.95	327.21166666666664	332.5333333333333	317.1716666666666	18.948166666666665	7.080522864449714
367200.0	332.95	327.5183333333333	332.59999999999997	317.67499999999995	19.132666666666665	6.965407693824882
370800.0	332.95	327.78666666666663	332.6816666666666	317.8983333333333	18.866	6.6134586292996875
374400.0	332.95	328.01666666666665	332.7	317.24333333333334	18.453166666666668	5.890345735958832
378000.0	332.95	326.98333333333335	332.51166666666666	318.45166666666665	18.557666666666666	8.15522821142878
381600.0	332.95	327.4983333333333	332.70333333333326	320.715	18.706833333333332	8.708507102371403
385200.0	332.95	327.32833333333326	332.5566666666666	323.85166666666663	16.680833333333332	11.034712231031621
388800.0	332.95	328.43666666666667	332.405	324.33	17.023166666666665	10.773407351399415
392400.0	332.95	327.9933333333333	332.72833333333335	322.36499999999995	12.630833333333333	6.169926553952053
396000.0	332.95	327.37833333333333	332.78999999999996	322.85499999999996	10.165166666666668	5.827831889369959
399600.0	333.18999999999994	327.66499999999996	333.0	321.85999999999996	8.883333333333333	4.386001606515875
403200.0	333.94	326.43	333.5466666666667	322.155	6.6705000000000005	4.366111154231717
406800.0	331.6266666666666	326.9883333333333	331.41166666666663	321.8083333333333	10.955833333333333	5.145159889959052
410400.0	332.77666666666664	327.9233333333333	332.53999999999996	321.15666666666664	11.094166666666665	4.715409376792822
414000.0	332.95	326.96333333333337	332.3383333333333	321.62	10.966333333333331	7.674218374031237
417600.0	332.95	327.74999999999994	332.81333333333333	320.2916666666666	12.435333333333332	5.501111351007142
421200.0	332.95	326.89166666666665	332.79166666666663	318.8933333333333	11.174333333333333	4.878612555540329
424800.0	332.95	326.9283333333333	332.63333333333327	319.1233333333333	11.850166666666667	5.323927067717618
428400.0	332.95	327.03999999999996	332.39666666666665	322.0066666666666	15.4505	9.653544986474984
432000.0	332.95	327.67666666666656	332.5516666666666	319.0783333333333	15.579833333333333	6.106061195704433
435600.0	332.95	327.7683333333333	332.64833333333326	318.86999999999995	14.930666666666667	5.631681598777249
439200.0	332.95	327.32166666666666	332.7083333333333	317.94499999999994	14.011333333333333	5.36291085532627
442800.0	332.95	327.0433333333333	332.66999999999996	318.4266666666666	14.429499999999997	5.995963003730741
446400.0	332.95	327.39166666666665	332.5483333333333	318.1766666666666	15.820999999999998	6.139447971737838
450000.0	332.95	327.37	332.68999999999994	318.47666666666663	15.932	6.2544942913245745
453600.0	332.95	327.195	332.3266666666666	319.51166666666666	16.1725	8.354107065760111
457200.0	332.95	327.5466666666666	332.6449999999999	319.9333333333333	17.545166666666667	7.527902603840076
460800.0	332.95	327.37499999999994	332.72166666666664	318.89833333333326	17.487166666666663	7.137135443307166
464400.0	332.95	327.24833333333333	332.81666666666666	316.59166666666664	17.896	6.29230921665618
468000.0	332.95	327.56333333333333	332.8066666666666	319.91833333333335	17.081166666666665	7.372375312915137
471600.0	332.95	327.5383333333333	332.7683333333333	321.59999999999997	15.807166666666665	7.680132791671234
475200.0	332.95	327.29499999999996	332.87833333333333	320.78	12.885499999999999	6.039108926412117
478800.0	332.95	327.02166666666665	332.8683333333333	320.60499999999996	11.309333333333331	5.498019666025524
482400.0	332.95	327.03499999999997	332.84666666666664	321.56333333333333	9.836333333333332	5.2019292533623505
486000.0	332.95	326.98499999999996	332.5833333333333	321.03666666666663	10.107833333333334	5.283630022572109
489600.0	332.95	327.325	332.66666666666663	322.90166666666664	11.202166666666667	6.889662716928044
493200.0	332.95	326.92999999999995	332.93499999999995	322.2033333333333	9.617666666666667	5.412242737663949
496800.0	332.95	326.09499999999997	332.53499999999997	320.27	10.098333333333333	5.652251261240262
500400.0	332.6416666666666	326.9266666666666	331.8483333333333	322.2083333333333	13.086499999999997	10.7344036122086
504000.0	332.74999999999994	328.1866666666666	332.46	323.97666666666663	14.589666666666666	8.16115015271837
507600.0	332.74999999999994	327.7466666666666	332.6516666666666	320.05999999999995	14.387666666666664	5.782126946752815
511200.0	332.74999999999994	327.1633333333333	332.7516666666666	320.6033333333333	14.1755	6.547453870312035
514800.0	332.74999999999994	327.2366666666667	332.6883333333333	322.8516666666667	15.331666666666667	8.650455877093751
518400.0	333.225	327.98499999999996	332.9	320.91499999999996	14.311333333333332	6.277922996533459
522000.0	333.25	326.94666666666666	332.8216666666666	319.68999999999994	11.475833333333332	5.504498605530566
525600.0	333.16666666666663	326.59333333333325	332.71999999999997	319.01333333333326	11.936333333333334	5.714649736541531
529200.0	332.74999999999994	327.2583333333333	332.57833333333326	318.81499999999994	12.688999999999998	5.073838443296285
532800.0	332.74999999999994	327.7333333333333	332.43499999999995	318.7983333333333	14.12683333333333	5.201588424481912
536400.0	332.74999999999994	327.75166666666667	332.53499999999997	318.72666666666663	14.827333333333328	5.384173392027667
540000.0	332.74999999999994	326.9633333333333	332.46166666666664	320.96	14.610999999999997	9.067512114921138
543600.0	332.93	327.65666666666664	332.69666666666666	322.7466666666666	15.158499999999998	8.028723860991528
547200.0	332.65	327.1816666666666	332.16499999999996	324.4083333333333	17.895166666666668	12.778074265138631
550800.0	332.65	327.6783333333333	332.6633333333333	320.00499999999994	19.729833333333332	7.9079651371934485
554400.0	332.65	328.0383333333333	332.3633333333333	318.8066666666666	19.599833333333333	6.74580994643804
558000.0	333.08333333333326	328.2	332.855	318.93333333333334	16.977833333333333	5.934240593364186
561600.0	333.1499999999999	327.07833333333326	332.8033333333333	318.55999999999995	14.318999999999999	6.142813664254818
565200.0	333.1499999999999	328.0533333333333	332.8883333333333	319.09666666666664	12.958166666666667	4.79601531011625
568800.0	333.1499999999999	326.9549999999999	332.8066666666667	321.0516666666666	10.822	5.794539064317771
572400.0	333.1499999999999	327.6783333333333	332.72666666666663	321.13333333333327	10.232833333333332	4.825869581422506
576000.0	333.1499999999999	327.76666666666665	332.6633333333333	321.12	10.060833333333331	4.6952556317374174
579600.0	332.81	328.0983333333333	332.5033333333333	321.87166666666667	10.19	4.5053874970119026
583200.0	332.55	327.8066666666666	332.47999999999996	321.17333333333335	10.5505	4.42257205015767
586800.0	332.71666666666664	327.8083333333333	332.34833333333324	323.05499999999995	11.752999999999998	7.191286942178196
590400.0	332.55	327.4916666666667	332.67499999999995	320.1816666666666	11.062833333333334	4.471819867295716
594000.0	332.55	327.19499999999994	332.3133333333333	322.71166666666664	12.642666666666665	8.001661520010558
597600.0	332.7333333333333	327.805	332.66166666666663	320.31833333333327	14.402166666666666	5.845673806188729
601200.0	333.05	327.09666666666664	332.29499999999996	323.2699999999999	15.022833333333333	11.230688632420273
604800.0	333.05	327.655	332.62833333333333	323.34166666666664	17.086999999999996	10.05718649339178
608400.0	333.05	327.88	332.6466666666666	318.31166666666667	15.765833333333331	5.72932372469692
612000.0	332.72	327.37666666666667	332.51166666666666	317.685	15.164666666666665	5.469697220890059
615600.0	332.60833333333335	327.2316666666667	332.57833333333326	317.4633333333333	16.574666666666666	5.919308742483721
619200.0	332.95	327.9083333333333	332.4333333333333	317.7416666666666	16.364833333333333	5.65089052315347
622800.0	332.95	327.66999999999996	332.6766666666666	317.7366666666666	15.790833333333333	5.6101808666224535
626400.0	332.95	327.04333333333335	332.50833333333327	317.145	15.592833333333331	6.067533353658247
630000.0	332.95	326.59333333333336	331.82666666666665	322.7383333333333	19.450499999999998	17.716389007306717
633600.0	332.95	326.95833333333337	331.83333333333326	324.6266666666666	25.025166666666667	20.835253550839848
637200.0	332.95	328.69499999999994	332.5833333333333	322.6683333333333	24.885333333333335	11.822211000625732
640800.0	332.95	328.975	332.71	319.53	17.74	5.358001030334361
644400.0	332.95	328.01	332.8533333333333	319.78666666666663	13.137999999999998	4.955161397023308
648000.0	332.95	327.68999999999994	332.7166666666666	320.4666666666666	11.605333333333334	4.983180494571639
651600.0	332.95	328.04166666666663	332.8616666666666	321.0366666666667	9.745999999999999	4.0606091646709706
655200.0	332.95	327.98999999999995	332.9216666666666	322.25666666666666	8.8935	4.141572035529652
658800.0	332.88	326.6066666666667	332.07666666666665	325.0716666666666	10.589333333333332	15.232953825101623
662400.0	332.62	328.06666666666666	332.53499999999997	322.53	10.184	4.645242171805191
666000.0	332.95	327.43499999999995	332.81499999999994	322.2433333333333	8.193833333333332	4.272414529879977
669600.0	332.95	325.93833333333333	331.1716666666667	324.0633333333333	10.732166666666666	13.814169558679671
673200.0	332.95	328.1716666666666	331.7483333333333	326.3499999999999	17.248166666666666	16.890635226004672
676800.0	332.95	328.32499999999993	332.59666666666664	321.89333333333326	15.358166666666664	6.833032374609031
680400.0	332.95	326.99	332.47333333333324	319.69999999999993	13.486666666666666	6.650227148926336
684000.0	332.95	327.57833333333326	332.45	320.10166666666663	14.942666666666666	6.6524774783529255
687600.0	332.95	327.55833333333334	332.7633333333333	318.7316666666666	14.048333333333332	5.414645411944612
691200.0	332.95	326.6916666666666	332.37499999999994	321.0466666666666	13.377666666666665	8.136790045872166
694800.0	332.95	327.56999999999994	332.6033333333333	319.9266666666666	13.682333333333332	5.9740262967697575
698400.0	332.95	327.4	332.69499999999994	319.5616666666666	13.3585	5.649653943002665
702000.0	332.79999999999995	327.3616666666666	332.52500000000003	319.00166666666667	13.536166666666665	5.487145475338319
705600.0	332.44999999999993	327.28499999999997	332.5199999999999	319.03	14.224833333333333	5.482925650526887
709200.0	332.7	327.4783333333333	332.74	318.8616666666667	14.767333333333333	5.583558769150902
712800.0	333.05	326.8233333333333	332.5883333333333	317.5533333333333	14.890666666666666	6.19826764147445
716400.0	332.83333333333337	326.6166666666667	331.91833333333335	322.67999999999995	18.386666666666667	14.320266287114116
720000.0	332.55	326.6983333333333	331.50499999999994	325.0283333333333	23.379999999999995	21.138057157851993
723600.0	332.55	327.74999999999994	331.9983333333333	323.8716666666666	27.976	16.664909246538098
727200.0	332.55	329.29166666666663	332.49666666666667	322.2316666666666	26.162499999999994	8.355716314746802
730800.0	332.97499999999997	329.47499999999997	332.7866666666666	323.25333333333333	16.534666666666666	5.8675508314482
734400.0	333.05	327.5633333333333	332.8066666666667	321.49999999999994	10.855333333333334	5.2710460075969845
738000.0	333.05	327.43	332.93999999999994	320.7333333333333	10.059333333333333	4.63969478810946
741600.0	333.05	327.35999999999996	332.9	322.0133333333333	9.146666666666667	4.780631920043544
745200.0	333.05	327.9783333333333	332.54499999999996	324.0466666666666	9.585833333333332	6.295866043939986
748800.0	332.95	327.90166666666664	332.4833333333333	322.285	9.323833333333333	4.632601735935994
752400.0	332.55	327.7683333333333	332.635	322.5066666666666	8.582333333333333	4.0549114156933985
756000.0	332.55	326.94999999999993	332.49	322.16999999999996	9.228	5.013441501919813
759600.0	332.55	327.72999999999996	332.4333333333333	321.38999999999993	11.116333333333333	4.850353192784157
763200.0	332.79999999999995	327.83833333333325	332.5799999999999	319.2316666666666	11.719999999999999	4.371188026201689
766800.0	333.05	327.4733333333333	332.60666666666657	319.9733333333333	11.8095	5.2285937978823345
770400.0	333.05	327.6183333333332	332.53	319.44166666666666	12.513333333333335	5.195909871757853
774000.0	333.05	327.9333333333333	332.6883333333333	319.2416666666667	11.3165	4.292512664902368
777600.0	333.05	327.25666666666666	332.7316666666666	320.65166666666664	10.620833333333334	5.111314774101463
781200.0	333.05	327.3533333333333	332.7383333333333	321.00999999999993	9.988333333333332	4.876399546863839
784800.0	333.05	327.6066666666666	332.7633333333333	321.1866666666666	9.9165	4.66624559627368
788400.0	333.05	327.23999999999995	332.7683333333333	321.3033333333333	9.886166666666666	5.015254799189572
792000.0	333.05	327.38666666666666	332.60833333333335	321.17999999999995	10.911833333333332	5.409834291704884
795600.0	333.05	327.40666666666664	332.67833333333334	321.4233333333333	11.253333333333334	5.647301951691562
799200.0	332.98333333333335	327.05499999999995	332.6233333333333	320.5183333333333	11.396333333333333	5.574700256923471
802800.0	332.8833333333333	327.71	332.6733333333333	320.68333333333334	11.694999999999999	5.062168126426728
806400.0	332.84166666666664	327.89666666666665	332.66499999999996	320.5383333333333	10.494166666666667	4.27545181418281
810000.0	333.05	327.0966666666667	332.3349999999999	319.6566666666666	10.929666666666666	5.265351715847353
813600.0	333.0416666666667	328.15	332.31666666666666	321.7366666666667	14.636	9.122313410592355
817200.0	332.8299999999999	327.72499999999997	332.56833333333327	320.23499999999996	13.322499999999998	5.534909738809956
820800.0	332.8583333333333	327.325	332.4	322.78000000000003	14.192	8.27268109809672
824400.0	332.65	327.78166666666664	332.6066666666666	319.6316666666666	13.107833333333332	4.920578105011797
828000.0	332.65	327.5	332.5833333333333	320.33	12.644333333333332	5.441137528186904
831600.0	332.65	328.0283333333333	332.6066666666666	320.22333333333324	12.336333333333334	4.637334484655518
835200.0	332.9166666666666	327.9583333333333	332.67333333333323	320.7466666666666	10.655666666666667	4.443390266821023
838800.0	332.96999999999997	327.6166666666666	332.63666666666666	321.6266666666666	9.357666666666667	4.55194282259002
842400.0	332.98499999999996	326.7416666666666	332.7066666666666	320.09166666666664	9.705333333333332	4.812198767035812
846000.0	332.65	326.945	332.26833333333326	320.2016666666666	12.062499999999998	6.098949826062336
849600.0	332.65	328.14666666666665	332.3183333333333	323.81666666666666	14.871833333333331	9.400424972487423
853200.0	332.9166666666666	327.5583333333333	332.7283333333333	318.7316666666666	13.252833333333333	5.070039728177327
856800.0	333.1499999999999	327.375	332.6466666666666	319.46999999999997	13.684166666666666	6.0381339750452305
860400.0	332.9	327.74333333333334	332.6533333333333	318.34999999999997	13.824666666666667	4.984256446508087
864000.0	332.55	327.91833333333335	332.3766666666666	319.4516666666667	13.476833333333332	4.829548995302372
867600.0	332.55	327.90999999999997	332.55	318.8466666666667	13.693999999999999	4.641157599894823
871200.0	333.025	327.51166666666666	332.69499999999994	318.4666666666666	13.658333333333331	5.297151572383469
874800.0	333.05	327.57333333333327	332.65333333333325	318.4716666666666	13.714166666666664	5.289812425258223
878400.0	333.05	327.27166666666665	332.575	318.23999999999995	14.232166666666664	5.731017382406943
882000.0	332.7916666666667	327.28499999999997	332.52	317.81499999999994	14.831499999999998	5.548293648027524
885600.0	332.55	327.4683333333333	332.49166666666656	316.8066666666667	16.526166666666665	5.356814541459416
889200.0	332.55	327.36999999999995	332.4816666666666	316.645	18.101666666666667	5.921121764494836
892800.0	332.85999999999996	327.92999999999995	332.7266666666667	317.03499999999997	18.377499999999998	5.776360156016894
896400.0	333.1499999999999	327.1433333333333	332.38166666666666	320.25333333333333	17.491666666666667	9.583711927192079
900000.0	332.90999999999997	327.8016666666666	332.515	322.135	17.375333333333334	8.764611984168742
903600.0	332.55	328.39	332.6966666666666	319.94666666666666	14.482999999999999	4.773144050281994
907200.0	332.83333333333326	327.64666666666665	332.6716666666666	319.735	11.526499999999999	4.591600606298098
910800.0	332.55	327.3633333333333	332.4883333333333	320.4766666666667	12.700333333333333	5.562383465258373
914400.0	333.0333333333333	327.7033333333333	332.82833333333326	321.09666666666664	10.456499999999998	4.726564631840857
918000.0	333.05	327.5249999999999	332.7316666666666	321.54499999999996	9.488166666666666	4.690425600289315
921600.0	333.05	327.4033333333333	332.71999999999997	321.96333333333325	8.8985	4.663769936847048
925200.0	333.05	327.2516666666666	332.7083333333333	321.81666666666666	8.346	4.473797850873254
928800.0	333.02500000000003	327.0216666666666	332.6883333333333	320.7933333333333	8.775666666666666	4.436239620933236
932400.0	332.96666666666664	327.11833333333334	331.9049999999999	321.0433333333333	11.4205	8.011657805263866
936000.0	332.71666666666664	327.77666666666664	332.5066666666666	323.3066666666667	13.462666666666667	7.4278706057805755
939600.0	333.05	327.7149999999999	332.64	319.1766666666666	13.005666666666666	5.1706048890420195
943200.0	332.8	327.0366666666666	332.06	320.805	14.623666666666667	9.967697943139218
946800.0	332.8866666666666	327.95166666666665	332.4033333333333	323.69666666666666	18.553833333333333	12.18867045195358
950400.0	332.65	328.16666666666663	332.63499999999993	318.21	15.828166666666666	4.91028995689448
954000.0	332.65	327.75333333333333	332.80999999999995	317.75499999999994	14.177	4.614738210124966
957600.0	332.65	325.85333333333335	332.61999999999995	319.24999999999994	14.1515	7.66225195244056
961200.0	332.65	327.07166666666666	332.72666666666663	316.92	15.668499999999998	5.5401846930766325
964800.0	332.81666666666666	326.98499999999996	332.64	316.60833333333335	16.116	5.861841937919881
968400.0	332.65	327.4266666666666	332.62833333333333	316.7616666666666	17.1345	5.638718775997091
972000.0	332.65	327.40999999999997	332.56499999999994	316.58166666666665	17.262166666666666	5.660507271093962
975600.0	332.65	327.8133333333334	332.6816666666666	316.78666666666663	16.986166666666666	5.174192843365162
979200.0	333.0166666666666	327.325	332.7316666666666	316.5833333333333	16.35683333333333	5.779890175942297
982800.0	333.1499999999999	327.3583333333333	332.29166666666663	322.0466666666666	18.01	10.342505432850885
986400.0	332.7833333333333	328.0133333333333	332.4333333333333	320.9649999999999	17.267333333333333	8.176160183438533
990000.0	333.12499999999994	327.94166666666666	332.56499999999994	324.47166666666664	15.528333333333332	10.306342101472811
993600.0	333.1499999999999	328.3166666666666	332.735	323.4666666666666	13.438	7.230413532016047
997200.0	333.1499999999999	327.71	332.7533333333333	321.575	9.897333333333332	4.8888693555172775
1000800.0	333.1499999999999	327.4916666666667	332.5566666666666	323.2466666666666	9.727166666666667	6.289414225366954
1004400.0	332.67499999999995	327.6533333333333	332.36499999999995	323.20166666666665	10.259999999999998	5.789351614496098
1008000.0	332.95	327.7966666666666	332.6633333333333	322.465	10.376000000000001	5.286133264755195
1011600.0	333.25	327.635	332.82500000000005	321.9683333333333	8.639666666666667	4.480550541744813
1015200.0	333.25	327.2783333333333	332.7033333333333	321.37833333333333	8.825166666666666	4.639365647411639
1018800.0	332.69	327.61999999999995	332.4233333333333	320.2366666666666	10.473	4.402495625034596
1022400.0	332.74999999999994	327.53666666666663	332.6766666666666	319.61	11.579333333333333	4.617700549344797
1026000.0	333.1083333333333	327.0283333333333	332.6266666666666	318.92499999999995	11.561	5.113725515014469
1029600.0	332.65	326.6916666666666	332.2233333333333	321.41333333333324	14.362166666666669	8.774025477178075
1033200.0	332.65	328.16999999999996	332.6083333333333	318.27	15.2865	4.811972286530725
1036800.0	332.65	327.61333333333334	332.65333333333325	318.5066666666666	13.745333333333333	4.892148214826964
1040400.0	332.65	327.1766666666667	332.7316666666666	317.655	14.228499999999997	5.165412932494448
1044000.0	332.65	326.9333333333333	332.5883333333333	317.1916666666666	15.419499999999998	5.728982573782187
1047600.0	332.65	327.6266666666666	332.4866666666666	317.68499999999995	17.027666666666665	5.7806376103497445
1051200.0	332.65	327.78499999999997	332.51499999999993	317.38	17.172	5.519402376046422
1054800.0	332.65	327.775	332.5566666666666	317.1283333333333	17.2595	5.456616832830111
1058400.0	332.65	327.0083333333333	332.6083333333333	316.72166666666664	17.25583333333333	6.118287036823091
1062000.0	332.65	327.02166666666665	332.04999999999995	322.1416666666666	18.839666666666666	11.221218346697714
1065600.0	332.43333333333334	326.5566666666666	332.1433333333333	320.9	22.570333333333334	11.95360783872424
1069200.0	332.15	327.2833333333333	332.065	318.50333333333333	25.877833333333328	9.325481749602327
1072800.0	331.95	328.1483333333333	331.715	320.6583333333333	28.262	9.819974249745917
1076400.0	332.54999999999995	329.375	332.5533333333333	319.8066666666667	26.687666666666665	6.667129901674425
1080000.0	332.875	329.19499999999994	332.90166666666664	319.0716666666666	19.629333333333335	5.156196978536771
1083600.0	333.79999999999995	327.48	333.67499999999995	320.6416666666666	10.319333333333333	4.923450064975346
1087200.0	333.84999999999997	325.86999999999995	333.5333333333333	321.4916666666666	7.1161666666666665	4.708914609703349
1090800.0	333.84999999999997	325.2783333333333	333.0116666666666	322.46166666666664	7.215333333333334	5.98504604917255
1094400.0	333.84999999999997	324.7233333333333	333.3016666666666	321.17499999999995	6.641166666666667	5.00382313498138
1098000.0	333.84999999999997	324.0483333333333	333.1983333333333	320.55999999999995	6.8246666666666655	5.292457650242804
1101600.0	333.39666666666665	323.40333333333325	333.0333333333333	320.65666666666664	7.465999999999999	6.02373175041055
1105200.0	333.55000000000007	324.2266666666667	332.57333333333327	319.68	8.178666666666665	6.100689034457535
1108800.0	333.55000000000007	325.6166666666667	332.6216666666666	322.10499999999996	10.814333333333332	8.55334811240121
1112400.0	333.7583333333333	325.49999999999994	333.3933333333333	319.3133333333333	9.878499999999999	5.7984259288447895
1116000.0	333.53	325.215	332.86499999999995	322.0116666666666	10.0175	7.747267585611825
1119600.0	333.59	325.3583333333333	333.0566666666666	321.17999999999995	10.380333333333335	7.546901537555352
1123200.0	334.03	326.3483333333333	333.21	321.5483333333333	11.179833333333333	7.9144679048092055
1126800.0	333.55000000000007	326.0816666666666	333.3466666666666	320.25499999999994	9.982	5.717993259446756
1130400.0	333.55000000000007	325.34833333333324	333.38999999999993	319.91999999999996	9.205333333333334	5.604339366567252
1134000.0	333.98333333333335	324.1133333333333	333.355	319.895	7.940333333333333	5.818659634637265
1137600.0	333.7833333333333	323.87333333333333	333.10999999999996	319.9316666666667	7.752333333333333	5.831095960873146
1141200.0	333.55000000000007	324.1383333333333	333.2633333333333	319.835	7.6979999999999995	5.39588891759964
1144800.0	333.55000000000007	324.0833333333333	332.48499999999996	321.7366666666667	8.389833333333332	10.299285014184854
1148400.0	333.55000000000007	326.655	332.27666666666664	326.4066666666667	14.608833333333333	17.861746789350008
1152000.0	333.55000000000007	327.555	332.8033333333333	325.68333333333334	16.987333333333336	14.792722621089132
1155600.0	333.55000000000007	327.75166666666667	333.395	320.67999999999995	13.167833333333332	6.246716686174069
1159200.0	333.55000000000007	326.10666666666657	333.22999999999996	320.3166666666666	10.008500000000002	5.876741251404807
1162800.0	333.65833333333336	326.7683333333333	333.5183333333333	320.25	8.873999999999999	4.604846986555609
1166400.0	334.05	325.9666666666667	333.4233333333333	321.395	6.8065	4.578349932190045
1170000.0	333.65	324.715	332.9966666666666	322.955	6.358666666666666	5.78841036811945
1173600.0	333.60999999999996	325.8633333333333	333.34833333333324	321.9833333333333	6.5778333333333325	4.49354432175164
1177200.0	333.40999999999997	325.3883333333333	332.9666666666666	322.25833333333327	6.6306666666666665	4.971732568428388
1180800.0	333.68333333333334	325.83166666666665	333.3466666666666	321.84499999999997	6.586666666666668	4.4779316828443685
1184400.0	334.05	325.23833333333334	333.3183333333333	321.7683333333333	6.092499999999999	4.648318503167932
1188000.0	334.05	324.8283333333333	333.055	322.205	6.602333333333332	5.652505360392562
1191600.0	334.05	324.4949999999999	333.3033333333333	322.60499999999996	6.796833333333332	6.195412348064521
1195200.0	334.05	323.66666666666663	332.4233333333333	322.73499999999996	7.093333333333334	10.04466619539614
1198800.0	334.05	326.85166666666663	332.81999999999994	325.83	11.7015	12.88584163489441
1202400.0	333.48999999999995	327.09999999999997	332.75666666666666	325.1766666666666	11.9925	10.145705168075306
1206000.0	333.94	326.9866666666666	333.3349999999999	324.60166666666663	11.341	9.18531061691804
1209600.0	334.05	326.8016666666667	333.4683333333333	323.83	10.085333333333333	7.784331395881576
1213200.0	334.12333333333333	325.14666666666665	333.5066666666666	321.2066666666666	6.4271666666666665	4.650675935956907
1216800.0	333.59999999999997	324.58833333333325	333.18499999999995	320.985	6.3975	4.742258047397321
1220400.0	333.6116666666667	323.8433333333333	333.10999999999996	320.6766666666666	6.372166666666667	5.006682584257703
1224000.0	333.55000000000007	324.4733333333333	333.2883333333333	321.135	6.2798333333333325	4.696071292774366
1227600.0	333.55000000000007	326.28166666666664	332.0033333333333	324.91833333333335	9.635	11.969240726194732
1231200.0	333.55000000000007	326.27166666666665	333.19	320.75999999999993	8.485166666666668	4.972217858652168
1234800.0	333.61	326.29166666666663	331.79999999999995	325.9283333333333	11.458499999999997	15.903427876678839
1238400.0	333.975	327.19333333333327	332.4883333333333	326.1783333333333	17.813166666666667	19.24823457938554
1242000.0	333.75999999999993	328.24499999999995	333.2833333333333	324.55499999999995	13.367166666666666	8.93819987571748
1245600.0	333.80833333333334	327.01166666666666	333.37833333333333	323.1633333333333	8.325666666666667	5.597812078488084
1249200.0	333.65	325.9283333333333	333.13666666666666	323.4933333333333	7.256166666666665	6.05193768526606
1252800.0	333.65	326.3383333333333	333.2049999999999	323.6966666666666	7.54	6.114004265824688
1256400.0	334.14	325.8499999999999	333.41999999999996	322.8966666666666	6.3196666666666665	5.23443007432847
1260000.0	334.35	326.0666666666666	333.19666666666666	325.16333333333324	7.517666666666666	8.255533852949405
1263600.0	334.3583333333333	324.7683333333334	333.39666666666665	323.67833333333334	5.565166666666666	5.517509156569303
1267200.0	333.69166666666666	325.09499999999997	332.79999999999995	323.9116666666666	6.2173333333333325	6.0680469619023985
1270800.0	334.14	325.9483333333333	332.9416666666666	324.61833333333334	7.115499999999999	7.079831923553
1274400.0	333.97166666666664	325.6983333333333	333.31	323.63833333333326	6.988833333333332	6.058091178465221
1278000.0	334.55	324.525	333.09666666666664	323.2183333333333	5.939499999999999	6.185126762951149
1281600.0	333.5866666666667	326.10833333333335	332.54166666666663	323.6633333333333	7.794666666666666	7.269922797627448
1285200.0	333.55000000000007	325.1783333333333	333.10499999999996	322.03166666666664	8.062333333333333	6.09473561720918
1288800.0	333.55000000000007	325.6116666666666	333.1233333333333	322.60999999999996	8.2465	6.418756363647603
1292400.0	333.55000000000007	325.82666666666665	333.10333333333324	323.19333333333327	8.376499999999998	6.583768405613561
1296000.0	333.55000000000007	326.125	333.07666666666665	322.54499999999996	8.995999999999999	6.48659575716646
1299600.0	333.55000000000007	326.0533333333333	333.2733333333333	322.6333333333333	8.977333333333334	6.477613608958731
1303200.0	334.02	324.84666666666664	333.4549999999999	320.3033333333333	7.243499999999999	5.016849977743954
1306800.0	334.15	322.4216666666666	333.2716666666666	319.7466666666666	6.3645000000000005	5.521046975804183
1310400.0	333.76666666666665	322.05999999999995	332.8499999999999	319.62666666666667	6.030333333333333	5.326245797980968
1314000.0	333.3433333333333	323.32333333333327	333.03666666666663	319.46166666666664	7.282166666666667	5.387139593983654
1317600.0	333.81	323.54999999999995	332.2783333333333	320.87	9.0435	11.072120835784824
1321200.0	333.79999999999995	326.29499999999996	332.20166666666665	324.6816666666667	14.881499999999999	16.221135644902848
1324800.0	333.39	327.3549999999999	332.15166666666664	325.42499999999995	20.528999999999996	18.44865615882345
1328400.0	332.84999999999997	328.3433333333333	332.35333333333335	324.97499999999997	21.388833333333334	14.989579560100957
1332000.0	333.05	328.425	332.96166666666664	321.8633333333333	15.273833333333332	6.372907074616024
1335600.0	333.44	327.3216666666666	333.3683333333333	322.0666666666666	10.737666666666664	5.903708902390405
1339200.0	333.65	326.38333333333327	333.46999999999997	321.5966666666666	7.335333333333333	4.487716771831078
1342800.0	333.96666666666664	325.4816666666667	333.59999999999997	322.79333333333335	5.7645	4.485001990669452
1346400.0	334.37499999999994	324.0516666666666	333.06499999999994	323.6449999999999	4.4005	4.8307170970447935
1350000.0	332.7	325.33	332.00333333333333	324.13666666666666	6.293999999999999	5.362452424482445
1353600.0	331.905	328.11333333333334	331.82499999999993	324.22499999999997	10.982499999999998	5.201277484625315
1357200.0	333.6716666666666	328.03499999999997	333.31666666666666	322.5299999999999	7.894833333333333	4.077255856039775
1360800.0	332.71999999999997	325.6283333333333	332.555	322.91166666666663	6.604166666666666	4.702362886434233
1364400.0	333.0883333333333	325.9466666666666	331.15666666666664	325.6683333333333	14.854	19.270672057853147
1368000.0	333.75	328.3016666666667	333.5666666666666	324.20833333333326	12.443333333333332	7.4281672170619615
1371600.0	334.0666666666666	325.7883333333333	333.59666666666664	322.32333333333327	6.332833333333333	4.624742275562566
1375200.0	334.24999999999994	324.4333333333333	333.4183333333333	322.505	4.7745	4.277490471362418
1378800.0	334.6	321.9416666666666	332.9916666666666	321.31333333333333	4.563166666666667	4.95335637292027
1382400.0	334.0	323.6033333333333	332.97999999999996	321.8783333333333	5.279166666666666	4.935238037113051
1386000.0	334.2249999999999	323.2133333333333	333.2	322.05999999999995	4.9995	4.945696960495905
1389600.0	334.13666666666666	323.6716666666667	333.13166666666666	322.22666666666663	5.0681666666666665	4.862873559050708
1393200.0	334.05	323.54166666666663	333.2149999999999	322.1766666666666	4.986666666666667	4.750451406292776
1396800.0	334.05	323.46333333333325	333.16166666666663	321.935	5.1065	4.817371855315555
1400400.0	334.05	323.4816666666667	333.14666666666665	321.4283333333333	5.411666666666667	4.880553384025235
1404000.0	334.0083333333333	323.125	332.89166666666665	320.75999999999993	5.802999999999999	5.212446384598071
1407600.0	333.76	325.8383333333333	331.6183333333333	325.7416666666666	11.108499999999998	17.781204572920803
1411200.0	333.55000000000007	325.6183333333333	331.8016666666666	324.72999999999996	18.875166666666665	21.174776000270864
1414800.0	333.57000000000005	328.2333333333333	333.2216666666667	324.93999999999994	19.799999999999997	13.662157683753986
1418400.0	334.15	327.80499999999995	333.4983333333333	324.35166666666663	11.714166666666667	8.049110434741664
1422000.0	334.0333333333333	326.78499999999997	333.195	324.24499999999995	9.295666666666666	7.541782410667096
1425600.0	333.65	326.47999999999996	333.3316666666666	321.8633333333333	7.983999999999998	5.059691043826584
1429200.0	333.65	325.96999999999997	333.4416666666666	321.9483333333333	6.877166666666666	4.591025404995185
1432800.0	333.87499999999994	324.3083333333333	333.215	322.3833333333333	5.758	5.160858924677203
1436400.0	334.6499999999999	326.1783333333333	332.94999999999993	324.98999999999995	7.766833333333333	12.066328804869922
1440000.0	334.04166666666663	323.36333333333334	333.28	322.0466666666666	5.098833333333333	4.845446174099254
1443600.0	332.5083333333333	324.0233333333333	332.1266666666666	320.56499999999994	7.556166666666667	5.321608269483085
1447200.0	333.455	324.8616666666667	333.10499999999996	317.14166666666665	10.628666666666666	5.711303361075415
1450800.0	333.75	324.0033333333333	332.9633333333333	319.3283333333333	10.3255	7.93998885419518
1454400.0	333.75	324.4983333333333	333.31833333333327	318.7466666666666	10.916500000000001	7.020868544593233
1458000.0	333.75	324.9166666666666	333.3283333333333	319.1866666666666	10.135333333333334	6.325995797865289
1461600.0	333.75	325.40666666666664	333.28666666666663	320.54666666666657	9.700333333333333	6.4773375885534925
1465200.0	333.75	325.10499999999996	333.33333333333326	319.9266666666666	9.424166666666666	6.1392823297995225
1468800.0	334.03999999999996	324.6366666666666	333.4683333333333	321.0683333333333	8.875333333333332	6.862864787573946
1472400.0	334.35	323.26166666666666	333.27333333333326	320.0583333333333	7.335166666666667	6.2185007200863875
1476000.0	334.35	322.9233333333333	333.1233333333333	320.13666666666666	7.6965	6.823527438942552
1479600.0	334.35	321.6866666666666	333.3683333333333	318.5383333333333	6.986833333333333	5.984956242875625
1483200.0	334.38333333333327	320.0866666666667	333.0783333333333	317.9416666666666	7.062833333333332	6.686311295795652
1486800.0	332.03499999999997	324.8783333333333	331.81166666666667	317.95666666666665	14.719666666666667	7.718653163431163
1490400.0	332.94499999999994	326.40999999999997	332.76333333333326	318.4133333333333	17.512999999999998	7.988655680223212
1494000.0	333.65	326.5866666666667	333.185	319.32333333333327	17.667666666666666	9.21473881154927
1497600.0	333.8666666666666	324.98833333333334	333.27666666666664	319.01499999999993	17.207166666666666	10.783063599195604
1501200.0	333.81499999999994	325.01	333.28	319.53	16.40533333333333	10.52157781809031
1504800.0	333.74	325.4	333.41999999999996	319.16999999999996	15.784333333333333	9.259274379840157
1508400.0	333.65	326.7666666666666	333.61833333333334	320.42999999999995	12.180833333333332	6.305120635465141
1512000.0	333.84166666666664	324.83166666666665	333.5516666666666	319.1866666666666	9.015333333333333	5.617897194348519
1515600.0	333.68333333333334	323.28999999999996	333.06333333333333	319.1533333333333	8.735999999999999	6.5962755798682124
1519200.0	333.65	325.06499999999994	333.04999999999995	321.385	8.564	6.491506872220471
1522800.0	333.65	326.5516666666667	333.1983333333333	321.2566666666666	8.8835	5.3124903571853475
1526400.0	333.65	325.78999999999996	333.245	321.1433333333333	8.374666666666666	5.467332384285067
1530000.0	333.65	324.72666666666663	333.2833333333333	320.2416666666666	7.664	5.24819851221569
1533600.0	333.65	323.66166666666663	332.97666666666663	320.0583333333333	7.956833333333332	6.198944896475176
1537200.0	333.65	324.2533333333333	332.92499999999995	319.4916666666667	8.742166666666666	6.125170081415401
1540800.0	333.65	324.16833333333335	332.94333333333327	319.3866666666666	9.338166666666666	6.61818694558387
1544400.0	333.65	323.2633333333333	333.0433333333333	318.7799999999999	10.062833333333334	7.398765382827575
1548000.0	333.65	324.325	332.965	320.65	11.234166666666667	8.558270215080968
1551600.0	333.65	324.90666666666664	333.1283333333333	321.07499999999993	11.794	8.6422607508686
1555200.0	333.75833333333327	324.58	333.4616666666666	320.11499999999995	11.119166666666667	7.6530458210724905
1558800.0	333.85833333333335	324.5633333333333	333.23333333333335	320.055	10.644499999999999	7.6522595393373045
1562400.0	334.05	325.27833333333325	333.3616666666666	319.35333333333335	9.708666666666668	6.081522106390588
1566000.0	333.93333333333334	323.8133333333333	333.2583333333333	318.4216666666666	8.758	5.970312713058671
1569600.0	334.05	322.8866666666666	333.21166666666664	318.5433333333333	8.361666666666666	6.367244019325575
1573200.0	334.05	322.2383333333333	332.66833333333335	318.1449999999999	8.592666666666664	7.0388292370558085
1576800.0	334.05	325.07499999999993	332.3883333333333	321.4916666666666	14.155833333333334	13.670727793440498
1580400.0	333.70000000000005	325.8733333333333	333.46666666666664	319.09999999999997	13.77	7.508148068092325
1584000.0	333.95833333333337	325.02833333333325	333.3933333333333	318.49666666666667	11.029333333333334	6.619806345383566
1587600.0	334.05	324.1166666666666	333.26166666666666	319.1916666666666	10.1785	7.243106658571671
1591200.0	334.05	324.52666666666664	333.1483333333333	320.4883333333333	10.140833333333333	7.7184271833118245
1594800.0	333.5683333333333	325.0783333333333	333.00499999999994	321.0733333333333	9.862333333333332	7.615458823687968
1598400.0	333.94999999999993	326.03499999999997	333.2483333333333	322.65166666666664	10.491666666666667	8.245307407583002
1602000.0	333.94999999999993	326.1083333333333	333.0483333333333	320.40166666666664	10.1385	6.612204219359802
1605600.0	333.5666666666666	325.8633333333333	333.38833333333326	318.98499999999996	9.525	5.078342177289085
1609200.0	333.45	324.5733333333333	333.37499999999994	319.5566666666666	8.718	5.609094109130755
1612800.0	333.8166666666666	323.72333333333336	332.7033333333333	321.11499999999995	8.983666666666666	9.22835063440775
1616400.0	333.7583333333333	325.68	333.185	319.60166666666663	11.924166666666665	7.285691407638208
1620000.0	333.79	325.30833333333334	333.4533333333333	318.67499999999995	10.838666666666667	6.240118001161546
1623600.0	333.5083333333333	324.0183333333333	333.03666666666663	318.86833333333334	10.557	7.189737408924532
1627200.0	333.45	324.0283333333333	333.2333333333333	317.6483333333333	10.582666666666666	6.411008425452506
1630800.0	333.71	323.36	333.0783333333333	318.37999999999994	10.731499999999999	7.683826674812148
1634400.0	333.4583333333333	323.71166666666664	332.8316666666666	318.9733333333333	11.610833333333332	8.196395102852732
1638000.0	333.05	325.4466666666666	332.925	317.71	13.2945	6.662463031737955
1641600.0	333.15000000000003	325.9916666666667	333.0983333333333	318.0666666666666	13.918999999999999	6.677281691736739
1645200.0	333.65	326.645	333.36999999999995	317.9533333333333	13.195	5.988871591105551
1648800.0	333.9683333333333	324.7483333333333	333.52833333333325	317.7333333333333	10.886	6.33170478737505
1652400.0	333.75	322.99833333333333	333.3933333333333	317.77666666666664	9.427666666666665	6.492115398257742
1656000.0	333.75	322.8083333333333	333.22666666666663	317.9816666666666	9.1455	6.570937843679159
1659600.0	333.75	322.51499999999993	332.95500000000004	317.3583333333333	9.590166666666665	6.9110792962109535
1663200.0	333.53999999999996	323.89666666666665	332.2333333333333	321.0999999999999	12.612666666666666	12.886355605502974
1666800.0	333.1499999999999	326.51833333333326	332.8033333333333	318.1316666666666	16.311333333333334	7.45024238551654
1670400.0	332.94166666666666	327.08	332.37666666666667	322.195	18.833499999999997	11.03505487056864
1674000.0	332.2833333333333	327.985	331.74999999999994	325.0266666666667	22.542166666666667	16.08543462299959
1677600.0	331.5816666666666	328.6183333333333	331.4783333333333	319.40166666666664	24.173499999999997	6.037828789766409
1681200.0	332.05000000000007	328.47833333333324	331.8116666666666	321.14166666666665	24.635999999999996	9.655279808419222
1684800.0	332.46666666666664	328.6366666666666	332.25	319.3433333333333	23.060999999999996	6.872917806016323
1688400.0	332.48	328.6733333333333	332.28166666666664	321.3016666666666	21.131999999999998	7.313334768340118
1692000.0	333.0333333333333	328.3116666666666	332.95333333333326	319.7533333333333	15.831666666666665	5.61490187793965
1695600.0	333.69999999999993	326.88833333333326	333.5783333333333	320.9683333333333	10.194333333333333	5.4162368211599805
1699200.0	333.65	325.46333333333337	332.5483333333333	320.82166666666666	7.623333333333333	5.36448141018818
1702800.0	332.45	327.1433333333333	332.19499999999994	319.96833333333325	12.5515	5.422694093618334
1706400.0	333.5	327.06833333333327	333.40666666666664	319.88999999999993	10.505999999999998	4.967068427077882
1710000.0	333.75	325.20166666666665	333.45	320.28	7.7811666666666675	5.040717812502569
1713600.0	333.75	323.5083333333333	332.46999999999997	321.4316666666666	7.965166666666665	7.956229544610451
1717200.0	333.75	327.00666666666666	332.45333333333326	323.7883333333333	13.652666666666665	13.075034628715704
1720800.0	333.75	326.4433333333333	333.4216666666667	320.69999999999993	10.312333333333333	5.927540469991339
1724400.0	333.75	324.5916666666666	333.32833333333326	320.35166666666663	8.588833333333332	6.081178542854831
1728000.0	333.75	324.3683333333332	332.63166666666666	322.3716666666666	8.6075	11.371249860663626
1731600.0	333.75	326.18999999999994	333.4033333333333	321.91666666666663	10.188333333333333	7.350181920000487
1735200.0	333.75	325.0766666666666	333.2983333333333	319.8449999999999	8.455166666666667	5.437315088266304
1738800.0	333.75	323.96166666666664	333.1433333333333	320.00833333333327	7.837333333333333	5.853339113125895
1742400.0	333.75	324.08666666666664	333.31499999999994	319.5299999999999	7.4833333333333325	5.245287470111406
1746000.0	333.75	323.55999999999995	332.97166666666664	319.57833333333326	7.7588333333333335	5.903133589616821
1749600.0	333.75	323.69333333333327	332.0666666666666	322.24	10.786166666666665	12.40114479250925
1753200.0	333.75	326.75166666666667	332.52166666666665	324.5666666666666	19.650166666666664	17.788530827172227
1756800.0	333.75	328.06499999999994	333.19166666666666	321.44499999999994	15.967666666666664	7.869583811876069
1760400.0	333.75	327.7383333333333	333.53499999999997	320.07666666666665	10.778833333333333	4.811316781088314
1764000.0	333.75	325.1766666666666	333.5033333333333	320.7733333333333	7.867333333333333	5.313880490730252
1767600.0	333.75	325.1633333333333	332.38666666666666	323.3133333333333	8.352666666666666	9.098334779610262
1771200.0	333.75	327.0199999999999	333.39	323.005	8.103499999999999	5.463433319096121
1774800.0	333.75	325.5833333333333	333.2633333333333	321.2033333333333	6.895333333333333	4.668878992420577
1778400.0	333.0133333333334	327.02	330.9966666666666	322.57333333333327	11.260999999999997	7.454597451528137
1782000.0	331.56499999999994	328.57	331.20666666666665	324.65999999999997	16.9425	10.007445892278207
1785600.0	330.8333333333333	328.7049999999999	330.5633333333333	322.82666666666665	20.588	5.554378552305018
1789200.0	333.08000000000004	329.45666666666665	332.89333333333326	319.5633333333333	18.823	4.876702965887777
1792800.0	332.5383333333333	328.19499999999994	332.145	320.6833333333333	13.377833333333333	4.910359107416203
1796400.0	333.2683333333333	326.43666666666667	332.7183333333333	320.54333333333335	9.692499999999999	5.388436733588341
1800000.0	333.79999999999995	327.1583333333333	332.78166666666664	321.62333333333333	10.4695	8.484928666707102
1803600.0	334.39	326.9383333333333	333.8299999999999	322.57499999999993	12.585333333333331	9.901195527596482
1807200.0	334.75	326.3333333333333	334.50666666666666	320.1099999999999	9.774000000000001	5.710676270508205
1810800.0	334.0833333333333	323.7133333333333	333.08666666666664	320.96166666666664	7.274333333333332	6.524011394309714
1814400.0	333.75	326.5633333333333	332.905	322.8383333333333	9.4385	7.419687021636269
1818000.0	333.7	326.32	333.3883333333333	321.34	7.977666666666666	4.875528527153343
1821600.0	332.81333333333333	326.79999999999995	332.7333333333333	321.47999999999996	8.950833333333334	4.7944431899999085
1825200.0	332.95	327.0583333333333	332.3633333333333	322.5066666666666	11.025166666666665	6.912127815395298
1828800.0	332.42999999999995	327.775	332.2066666666666	321.00166666666667	12.169333333333334	5.04981959894865
1832400.0	332.34999999999997	327.8983333333333	331.90500000000003	320.6733333333333	14.836999999999998	5.915945243064246
1836000.0	332.6233333333333	327.16166666666663	331.765	323.8183333333333	19.291666666666668	14.792562651408709
1839600.0	333.84999999999997	328.2233333333333	333.24999999999994	326.3483333333333	19.16783333333333	16.202641371341244
1843200.0	333.84999999999997	327.3316666666666	333.1183333333333	326.1433333333333	13.259333333333332	13.139604771407358
1846800.0	333.84999999999997	326.54499999999996	333.59166666666664	324.15	9.138666666666666	7.0386786999368525
1850400.0	334.42	325.9116666666666	333.4716666666667	324.9866666666667	7.804666666666668	7.858467806241274
1854000.0	333.71500000000003	326.24	332.76499999999993	325.20333333333326	7.718333333333333	7.650954518944127
1857600.0	333.55000000000007	326.6016666666667	333.1783333333333	324.7116666666666	8.203	6.744267729793052
1861200.0	333.55000000000007	326.8683333333333	333.08666666666664	324.8516666666667	8.289166666666665	6.736409853882876
1864800.0	333.55000000000007	327.20666666666665	333.2083333333333	325.36333333333334	7.6946666666666665	6.221145775759966
1868400.0	333.55000000000007	326.77666666666664	333.155	325.5083333333333	7.501166666666666	6.6508059829506525
1872000.0	333.55000000000007	327.23999999999995	333.03666666666663	325.84166666666664	7.340833333333332	6.452125611549874
1875600.0	333.55000000000007	326.9649999999999	333.03666666666663	324.64833333333326	7.5266666666666655	6.087398202943327
1879200.0	333.6416666666667	326.81833333333327	333.12	322.47833333333335	7.155166666666666	4.599548252696492
1882800.0	332.935	327.09	332.6633333333333	322.53999999999996	7.819166666666666	4.446728597014404
1886400.0	334.0416666666667	325.2083333333333	333.1916666666666	321.8133333333333	6.777833333333334	5.568415849597112
1890000.0	334.03999999999996	326.4133333333333	331.78999999999996	325.7433333333333	12.627166666666666	18.159109542200014
1893600.0	333.505	327.11499999999995	332.85499999999996	322.67999999999995	9.806166666666666	6.40352451372655
1897200.0	333.51333333333326	326.03666666666663	333.13666666666666	322.275	7.873666666666667	5.272553801266487
1900800.0	332.885	327.2466666666666	332.6533333333333	321.8783333333333	9.2685	4.849806260247948
1904400.0	332.8166666666666	327.8166666666666	332.5533333333333	323.39	10.786999999999999	6.124317588030234
1908000.0	332.76666666666665	327.59999999999997	332.5483333333333	323.0466666666666	10.188333333333333	5.6590692593654985
1911600.0	332.8583333333333	327.66499999999996	332.635	325.1816666666666	11.028666666666666	8.030900968984051
1915200.0	333.1499999999999	327.66166666666663	332.85499999999996	322.7416666666667	9.901333333333334	5.465815963032409
1918800.0	333.1499999999999	326.93333333333334	333.0333333333333	321.885	8.517333333333333	4.723924934114369
1922400.0	333.1499999999999	326.01166666666666	331.34499999999997	324.705	11.992166666666666	16.45351244014062
1926000.0	333.00833333333327	327.4283333333333	331.85166666666663	326.6083333333333	20.43133333333333	21.874564244668367
1929600.0	332.49999999999994	328.885	331.955	327.0383333333333	20.528166666666664	16.53193544192052
1933200.0	333.8083333333333	327.7683333333333	333.2983333333333	324.4816666666666	9.9245	6.588611468834486
1936800.0	331.9733333333333	327.835	331.69999999999993	324.71999999999997	12.259166666666665	7.341157254271254
1940400.0	331.91333333333336	328.75333333333333	331.52166666666665	326.3866666666666	16.824666666666666	15.073881542610865
1944000.0	333.00166666666667	328.44333333333327	332.9183333333333	321.95333333333326	10.358166666666666	4.245191302020054
1947600.0	333.96333333333325	326.35833333333335	333.565	323.7366666666666	5.9455	4.590538682773538
1951200.0	333.7833333333333	325.4516666666667	333.1116666666666	323.7433333333333	5.320833333333334	4.738288239263671
1954800.0	333.45	325.99	333.015	323.7383333333333	5.668	4.5587286000442955
1958400.0	333.45	326.2	332.95666666666665	323.47	6.047333333333333	4.610820234107552
1962000.0	333.51666666666665	326.1383333333333	332.9533333333333	322.81333333333333	6.773666666666666	4.942420371833467
1965600.0	333.395	325.6066666666666	333.13833333333326	322.35166666666663	6.56	4.744897508630119
1969200.0	333.62499999999994	325.7716666666666	333.3366666666666	322.57833333333326	6.420666666666667	4.687400333183231
1972800.0	333.3116666666666	325.21166666666664	331.705	323.22166666666664	8.674166666666666	10.780159327757525
1976400.0	333.66666666666663	327.9033333333333	332.53999999999996	325.3333333333333	12.779666666666667	12.375111338179025
1980000.0	333.74	327.16666666666663	332.9833333333333	324.0	9.508999999999999	7.316326835240393
1983600.0	333.53666666666663	327.4833333333333	332.7483333333333	324.15333333333325	9.971166666666665	7.671081484545867
1987200.0	333.75	326.7216666666666	333.26	323.6816666666666	7.850999999999999	5.860944866997594
1990800.0	333.75	325.8483333333333	333.36999999999995	323.05999999999995	6.704	5.212661971625262
1994400.0	333.75	326.0883333333333	333.3816666666666	323.0533333333333	6.352166666666666	4.736308201103344
1998000.0	333.75	324.96666666666664	333.20333333333326	323.39666666666665	5.8021666666666665	5.212893690489932
2001600.0	333.75	325.37666666666667	333.3116666666666	322.5566666666666	5.609333333333334	4.368865494423663
2005200.0	333.75	324.6316666666666	333.15999999999997	322.0616666666666	5.398000000000001	4.435788775454512
2008800.0	333.75	324.0766666666666	331.2733333333333	323.8333333333333	9.366166666666667	14.950149266219567
2012400.0	334.1816666666666	327.7466666666666	333.0333333333333	326.3616666666666	16.1115	17.079220385217997
2016000.0	333.0283333333333	327.65666666666664	332.94333333333327	325.6966666666666	11.390833333333331	8.561075754067993
2019600.0	333.91	326.90666666666664	333.34666666666664	322.7099999999999	8.565	5.6372503668047855
2023200.0	333.8666666666667	325.91666666666663	333.4233333333333	321.75	6.813666666666666	4.6998877972950694
2026800.0	333.55000000000007	325.35499999999996	332.8683333333333	323.60999999999996	7.277499999999999	7.071935835608396
2030400.0	333.55000000000007	325.8166666666666	333.3783333333333	322.40166666666664	6.2894999999999985	4.440899526954603
2034000.0	333.55000000000007	325.2366666666667	333.02666666666664	323.67499999999995	6.425999999999999	5.799176475690106
2037600.0	333.55000000000007	325.53166666666664	332.9433333333333	322.9516666666666	7.126333333333333	5.799220593217278
2041200.0	333.55000000000007	325.1383333333333	332.95833333333326	320.98499999999996	6.770833333333333	4.781355185129724
2044800.0	333.55000000000007	324.5616666666666	332.94999999999993	321.87833333333333	6.7855	5.5294690156378445
2048400.0	333.55000000000007	325.215	333.19833333333327	320.905	6.266833333333334	4.276615001000173
2052000.0	333.55000000000007	324.0566666666666	333.2783333333333	319.36	6.215	4.25695082482881
2055600.0	333.7633333333334	323.73999999999995	332.7566666666666	322.6233333333333	6.496	6.587798158221821
2059200.0	333.25	324.31166666666667	332.895	320.86499999999995	6.688166666666667	4.967099000676477
2062800.0	333.4966666666666	323.49333333333334	333.1766666666666	320.11999999999995	6.5385	5.013911310795768
2066400.0	333.45	325.28666666666663	331.71	323.1916666666666	8.0625	11.692602780352106
2070000.0	333.53999999999996	326.025	332.9183333333333	322.83	7.865833333333334	6.459398480585072
2073600.0	333.635	324.07666666666665	332.85833333333335	320.5516666666666	6.363666666666667	4.910288086489661
2077200.0	333.65	324.81333333333333	333.17499999999995	320.21666666666664	6.722833333333332	4.558737232423254
2080800.0	333.65	322.95	332.9966666666666	319.91499999999996	6.156499999999999	5.071472728599913
2084400.0	333.65	323.7516666666666	332.9366666666666	320.28999999999996	6.659833333333333	5.203307178759628
2088000.0	333.65	324.26166666666666	333.0133333333333	320.5266666666667	6.917166666666667	5.2273367847257415
2091600.0	333.63333333333327	324.92999999999995	333.01499999999993	321.0966666666666	6.144666666666666	4.495438054071322
2095200.0	333.45	323.6116666666666	333.0899999999999	320.6766666666666	6.167833333333332	4.894953151492272
2098800.0	333.45	324.4183333333333	332.97833333333335	320.3533333333333	6.513333333333332	4.672285444944871
2102400.0	333.45	324.04999999999995	332.9416666666666	320.3333333333333	6.342166666666666	4.734331039223684
2106000.0	333.45	323.8316666666666	332.18333333333334	322.43499999999995	7.5169999999999995	10.84654827558052
2109600.0	333.45	326.12499999999994	332.8333333333333	322.275	7.572000000000001	6.034742844869722
2113200.0	333.45	324.98499999999996	333.00833333333327	320.90666666666664	6.282500000000001	4.379916179399126
2116800.0	333.45	324.6383333333333	332.91499999999996	321.7516666666666	5.690499999999999	4.489733611047817
2120400.0	333.3433333333333	325.1433333333333	332.6283333333333	322.28166666666664	5.4815000000000005	4.349680549710889
2124000.0	333.2433333333333	325.045	332.8333333333333	322.14833333333326	5.8901666666666666	4.489764135780472
2127600.0	333.4233333333333	324.57166666666666	332.7283333333333	322.4599999999999	5.512499999999999	4.711492424986728
2131200.0	333.62	324.7616666666666	333.03	321.9583333333333	5.411666666666667	4.307239020289362
2134800.0	333.75	323.75499999999994	333.0666666666666	321.10499999999996	5.597833333333333	4.67547457031012
2138400.0	333.75	324.3416666666667	332.95833333333326	320.465	5.988666666666666	4.509235991515816
2142000.0	333.75	323.56999999999994	333.0666666666666	319.8566666666666	6.24	4.808102132513841
2145600.0	333.5	325.77166666666665	332.10833333333323	322.22499999999997	8.420499999999999	10.57538238175233
2149200.0	333.5833333333333	324.80333333333334	333.19333333333327	319.4733333333333	7.191166666666667	4.60333628056415
2152800.0	333.3816666666666	323.9866666666666	332.66999999999996	320.84999999999997	7.348833333333333	5.859430355834945
2156400.0	334.05	324.60166666666663	333.28499999999997	320.4333333333333	6.859333333333334	5.056900973859225
2160000.0	334.05	323.9716666666667	333.18333333333334	321.08666666666664	6.488166666666666	5.439202053076315
2163600.0	334.05	324.0566666666666	333.07166666666666	321.6233333333333	6.425000000000001	5.722091407536494
2167200.0	333.59999999999997	324.18999999999994	332.97333333333324	320.4416666666666	6.449833333333332	4.849479664010348
2170800.0	333.45	324.1283333333333	333.00666666666666	320.525	6.343166666666667	4.742390212861497
2174400.0	333.45	323.7566666666666	333.0283333333333	320.3949999999999	6.511166666666666	4.996550847967048
2178000.0	333.45	324.55833333333334	333.03	320.705	6.461500000000001	4.667281960626342
2181600.0	333.45	323.1633333333333	332.89833333333337	319.57333333333327	6.984666666666667	5.400217499319012
2185200.0	334.0016666666666	324.27666666666664	333.13166666666666	319.93666666666667	7.427	5.520854515116529
2188800.0	332.7933333333333	324.84833333333324	332.45666666666665	319.2683333333333	8.654666666666667	5.064131594641226
2192400.0	334.05	324.81833333333327	333.49499999999995	320.0066666666666	7.052666666666667	4.809214473033105
2196000.0	333.65	324.05833333333334	333.0283333333333	320.91166666666663	5.8685	4.707683612355853
2199600.0	333.55000000000007	325.09666666666664	332.7033333333333	322.6583333333333	7.336666666666666	6.446593823609322
2203200.0	333.75666666666666	324.2433333333333	332.5333333333333	322.4549999999999	7.577999999999999	7.544848291486552
2206800.0	334.21	323.3133333333333	333.2	322.31666666666666	8.021666666666667	8.436674067296682
2210400.0	333.82666666666665	324.2099999999999	333.23999999999995	319.57333333333327	7.970333333333333	5.486632070127886
2214000.0	333.95	323.85	332.9466666666666	321.63	6.671	5.9975246829099556
2217600.0	333.45	324.0066666666666	333.1633333333333	320.615	6.665833333333332	5.052082623718916
2221200.0	333.45	324.285	333.1533333333333	320.9599999999999	6.190000000000001	4.654625801115054
2224800.0	333.68333333333334	324.39	333.2699999999999	320.4	6.407	4.629664344918379
2228400.0	333.42333333333335	324.14666666666665	332.8933333333333	320.16999999999996	6.791333333333332	4.940654787550368
2232000.0	334.315	324.2033333333333	333.63333333333327	319.8733333333333	6.454666666666666	4.625613677981647
2235600.0	333.6433333333333	322.345	332.6416666666666	319.29499999999996	6.361833333333333	5.420032612776871
2239200.0	332.96000000000004	324.47999999999996	331.69	323.465	10.139833333333332	16.28701123963041
2242800.0	332.46666666666664	326.2366666666666	332.2699999999999	319.04999999999995	10.767333333333333	5.147785317288153
2246400.0	332.72499999999997	325.8166666666666	332.46333333333325	320.40666666666664	10.085666666666667	5.785805824363362
2250000.0	333.4833333333333	325.00666666666666	333.25666666666666	319.75333333333333	8.786	5.468363917451196
2253600.0	334.0833333333333	323.3433333333333	333.35333333333324	319.72666666666663	6.399666666666667	5.0108452647789825
2257200.0	334.65000000000003	321.65	333.0933333333333	319.91999999999996	5.478666666666666	5.468484325016757
2260800.0	334.03000000000003	321.6866666666666	332.98999999999995	318.97666666666663	6.315333333333333	5.59172048654908
2264400.0	334.75	320.9966666666666	333.14333333333326	318.75999999999993	5.849333333333334	5.600212725535169
2268000.0	334.75	321.0466666666666	332.91666666666663	318.8433333333333	5.9719999999999995	5.99289201774338
2271600.0	334.75	321.71999999999997	332.5633333333333	320.34666666666664	7.668333333333333	8.153584068498283
2275200.0	334.38333333333327	321.76	333.0466666666666	320.06999999999994	8.381666666666666	8.208148364552175
2278800.0	333.5333333333333	323.1366666666666	332.7233333333333	319.64	10.459666666666667	8.294231503508867
2282400.0	332.86499999999995	325.52833333333336	332.53666666666663	318.255	11.294833333333333	5.855776932238841
2286000.0	332.51666666666665	326.8633333333333	332.35499999999996	320.7333333333333	11.977666666666666	5.888022975968692
2289600.0	333.0933333333333	325.71666666666664	332.81833333333327	320.05999999999995	9.681666666666667	5.61442509863645
2293200.0	333.90999999999997	323.69999999999993	333.1966666666666	319.5933333333333	7.580666666666667	5.753417856566383
2296800.0	334.35333333333335	323.7533333333333	332.99	323.8333333333333	5.602666666666666	6.611482376525558
2300400.0	333.2566666666666	324.6916666666666	332.2433333333333	321.75499999999994	6.341333333333333	4.847349039510536
2304000.0	333.15666666666664	326.3233333333333	332.91499999999996	321.9716666666666	7.648999999999998	4.717819207223592
2307600.0	333.75	324.1716666666666	333.0233333333333	321.3183333333333	5.795	4.787127098618147
2311200.0	334.21999999999997	323.71666666666664	332.98499999999996	321.38333333333327	5.542333333333334	5.233392881198174
2314800.0	334.39	323.7133333333333	333.22166666666664	322.30333333333334	5.648166666666667	5.573785791812356
2318400.0	333.75	323.52666666666664	333.18499999999995	321.37833333333333	5.580666666666667	4.882762792487966
2322000.0	333.75	324.78499999999997	332.9549999999999	323.18833333333333	6.219333333333334	5.8446187216097245
2325600.0	333.7916666666667	326.15999999999997	331.7183333333333	327.095	6.870333333333333	15.57142760644648
2329200.0	334.24999999999994	326.485	332.02666666666664	326.67499999999995	5.977999999999999	8.911889182947297
2332800.0	333.78333333333336	325.78999999999996	332.61999999999995	325.3516666666666	5.552666666666667	6.370790326769523
2336400.0	333.25	325.5666666666666	332.65333333333325	323.955	5.068333333333333	4.49185262566949
2340000.0	333.25	325.5233333333333	332.7283333333333	323.62333333333333	5.22	4.440297541951284
2343600.0	333.25	325.4266666666666	332.8416666666666	323.4366666666666	5.331166666666667	4.434407733240047
2347200.0	333.25	325.19	332.73999999999995	323.46	4.982333333333333	4.333368808114497
2350800.0	333.25	325.3283333333333	332.85999999999996	323.3983333333333	5.450333333333333	4.5647788482961715
2354400.0	333.65	326.56833333333327	331.3133333333333	326.28666666666663	6.58	11.607372393408149
2358000.0	333.6333333333333	325.6283333333333	330.85333333333335	326.21999999999997	10.514333333333331	19.91403645564151
2361600.0	334.625	326.74	332.8933333333333	326.77166666666665	11.270166666666666	15.778052948967586
2365200.0	334.84999999999997	325.91666666666663	332.8816666666666	325.48666666666657	5.347166666666666	6.785022700928682
2368800.0	333.6466666666666	324.61333333333334	331.89166666666665	324.545	5.269333333333333	6.435284660445474
2372400.0	333.45	325.2099999999999	332.29166666666663	323.8333333333333	9.698833333333333	10.21827351128625
2376000.0	333.1933333333333	325.74	332.72999999999996	321.7983333333333	8.142833333333332	5.525862196488412
2379600.0	332.95666666666665	323.5933333333333	332.3766666666666	320.3316666666666	6.717833333333333	5.100081527838035
2383200.0	332.50666666666666	325.68333333333334	332.31499999999994	320.74999999999994	8.813833333333333	4.910179315934885
2386800.0	333.78333333333336	324.765	333.3583333333333	320.405	6.518	4.529138926111892
2390400.0	334.05	323.265	333.2333333333333	320.82666666666665	5.471166666666667	4.768306239768414
2394000.0	334.05	323.7783333333333	333.1183333333333	320.965	5.3004999999999995	4.484267747704981
2397600.0	334.05	325.7883333333333	330.41999999999996	326.97166666666664	9.899333333333333	24.12605012376909
2401200.0	333.58	325.12166666666667	333.18333333333334	320.83833333333325	8.344000000000001	5.890800922830138
2404800.0	334.05	324.24666666666667	333.2099999999999	320.9283333333333	7.332833333333332	5.909719353801243
2408400.0	334.05	324.5966666666666	332.95333333333326	322.135	7.481	6.648014003437202
2412000.0	334.05	324.93	332.0633333333333	324.8733333333333	9.102999999999998	15.405275691592516
2415600.0	334.05	325.32166666666666	332.88666666666666	323.4599999999999	10.414333333333332	9.754275824869895
2419200.0	334.05	324.44166666666666	333.31333333333333	322.84666666666664	9.1195	8.361911174855827
2422800.0	334.05	324.75999999999993	333.1816666666667	323.25333333333333	7.653166666666666	7.169427014171156
2426400.0	333.8316666666666	324.29999999999995	332.9316666666666	321.58	6.613833333333334	5.633033963880614
2430000.0	333.84999999999997	322.79166666666663	333.11999999999995	319.13	6.323	5.006300816619894
2433600.0	333.84999999999997	323.3266666666666	333.15500000000003	319.4083333333333	6.242666666666667	4.79352553239605
2437200.0	333.84999999999997	322.16499999999996	333.03999999999996	319.03000000000003	6.319333333333333	5.275162169698739
2440800.0	333.84999999999997	325.0283333333333	332.1966666666666	323.3933333333333	8.583333333333334	10.181439189004879
2444400.0	333.84999999999997	324.78833333333336	331.77666666666664	323.58833333333325	11.075333333333331	14.006160363286543
2448000.0	333.72999999999996	326.0516666666666	331.6866666666666	325.3816666666666	18.286166666666666	22.246090937536835
2451600.0	333.07	326.8116666666666	332.09333333333325	325.06999999999994	18.088166666666666	16.507686917956697
2455200.0	332.88	326.41499999999996	332.17999999999995	324.46999999999997	15.459166666666665	13.197013541701672
2458800.0	333.5	326.2783333333333	332.79166666666663	323.8283333333333	12.952499999999999	12.519001661605435
2462400.0	333.75	325.6033333333333	333.155	322.56	8.8215	6.80925567478635
2466000.0	333.75	324.7083333333333	332.95666666666665	322.73999999999995	6.964833333333332	6.2455573520118275
2469600.0	333.75	324.97166666666664	333.08666666666664	321.9133333333333	7.9815	6.520459405344214
2473200.0	333.75	324.7983333333333	333.2183333333333	321.37166666666667	6.350999999999999	4.803971085730092
2476800.0	333.75	324.385	332.91499999999996	322.7049999999999	6.413499999999999	6.0303429835751015
2480400.0	333.75	324.0383333333333	333.11999999999995	321.5433333333333	6.745333333333332	5.677325841632328
2484000.0	333.95	323.9283333333333	333.1666666666666	322.30999999999995	7.109333333333334	6.6129648447194675
2487600.0	333.84999999999997	323.635	332.73999999999995	321.7183333333333	7.379833333333332	6.947733248500462
2491200.0	333.94999999999993	325.2233333333333	332.78999999999996	323.5333333333333	8.983833333333333	8.540286911222069
2494800.0	333.94999999999993	324.57666666666665	332.7283333333333	321.7099999999999	7.656	6.910393854646466
2498400.0	333.94999999999993	325.89666666666665	331.9433333333333	326.1266666666666	10.977	16.194574012484708
2502000.0	333.94999999999993	325.67	332.5333333333333	323.09499999999997	10.26	10.46520352799075
2505600.0	333.94999999999993	325.19999999999993	333.3533333333333	320.5899999999999	9.299999999999999	6.610871726084273
2509200.0	333.92333333333335	324.1033333333333	333.13	319.54333333333335	7.2766666666666655	5.251390997114782
2512800.0	334.05	322.94999999999993	333.59	319.5533333333333	5.742	4.533626016628895
2516400.0	334.05	321.87333333333333	333.28666666666663	319.34666666666664	5.397	4.7205428990202565
2520000.0	334.4833333333333	321.33	333.33	319.44	5.319333333333333	5.039134179943489
2523600.0	334.55	320.7133333333333	333.3666666666666	319.40666666666664	5.131666666666666	5.093917105381217
2527200.0	334.55	319.40666666666664	333.2433333333333	319.25	5.299666666666667	5.732306814600971
2530800.0	334.17	322.84499999999997	330.615	323.1033333333333	12.641499999999999	22.09378024247971
2534400.0	332.865	326.4183333333333	331.54499999999996	325.86499999999995	20.47833333333333	23.701991358802413
2538000.0	332.4983333333333	327.56499999999994	332.10833333333323	322.54833333333335	16.317833333333333	10.736213579085295
2541600.0	333.20500000000004	325.36999999999995	332.9933333333333	319.325	8.901666666666667	4.900329387728338
2545200.0	333.6416666666667	324.49	333.1333333333333	320.44666666666666	6.558333333333334	4.736978249612299
2548800.0	333.1183333333333	326.0583333333333	332.0899999999999	325.2316666666666	8.290666666666667	12.793405269026124
2552400.0	333.75999999999993	325.0133333333333	333.33166666666665	320.9966666666666	6.237166666666667	4.351616666195326
2556000.0	333.92999999999995	323.85166666666663	333.1083333333333	321.85499999999996	4.778333333333333	4.286625542086775
2559600.0	334.76	325.315	331.8816666666666	325.6133333333333	5.853666666666666	13.868704340815176
2563200.0	334.84999999999997	323.155	333.59999999999997	321.0483333333333	4.709999999999999	4.3748387616745985
2566800.0	334.84999999999997	322.2466666666666	333.0616666666666	321.36166666666657	4.181666666666667	4.516623302957791
2570400.0	333.465	323.765	331.5183333333333	323.16166666666663	7.478999999999999	11.425274950829122
2574000.0	334.08833333333337	325.08333333333326	333.52833333333325	322.27833333333325	7.965166666666667	6.5313616854553995
2577600.0	334.40999999999997	323.86999999999995	333.405	321.22499999999997	5.948	5.154878872886896
2581200.0	334.60833333333335	322.19833333333327	333.015	321.6216666666666	5.1225	5.838169616526731
2584800.0	334.75	323.9133333333333	333.34166666666664	322.3983333333333	5.733833333333333	5.792078844939165
