#1
double tab1(719,7)
# Date
# THA-MESURE DE TEMPERATURE DEPART COMPTEUR CHAUD - SSTA NEXI (°C)
# THA-MESURE DE TEMPERATURE RETOUR COMPTEUR CHAUD - SSTA NEXI (°C)
# SSNEXIECH4CTPDEP__MSEC
# SSNEXIECH4CTPRET__MSEC
# Eau Chaude - Débit SST NEXI (m3/h)
# m_sec_m3
0.0	221.76666666666665	217.3633333333333	219.58666666666664	217.53499999999997	12.466166666666666	26.850754215082933
3600.0	332.65	325.9966666666666	329.43666666666667	326.30999999999995	18.791666666666664	40.13617717515756
7200.0	332.71666666666664	325.9316666666667	329.6166666666666	326.13166666666666	19.7445	38.48159135389598
10800.0	333.1499999999999	325.80833333333334	329.6866666666666	326.1183333333333	20.065333333333335	41.36133373373929
14400.0	332.80833333333334	325.8666666666667	329.5866666666666	325.97666666666663	20.866999999999997	40.125089363938145
18000.0	332.65	325.68	329.82833333333326	326.0283333333333	22.025000000000002	40.439878621725256
21600.0	332.65	325.5533333333333	329.99499999999995	325.51	24.9215	39.46183221908028
25200.0	332.65	325.5799999999999	329.83833333333325	325.41999999999996	23.6065	37.8541298912143
28800.0	332.8416666666666	325.6499999999999	329.81499999999994	325.5933333333333	23.605333333333334	40.23645856550281
32400.0	332.74999999999994	325.51166666666666	329.97166666666664	325.495	24.776999999999997	40.148415050144855
36000.0	332.74999999999994	325.4016666666666	330.12999999999994	325.81333333333333	23.96933333333333	40.90502763508545
39600.0	332.74999999999994	325.42333333333335	329.9083333333333	325.5116666666666	23.512999999999998	39.25291938871003
43200.0	332.74999999999994	325.5016666666666	330.00833333333327	325.325	23.79433333333333	36.94733953572874
46800.0	332.75833333333327	325.4583333333333	330.0533333333333	325.74	23.364666666666665	39.565728056353436
50400.0	332.97499999999997	325.53166666666664	329.8683333333333	325.6533333333333	22.386166666666668	39.71647864032033
54000.0	332.74999999999994	325.49499999999995	329.93999999999994	325.4866666666666	22.558166666666665	36.76464223195117
57600.0	333.2416666666667	325.48999999999995	330.0233333333333	325.88	22.446833333333334	42.02405044015798
61200.0	333.25	325.59166666666664	330.00666666666666	325.5633333333333	23.058166666666665	39.81704457528152
64800.0	333.15	325.3433333333333	330.28499999999997	325.1533333333333	26.638	40.786628105099695
68400.0	332.65	325.335	330.10166666666663	325.24333333333334	26.201666666666668	39.53781059570538
72000.0	332.7083333333333	325.6966666666666	329.91999999999996	325.56999999999994	23.427833333333332	37.81320577491347
75600.0	333.1499999999999	325.51166666666666	329.97499999999997	325.42833333333334	23.543666666666667	39.70338897878243
79200.0	333.1499999999999	325.4849999999999	330.0133333333333	325.3499999999999	24.1405	39.686679963045435
82800.0	333.1499999999999	325.7433333333333	329.69999999999993	325.6366666666666	21.785833333333333	39.86943618375281
86400.0	333.1499999999999	325.82333333333327	329.76	325.965	20.981	40.65386508854371
90000.0	332.9916666666666	325.97	329.54333333333324	326.13666666666666	19.6415	40.486244447040114
93600.0	332.65	325.7616666666666	329.705	325.99333333333334	21.577	40.120266590014445
97200.0	332.65	325.75	329.71999999999997	325.98999999999995	22.14633333333333	41.02177470959903
100800.0	332.65	325.75	329.7466666666666	325.985	22.312166666666666	40.9551623699234
104400.0	333.0166666666666	325.66999999999996	329.75333333333333	325.80999999999995	21.07483333333333	39.27220437445636
108000.0	333.1499999999999	325.43	330.04499999999996	325.27166666666665	24.934499999999996	40.334993012649036
111600.0	333.1499999999999	325.47499999999997	330.12833333333333	325.1683333333333	26.112333333333336	40.56397027741686
115200.0	333.1499999999999	325.4233333333333	330.09166666666664	325.21	25.557333333333332	40.55969599972078
118800.0	333.1499999999999	325.53	330.00333333333333	325.3883333333333	23.930999999999997	39.63059316298983
122400.0	333.1499999999999	325.50999999999993	330.015	325.4233333333333	24.272	40.410661653683846
126000.0	333.1499999999999	325.6166666666666	329.96999999999997	325.62499999999994	23.070166666666665	40.054381747332116
129600.0	333.1499999999999	325.76666666666665	329.78499999999997	325.67833333333334	22.5785	40.8408588375234
133200.0	333.1499999999999	325.57666666666665	329.89666666666665	325.585	23.024166666666666	40.59754374837699
136800.0	333.1499999999999	325.79499999999996	329.745	325.76166666666666	21.578	40.03494323019688
140400.0	333.1499999999999	325.495	329.96999999999997	325.67499999999995	22.362166666666667	39.87995929691922
144000.0	333.1499999999999	325.60833333333335	329.865	325.8299999999999	22.06083333333333	41.267078901216635
147600.0	333.1499999999999	325.6633333333333	329.9516666666666	325.61833333333334	23.245833333333334	40.23461701221623
151200.0	333.1499999999999	325.4116666666666	329.98999999999995	325.3433333333333	24.885666666666665	42.108474302750245
154800.0	332.61	325.5983333333333	329.8216666666666	325.26166666666666	24.699166666666663	38.06517462285586
158400.0	332.93333333333334	325.8399999999999	329.6883333333333	325.885	20.65383333333333	38.56907310883531
162000.0	333.05	325.87833333333333	329.7216666666666	325.84999999999997	21.435166666666667	40.168577005647336
165600.0	333.05	325.75333333333333	329.6383333333333	326.16999999999996	20.5865	43.38395307727772
169200.0	333.05	325.8783333333333	329.56666666666666	326.3683333333333	19.310166666666664	43.603329367745545
172800.0	333.05	326.0433333333333	329.45666666666665	326.2366666666666	17.366666666666667	38.05957925037044
176400.0	333.05	326.25	329.1633333333333	326.46	15.866666666666664	40.03995134596042
180000.0	333.05	326.15	329.3283333333333	326.5133333333333	16.218666666666667	39.90052284813097
183600.0	333.05	326.1016666666667	329.37833333333333	326.46999999999997	16.523833333333332	39.6416956240115
187200.0	333.05	326.05000000000007	329.4783333333333	326.53833333333336	16.629166666666663	39.68449130740287
190800.0	333.05	326.05000000000007	329.40166666666664	326.25333333333333	17.519166666666667	38.96963954959128
194400.0	332.94166666666666	325.61999999999995	329.91999999999996	325.71	22.60166666666667	39.44277370859286
198000.0	332.9916666666667	325.60166666666663	329.93	325.8616666666667	22.243333333333332	40.47807949105744
201600.0	333.05	325.65999999999997	330.01	325.42499999999995	23.711666666666662	38.29501405045494
205200.0	333.05	325.4833333333333	329.92666666666656	325.3933333333333	23.000833333333333	38.44194291682017
208800.0	332.85	325.45833333333326	329.9216666666667	325.7466666666666	22.582666666666668	40.08026268196092
212400.0	332.96666666666664	325.75666666666666	329.84499999999997	325.5033333333333	21.721	36.193560453101625
216000.0	333.05	325.555	329.96999999999997	325.7216666666666	21.942333333333334	38.89281367855768
219600.0	333.05	325.90166666666664	329.7149999999999	325.9833333333333	19.426166666666667	37.3989632500074
223200.0	333.05	325.8983333333333	329.50666666666666	325.9866666666667	18.64483333333333	37.92311708014634
226800.0	333.05	325.90166666666664	329.645	326.1566666666666	19.19	39.57454089569602
230400.0	333.0416666666667	326.04833333333335	329.6416666666666	326.0899999999999	19.320500000000003	38.15890150259243
234000.0	332.55	325.74666666666667	329.77166666666665	325.4466666666666	23.826666666666668	37.54611447648517
237600.0	332.55	325.5033333333333	329.94499999999994	325.36499999999995	25.150999999999996	39.056159617643345
241200.0	332.74999999999994	325.47499999999997	330.2016666666666	325.51666666666665	24.648833333333332	38.418654368618874
244800.0	333.05	325.5283333333333	329.8983333333333	325.65166666666664	22.447166666666664	39.83211483058492
248400.0	333.05	325.58666666666664	329.96	325.375	23.8475	38.93641923862404
252000.0	333.05	325.76	329.8683333333333	325.9383333333333	22.478666666666665	41.83663917718485
255600.0	333.05	325.88166666666666	329.635	325.95666666666665	19.668833333333332	38.38875423361368
259200.0	333.05	326.10999999999996	329.4266666666666	326.3633333333333	16.919166666666666	38.40039805350607
262800.0	333.05	326.0333333333333	329.38166666666655	326.34333333333325	16.598333333333333	38.37027846552084
266400.0	333.05	326.30833333333334	329.25166666666667	326.30499999999995	16.483166666666666	37.78057497993251
270000.0	333.05	325.965	329.52166666666665	326.24833333333333	18.5705	40.28326890109971
273600.0	332.73333333333335	325.9366666666666	329.5516666666667	326.40166666666664	18.86183333333333	40.74205951140043
277200.0	332.625	325.95	329.56666666666666	326.19499999999994	18.927833333333332	37.544262465712606
280800.0	333.05	325.7066666666666	329.7983333333333	325.65999999999997	22.006999999999998	39.11045991572857
284400.0	333.05	325.7016666666666	329.7316666666666	325.68999999999994	21.971333333333334	40.01212337052549
288000.0	333.05	325.5433333333333	329.84999999999997	325.615	23.2765	41.28644578557133
291600.0	333.05	325.36999999999995	330.07833333333326	325.44833333333327	25.508166666666664	42.339912263262946
295200.0	333.05	325.3466666666667	330.0033333333333	325.4133333333333	24.07316666666667	40.56562059063681
298800.0	333.05	325.28	330.0466666666666	325.59999999999997	23.360666666666667	40.973929916727215
302400.0	333.05	325.58	329.87499999999994	325.5166666666666	22.092	38.223636982052376
306000.0	333.05	325.3533333333333	330.1183333333333	325.85166666666663	22.675833333333333	40.98505391491146
309600.0	333.05	325.6633333333333	329.7049999999999	325.79999999999995	21.421	40.54372094014567
313200.0	333.05	325.66166666666663	329.8333333333333	325.6916666666666	22.580333333333332	40.31900553790506
316800.0	333.05	325.385	329.84833333333324	325.3283333333333	23.36133333333333	39.93504087484499
320400.0	333.05	325.6583333333333	329.88999999999993	325.715	22.675166666666666	40.23250221608023
324000.0	333.05	325.33333333333326	330.1316666666666	325.24499999999995	25.228499999999997	39.845710293910585
327600.0	332.65000000000003	325.32833333333326	330.1183333333333	325.21166666666664	26.581833333333336	39.760916027587214
331200.0	332.70166666666665	325.7233333333333	329.9049999999999	325.77166666666665	22.431166666666666	38.08603869703488
334800.0	332.91666666666663	325.4999999999999	330.01	325.92499999999995	22.87233333333333	41.56427629885684
338400.0	332.74999999999994	325.60166666666663	329.88166666666666	325.8349999999999	22.710833333333333	40.19019753925656
342000.0	332.74999999999994	325.73666666666657	329.72166666666664	326.0566666666666	20.752000000000002	39.71547488590314
345600.0	332.74999999999994	325.9333333333333	329.6116666666666	326.1449999999999	19.851	39.08929401007023
349200.0	332.74999999999994	325.93666666666667	329.58	326.2283333333333	19.613	40.00061131879795
352800.0	332.74999999999994	325.84499999999997	329.61999999999995	325.9316666666666	20.8755	39.10804278370743
356400.0	332.74999999999994	325.93333333333334	329.5616666666666	325.8766666666666	20.9165	38.73731063114542
360000.0	332.74999999999994	325.8633333333333	329.62999999999994	325.9533333333333	21.453333333333333	40.23993950089097
363600.0	332.74999999999994	325.6166666666666	329.8533333333333	325.9649999999999	22.616	41.5086146121537
367200.0	332.74999999999994	325.4383333333333	330.05333333333334	325.4616666666666	25.4035	40.518039492084455
370800.0	332.74999999999994	325.52833333333325	329.9599999999999	325.53499999999997	24.417333333333335	39.91843670984615
374400.0	332.74999999999994	325.4549999999999	330.0083333333333	325.37666666666667	24.892333333333333	39.207105883900184
378000.0	332.74999999999994	325.35	329.95	325.35	24.91	40.072608695652214
381600.0	332.74999999999994	325.35	329.95	325.35	24.91	40.072608695652214
385200.0	332.74999999999994	325.42499999999995	330.09666666666664	325.19833333333327	25.252499999999994	37.842509383912144
388800.0	332.94499999999994	325.2683333333333	330.23999999999995	325.42999999999995	26.247666666666664	42.099581996114
392400.0	332.85	325.72999999999996	329.9916666666667	325.43999999999994	23.272	36.45809178458262
396000.0	332.85	325.7883333333333	329.7383333333333	325.69999999999993	21.022499999999997	36.90563884703966
399600.0	333.06333333333333	325.8033333333333	329.7883333333333	325.88333333333327	20.4495	38.04718614037126
403200.0	333.72499999999997	325.5283333333333	329.93999999999994	325.8349999999999	19.46733333333333	38.98872292327401
406800.0	331.93666666666667	325.53666666666663	329.5183333333333	325.1783333333333	26.055	37.29356808857556
410400.0	332.78333333333336	324.97499999999997	330.46666666666664	324.72833333333324	29.465666666666664	40.16946886696232
414000.0	332.95	325.20666666666665	330.33166666666665	324.96833333333325	26.68483333333333	38.54647349443673
417600.0	332.95	325.3033333333333	330.27166666666665	325.4633333333333	24.30633333333333	38.67509135490239
421200.0	332.95	325.2233333333333	330.0833333333333	325.4583333333333	23.605166666666666	39.59488863466334
424800.0	332.95	325.7033333333333	329.69666666666666	325.7933333333333	21.41933333333333	39.86896554277391
428400.0	332.95	325.8233333333333	329.56	326.27166666666665	20.038500000000003	43.44899617667279
432000.0	332.95	325.9916666666667	329.5366666666667	326.17999999999995	19.477	40.52797653817452
435600.0	332.95	325.9666666666667	329.4783333333333	326.4033333333333	18.22533333333333	41.4458644452241
439200.0	332.95	325.9633333333333	329.525	326.2049999999999	18.827166666666663	39.671257466091575
442800.0	332.95	325.95	329.5516666666666	326.16166666666663	19.407666666666668	40.16082910830342
446400.0	332.84166666666664	325.95	329.57	326.02666666666664	20.042499999999997	39.13396942043492
450000.0	332.95	325.85	329.6016666666667	325.9233333333333	20.279333333333334	39.40328099987512
453600.0	332.95	325.27166666666665	330.1166666666667	325.27	26.79666666666666	42.563762739945126
457200.0	332.95	325.22166666666664	330.38499999999993	324.9699999999999	29.053499999999996	41.48654574540217
460800.0	332.95	325.35333333333335	330.3033333333333	324.935	27.377499999999998	38.86656064655167
464400.0	332.95	325.30499999999995	330.1733333333333	325.35166666666663	25.627333333333333	40.71739259470196
468000.0	332.95	325.2566666666666	330.2	325.44333333333327	24.75266666666667	40.00064874234245
471600.0	332.95	325.48499999999996	329.7533333333333	325.34166666666664	21.809499999999996	36.91212454314738
475200.0	332.95	325.05	329.74999999999994	325.24999999999994	22.459999999999997	39.4297777777777
478800.0	332.95	325.05	329.74999999999994	325.24999999999994	22.459999999999997	39.4297777777777
482400.0	332.95	325.3333333333333	329.70666666666665	325.525	22.057166666666664	40.27932874025822
486000.0	332.95	325.92333333333335	329.53666666666663	326.02166666666665	19.753999999999998	39.6006608540478
489600.0	332.95	325.98333333333335	330.4083333333333	326.2749999999999	24.10583333333333	40.626569767441836
493200.0	332.95	326.05000000000007	330.45	326.34999999999997	24.189999999999998	40.709999999999965
496800.0	332.95	326.05000000000007	330.45	326.34999999999997	24.189999999999998	40.709999999999965
500400.0	332.5583333333333	325.705	330.03499999999997	325.16499999999996	25.47416666666666	36.23306889687366
504000.0	332.4916666666666	325.8333333333333	329.58333333333326	324.6416666666666	24.475833333333334	32.99946415770607
507600.0	332.95	325.3466666666666	330.10166666666663	325.605	24.704333333333334	41.82356958181473
511200.0	332.95	325.6116666666667	329.8216666666666	325.655	22.252833333333335	39.31051363212635
514800.0	332.95	325.84499999999997	329.565	325.9866666666666	19.676666666666666	39.2623786359954
518400.0	332.95	326.09999999999997	329.3933333333333	326.5233333333333	16.9135	40.50664217967095
522000.0	332.95	326.15	329.3766666666666	326.565	16.613666666666663	40.23952781219106
525600.0	332.95	326.085	329.40999999999997	326.19499999999994	18.215833333333332	38.94200204641547
529200.0	332.8666666666667	326.04499999999996	329.4233333333333	326.31	18.34683333333333	40.27942850357689
532800.0	332.44999999999993	326.15	329.3166666666666	326.27	18.600166666666667	38.48028604325583
536400.0	332.575	325.955	329.4833333333333	326.09999999999997	19.930666666666667	39.012848280329614
540000.0	332.95	325.455	330.025	325.4549999999999	24.236999999999995	39.82417990525861
543600.0	332.95	325.1866666666666	330.2216666666667	324.875	26.36583333333333	38.429159571675356
547200.0	332.95	325.235	330.335	325.0433333333333	28.073666666666664	41.01855348190567
550800.0	332.95	325.53499999999997	329.9766666666667	325.39833333333326	24.845166666666664	40.35414216095058
554400.0	332.9	325.45	330.0799999999999	325.3933333333333	26.7035	42.49597142368828
558000.0	332.8833333333333	325.8016666666666	329.75833333333327	325.7099999999999	22.226666666666667	38.98662624295023
561600.0	332.95	325.63166666666666	329.8483333333333	325.65666666666664	22.047833333333337	38.524529209091654
565200.0	332.95	325.8866666666666	329.66999999999996	325.755	20.44333333333333	36.966620112145826
568800.0	332.95	325.7416666666667	329.65999999999997	325.9199999999999	20.450333333333333	39.523088535489585
572400.0	332.95	325.8483333333333	329.6633333333333	326.01833333333326	20.373166666666666	39.820237409104536
576000.0	332.95	325.78499999999997	329.85333333333335	326.01166666666666	22.01983333333333	41.252038658123084
579600.0	332.95	325.75	329.85	326.25	21.45	42.899999999999956
583200.0	332.95	325.75	329.85	326.25	21.45	42.899999999999956
586800.0	332.95	325.6916666666666	329.90666666666664	326.0183333333333	22.26	41.65992924149646
590400.0	332.95	325.63666666666666	329.94499999999994	325.65666666666664	22.7245	39.068364228433936
594000.0	332.95	325.4316666666666	330.05999999999995	325.11	25.504666666666665	38.97554533700687
597600.0	332.95	325.63333333333327	329.91999999999996	325.9216666666666	22.398833333333332	41.13991070339142
601200.0	332.95	325.8499999999999	329.78	325.89333333333326	21.349999999999998	39.07085309110781
604800.0	332.95	325.86333333333334	329.62666666666667	325.97999999999996	20.026833333333336	39.087037487435616
608400.0	332.95	326.14333333333326	329.395	326.28	18.918499999999998	41.40816994091842
612000.0	332.74166666666656	325.8433333333333	329.67999999999995	326.0066666666666	21.029333333333334	39.51681880669352
615600.0	332.44999999999993	325.75	329.7716666666666	326.19166666666666	20.9375	39.236946265459665
619200.0	332.93333333333334	326.025	329.44333333333327	326.0249999999999	20.403666666666666	41.27610631679875
622800.0	332.95	325.8333333333333	329.6516666666666	325.8916666666666	20.918333333333333	39.732545716652375
626400.0	332.95	325.42999999999995	330.015	325.0466666666666	26.377666666666663	39.93925792389101
630000.0	332.95	325.2866666666667	330.28499999999997	325.25833333333327	27.331833333333336	41.802381742869954
633600.0	332.95	325.26666666666665	330.3016666666667	324.7016666666666	28.5325	39.13843999307213
637200.0	332.95	325.53999999999996	330.155	325.215	26.770999999999997	40.24884664916459
640800.0	332.95	325.6499999999999	329.78999999999996	326.14	22.974	46.253795454545426
644400.0	332.95	325.6499999999999	329.74999999999994	326.25	22.89	47.741999999999976
648000.0	332.95	325.6499999999999	329.74999999999994	326.25	22.89	47.741999999999976
651600.0	332.95	325.885	329.6816666666667	326.235	21.204166666666666	43.51375209643603
655200.0	332.95	325.44333333333327	329.78999999999996	325.72666666666663	21.518666666666665	39.87988037678314
658800.0	332.89166666666665	325.54999999999995	329.63666666666666	325.97666666666663	20.38116666666667	40.86583965400722
662400.0	332.65	325.92499999999995	329.5716666666666	325.92333333333335	20.4835	37.86040899491117
666000.0	333.05	325.665	329.76499999999993	325.75666666666666	21.313166666666667	39.34495775558173
669600.0	333.05	325.45	329.74999999999994	325.95	21.31	42.62000000000004
673200.0	333.05	325.45	329.74999999999994	325.95	21.31	42.62000000000004
676800.0	333.03166666666664	325.43499999999995	329.7466666666666	325.91166666666663	21.522499999999997	42.63272802653402
680400.0	332.95	325.34499999999997	330.06666666666666	325.34499999999997	24.979666666666663	40.28466639082913
684000.0	332.95	325.5583333333333	330.0083333333333	325.21	25.82183333333333	39.96006965935834
687600.0	332.95	325.8283333333333	329.65666666666664	326.0399999999999	20.99033333333333	41.447912724685374
691200.0	332.95	325.75	329.54999999999995	326.0499999999999	19.719999999999995	40.56685714285711
694800.0	332.95	325.75	329.54999999999995	326.0499999999999	19.719999999999995	40.56685714285711
698400.0	332.95	325.75	329.5633333333333	326.07499999999993	19.800666666666665	40.94055174019687
702000.0	332.84	325.8833333333333	329.6266666666666	326.12999999999994	20.398333333333333	40.653382436068235
705600.0	332.66666666666663	325.9283333333333	329.57333333333327	326.10166666666663	20.05966666666667	39.03929597035813
709200.0	332.85	325.75	329.745	326.0166666666666	21.185333333333332	40.38949703395243
712800.0	332.85	325.31833333333327	330.1816666666667	325.2966666666666	26.704833333333326	41.16986358919917
716400.0	332.85	324.8616666666667	330.365	324.2883333333333	30.929999999999996	40.8381230327417
720000.0	332.85	325.19666666666666	330.2383333333333	324.47166666666664	28.604166666666664	38.09425837468982
723600.0	332.85	324.65	330.25	324.04999999999995	29.800000000000004	39.41290322580645
727200.0	332.85	324.65	330.25	324.04999999999995	29.800000000000004	39.41290322580645
730800.0	332.84666666666664	325.12666666666667	330.03499999999997	324.72999999999996	26.565666666666665	39.06300926733722
734400.0	333.1499999999999	326.12999999999994	329.41999999999996	326.05	19.135	39.85666818313157
738000.0	333.1499999999999	326.65	329.15	326.15	16.99	36.81166666666667
741600.0	333.1499999999999	326.65	329.15	326.15	16.99	36.81166666666667
745200.0	333.1499999999999	326.1683333333333	329.46999999999997	326.12	18.67283333333333	39.07091550281356
748800.0	332.9833333333333	325.9	329.47999999999996	326.005	20.049500000000002	41.10020787728513
752400.0	332.65	326.04499999999996	329.62666666666667	325.94666666666666	20.132166666666663	36.314921330866824
756000.0	332.65	325.6499999999999	329.95	325.75	21.880000000000003	36.466666666666704
759600.0	332.65	325.6499999999999	329.95	325.75	21.880000000000003	36.466666666666704
763200.0	332.65999999999997	325.6583333333333	329.94166666666666	325.75333333333333	21.824833333333334	36.48487315039014
766800.0	332.90833333333325	325.3666666666666	330.02666666666664	325.6166666666667	23.597	40.487517669154066
770400.0	332.74999999999994	325.51499999999993	329.76666666666665	325.51499999999993	22.77766666666667	39.0290311539537
774000.0	332.74999999999994	325.835	329.7383333333333	326.10499999999996	20.806666666666665	39.75262860763495
777600.0	332.74999999999994	326.125	329.44333333333327	326.27	17.64333333333333	37.09087087218951
781200.0	332.74999999999994	326.155	329.3333333333333	326.55499999999995	16.418166666666664	39.08332756025318
784800.0	332.74999999999994	326.15999999999997	329.32333333333327	326.4333333333333	16.685666666666666	38.10747306737679
788400.0	332.74999999999994	326.05000000000007	329.43499999999995	326.4383333333333	17.249666666666666	38.637890431420296
792000.0	332.74999999999994	326.05000000000007	329.4416666666666	326.4033333333333	17.526333333333334	38.710070266900644
795600.0	332.74999999999994	325.915	329.49	326.015	18.627833333333335	36.71178379162466
799200.0	332.74999999999994	325.5333333333333	329.95666666666665	325.405	23.859666666666662	37.944971280104376
802800.0	332.74999999999994	325.2216666666666	330.1966666666666	324.98999999999995	26.31	38.12067220150852
806400.0	332.74999999999994	325.09666666666664	330.43499999999995	324.8816666666666	27.796333333333333	38.52332942021263
810000.0	332.74999999999994	325.63	329.915	325.5333333333333	22.974833333333333	37.35269349656405
813600.0	332.74999999999994	325.54166666666663	329.7583333333333	325.37666666666667	23.311999999999998	38.3926679170907
817200.0	332.74999999999994	325.75	329.8933333333333	325.75166666666667	23.537333333333333	39.84580321847221
820800.0	332.74999999999994	325.59499999999997	329.90666666666664	325.61666666666656	23.616333333333333	39.45718952407469
824400.0	332.74999999999994	325.57666666666665	329.9266666666667	325.54499999999996	23.99583333333333	39.284153244073586
828000.0	332.74999999999994	325.7699999999999	329.84166666666664	325.89666666666665	22.163333333333334	39.22149446635792
831600.0	332.74999999999994	325.87333333333333	329.68499999999995	325.84499999999997	21.144166666666667	38.07658497059172
835200.0	332.74999999999994	325.62999999999994	329.7233333333333	325.5583333333333	21.958499999999997	37.72475362202333
838800.0	332.74999999999994	325.4816666666666	329.955	325.40166666666664	23.826500000000003	38.1914780075526
842400.0	333.09166666666664	325.3566666666666	330.025	325.28666666666663	23.91283333333333	39.096802790858526
846000.0	332.74999999999994	325.485	330.04499999999996	325.4633333333333	25.851	41.009876129221716
849600.0	332.74999999999994	325.7133333333333	329.77166666666665	325.4416666666666	22.503166666666665	36.72909762693254
853200.0	332.74999999999994	325.4216666666666	330.1783333333333	325.4433333333333	24.97133333333333	38.92614965793398
856800.0	332.74999999999994	325.6233333333333	329.87833333333333	325.74666666666667	21.929333333333332	37.94775839590583
860400.0	332.74999999999994	325.95	329.47333333333336	325.6266666666666	19.83783333333333	35.08118421052635
864000.0	332.74999999999994	325.95	329.44999999999993	325.6499999999999	19.719999999999995	35.28842105263162
867600.0	332.74999999999994	325.95	329.44999999999993	325.6499999999999	19.719999999999995	35.28842105263162
871200.0	332.74999999999994	325.85499999999996	329.66499999999996	326.0333333333333	20.28333333333333	38.594312428543205
874800.0	332.74999999999994	325.84999999999997	329.6883333333333	325.9966666666666	20.683166666666665	38.73458302909489
878400.0	332.74999999999994	325.76333333333326	329.6983333333333	325.88499999999993	21.565333333333335	39.58648011405718
882000.0	332.74999999999994	325.97666666666663	329.5516666666666	325.87999999999994	21.0485	38.871500184251474
885600.0	332.74999999999994	325.5	329.9983333333333	325.3549999999999	25.62966666666666	40.06003603877741
889200.0	332.74999999999994	325.40666666666664	330.0833333333333	325.22999999999996	26.655	40.35337699409689
892800.0	332.74999999999994	325.2783333333333	330.1449999999999	325.1166666666667	26.189833333333333	38.99131502349124
896400.0	332.74999999999994	324.9683333333333	330.3383333333333	324.9583333333333	27.435166666666667	39.764551843585096
900000.0	332.74999999999994	325.32666666666665	330.16166666666663	325.0033333333333	27.137666666666664	39.11612731118159
903600.0	332.74999999999994	325.31833333333327	330.16999999999996	325.195	25.823833333333333	38.49912153796238
907200.0	332.74999999999994	325.31833333333327	330.08166666666665	325.42333333333335	24.359166666666663	39.15740450071416
910800.0	332.74999999999994	325.6133333333333	329.9766666666667	325.72166666666664	23.76616666666667	39.976420259338504
914400.0	332.7833333333333	325.4616666666666	329.9333333333333	325.3266666666666	23.5265	37.3911324581022
918000.0	333.25	325.45666666666665	330.0983333333333	325.7233333333333	23.37283333333333	41.654297319075226
921600.0	333.25	325.635	329.88999999999993	325.98333333333335	21.431999999999995	41.938295147472914
925200.0	333.25	325.6933333333333	329.87833333333333	325.64	21.965166666666665	39.19451373889308
928800.0	333.17499999999995	325.57499999999993	329.9916666666667	325.4533333333333	23.809333333333335	39.90636421912384
932400.0	332.74999999999994	325.57499999999993	330.1033333333333	325.17999999999995	25.680166666666665	37.61262961517406
936000.0	332.74999999999994	325.65999999999997	329.95333333333326	325.84666666666664	22.469	39.01624162308007
939600.0	332.74999999999994	325.6283333333333	329.96166666666664	325.55999999999995	23.653999999999996	38.542943235091734
943200.0	332.74999999999994	325.64666666666665	329.78666666666663	325.5566666666666	22.6805	38.182282064395935
946800.0	332.74999999999994	325.82166666666666	329.7983333333333	325.9549999999999	21.198999999999998	38.29829398869195
950400.0	332.74999999999994	325.68499999999995	329.7683333333333	326.00833333333327	21.259166666666665	40.01794549063544
954000.0	332.74999999999994	325.84999999999997	329.59999999999997	326.0199999999999	19.985833333333336	38.68512678100372
957600.0	332.74999999999994	325.6799999999999	329.79333333333324	325.9516666666666	21.029666666666667	38.749123262854845
961200.0	332.74999999999994	325.90666666666664	329.63333333333327	325.90166666666664	20.133666666666663	36.95325256799954
964800.0	332.74999999999994	325.955	329.5483333333333	325.905	20.46483333333333	38.19084721102069
968400.0	332.74999999999994	325.95	329.5116666666666	325.87499999999994	20.315166666666666	38.08879762606141
972000.0	332.74999999999994	325.59499999999997	329.90166666666664	325.3283333333333	24.82233333333333	38.8755218049279
975600.0	332.74999999999994	325.5383333333333	329.94333333333327	325.5283333333333	24.394999999999996	39.88560358589548
979200.0	332.74999999999994	325.33833333333325	330.13	325.2383333333333	25.724666666666664	39.313208855018125
982800.0	332.74999999999994	325.4933333333333	330.1183333333333	325.18666666666667	26.09	38.44708115274895
986400.0	332.74999999999994	325.34666666666664	330.3616666666666	325.16833333333335	27.949333333333332	39.88773987598946
990000.0	332.74999999999994	325.5333333333333	330.00999999999993	325.3383333333333	24.114666666666665	37.27163480673609
993600.0	332.74999999999994	325.3183333333333	330.07333333333327	325.17499999999995	24.992333333333335	38.20629970587856
997200.0	332.74999999999994	325.52333333333326	329.85	325.385	22.192833333333336	36.128720414416186
1000800.0	332.74999999999994	325.5299999999999	329.965	325.4116666666667	23.277	37.293755202545995
1004400.0	332.74999999999994	325.565	329.83666666666664	325.60999999999996	22.72866666666667	38.89267307478468
1008000.0	332.94166666666666	325.40500000000003	330.07666666666665	325.72499999999997	23.535666666666668	40.73990658949507
1011600.0	333.25	325.505	329.9133333333333	325.645	21.804499999999997	39.74600213489123
1015200.0	333.25	324.91	330.3983333333333	324.7149999999999	27.445666666666668	40.46072687010413
1018800.0	332.78333333333325	325.0966666666666	330.46999999999997	325.01666666666665	28.692166666666665	40.57627576527556
1022400.0	332.74999999999994	325.41666666666663	330.13833333333326	324.8983333333333	25.515999999999995	35.979074763812164
1026000.0	332.74999999999994	325.37999999999994	330.16499999999996	325.2133333333333	25.585833333333337	38.24057278285022
1029600.0	332.74999999999994	325.5516666666666	329.885	325.33166666666665	23.907	38.20298811277702
1033200.0	332.74999999999994	325.795	329.78166666666664	325.88999999999993	22.060000000000002	39.59832942785538
1036800.0	332.74999999999994	325.9383333333333	329.5883333333333	326.11333333333334	20.21516666666667	39.87788077129148
1040400.0	332.74999999999994	326.02166666666665	329.4983333333333	326.18499999999995	19.10366666666667	38.81177254225045
1044000.0	332.74999999999994	325.84999999999997	329.64	326.00833333333327	21.122166666666665	40.14680490232436
1047600.0	332.74999999999994	325.8333333333333	329.66166666666663	325.85499999999996	21.726166666666664	39.48540160271547
1051200.0	332.74999999999994	325.70333333333326	329.75499999999994	325.995	21.704499999999996	40.685352424469784
1054800.0	332.74999999999994	325.6499999999999	329.84666666666664	326.025	22.700166666666668	42.18296316641966
1058400.0	332.74999999999994	325.27	330.1933333333333	325.16499999999996	27.259	40.54608494591837
1062000.0	332.66999999999996	324.88166666666666	330.35999999999996	324.51833333333326	30.92733333333333	41.22605095478978
1065600.0	332.15	323.95	330.34999999999997	324.04999999999995	34.12	44.41015873015871
1069200.0	332.15	323.95	330.34999999999997	324.04999999999995	34.12	44.41015873015871
1072800.0	332.15	324.1083333333333	330.275	324.1583333333333	33.412499999999994	43.95057298026046
1076400.0	332.45	325.16166666666663	330.16166666666663	325.205	27.020333333333333	39.91817495907535
1080000.0	332.72999999999996	325.72999999999996	329.8083333333333	326.0066666666666	21.5145	39.607954026341545
1083600.0	333.6583333333333	325.84666666666664	329.68499999999995	325.9966666666666	18.225166666666667	38.6148695429941
1087200.0	333.75	326.0516666666666	329.46	325.99499999999995	16.516333333333332	36.7618823159996
1090800.0	333.75	325.935	329.4583333333333	325.94166666666666	16.53933333333333	36.865072586839574
1094400.0	333.75	325.85166666666663	329.6749999999999	325.94999999999993	17.657666666666664	37.5310015793536
1098000.0	333.75	325.925	329.44166666666666	325.4116666666667	18.871499999999997	36.78177266081871
1101600.0	333.75	326.15	329.25	325.45	19.0	37.99999999999997
1105200.0	333.75	326.15	329.25	325.45	19.0	37.99999999999997
1108800.0	333.675	325.62166666666667	329.7616666666666	325.77666666666664	19.436666666666667	39.294771479329405
1112400.0	333.8583333333333	325.3616666666666	330.2383333333333	325.32833333333326	22.406333333333336	39.05657815811415
1116000.0	333.71666666666664	325.6116666666666	329.9416666666666	325.6933333333333	20.250666666666664	38.79585049705323
1119600.0	333.65	325.8016666666666	329.64666666666665	326.13666666666666	17.27166666666667	38.888449426345254
1123200.0	333.65	326.0783333333333	329.4466666666666	326.27666666666664	16.117666666666665	38.55159074660998
1126800.0	333.65	326.03666666666663	329.2633333333333	326.36999999999995	15.0605	39.75569608553468
1130400.0	333.65	326.25	329.2433333333333	326.3216666666666	15.206	38.62584607943787
1134000.0	333.65	326.09999999999997	329.38833333333326	326.2933333333333	15.743166666666665	38.44922678174312
1137600.0	333.65	326.25	329.22999999999996	326.225	15.369499999999999	37.88552805585735
1141200.0	333.65	326.11499999999995	329.3383333333333	326.16166666666663	16.010166666666667	38.076078244741964
1144800.0	333.65	325.50333333333333	329.93	325.6099999999999	20.8015	39.287906974804805
1148400.0	333.65	325.25166666666667	330.3083333333333	325.3116666666666	23.912	40.20108833056402
1152000.0	333.65	325.1233333333333	330.1916666666666	325.2816666666667	23.669666666666668	41.1875008368294
1155600.0	333.65	325.4433333333333	330.06999999999994	325.4683333333333	21.851333333333336	38.995305396168064
1159200.0	333.65	325.47333333333336	330.0183333333333	325.965	20.604499999999998	41.67352677067495
1162800.0	333.65	325.8133333333333	329.695	326.1316666666666	18.0215	39.7595204164265
1166400.0	333.75833333333327	325.8066666666666	329.66666666666663	326.0816666666666	17.212	38.44567125096286
1170000.0	333.81666666666666	325.83333333333337	329.585	326.2683333333333	16.34	39.35262916318626
1173600.0	333.85999999999996	326.0216666666666	329.525	326.3383333333333	15.338333333333331	37.72683604015186
1177200.0	333.2933333333333	326.04166666666663	329.475	326.22499999999997	16.956166666666665	37.90142701556653
1180800.0	333.6916666666666	325.9566666666666	329.4666666666666	326.09499999999997	16.607666666666667	38.22654805091914
1184400.0	333.94999999999993	325.695	329.955	326.13333333333327	18.525666666666666	40.09864512247378
1188000.0	333.94999999999993	325.63666666666666	329.7566666666666	325.4866666666666	18.403833333333335	35.87359397328686
1191600.0	334.26666666666665	325.3233333333333	330.32166666666666	325.40166666666664	21.272666666666662	38.901383262408125
1195200.0	334.28	325.7083333333333	329.86499999999995	325.98	18.458999999999996	40.75271387872259
1198800.0	334.29499999999996	325.4733333333333	329.7566666666666	325.5466666666666	18.823999999999998	39.66431979700071
1202400.0	333.75	325.8466666666667	329.56499999999994	326.0916666666666	17.412166666666668	39.63785879054812
1206000.0	333.75	326.03166666666664	329.6166666666666	326.1916666666666	16.074333333333332	36.37648041871124
1209600.0	333.7583333333333	326.21	329.3983333333333	326.47166666666664	14.55433333333333	37.58088948005857
1213200.0	334.1716666666666	326.41	329.215	326.62333333333333	12.282	37.04994331918339
1216800.0	333.7416666666666	326.29166666666663	329.1866666666666	326.6866666666666	13.246666666666664	39.59255071082467
1220400.0	333.7983333333333	326.25	329.19833333333327	326.6433333333333	13.903833333333331	41.01824418326496
1224000.0	333.65	326.2083333333333	329.31833333333327	326.63999999999993	13.748833333333334	38.28906329365962
1227600.0	333.65	326.15666666666664	329.26666666666665	326.3433333333333	14.379833333333334	37.03093304225469
1231200.0	333.65	325.705	329.82499999999993	325.7183333333333	20.140666666666668	39.01979085626739
1234800.0	333.7083333333333	325.24333333333334	330.3016666666666	325.5933333333333	22.083333333333332	39.78036094260902
1238400.0	333.65	325.6816666666666	329.9633333333333	325.6516666666666	20.04	37.1051959857511
1242000.0	333.65	325.74333333333334	329.7533333333333	325.9883333333333	18.613	39.211037002892695
1245600.0	333.81666666666666	325.8166666666666	329.61999999999995	325.8349999999999	17.628833333333333	37.40507276713093
1249200.0	334.04166666666663	325.6583333333333	329.75833333333327	325.8833333333333	18.403999999999996	39.853587187758876
1252800.0	334.15	325.75666666666666	329.65166666666664	326.04166666666663	17.0845	39.91264333536859
1256400.0	334.15	326.15	329.54999999999995	326.54999999999995	16.27	43.38666666666666
1260000.0	334.15	326.15	329.54999999999995	326.54999999999995	16.27	43.38666666666666
1263600.0	334.06999999999994	326.1033333333333	329.4883333333333	326.40999999999997	16.761833333333332	43.33649262565186
1267200.0	334.11999999999995	325.88166666666666	329.815	325.89833333333326	17.450833333333332	36.796129094333736
1270800.0	333.72166666666664	325.83333333333337	329.66999999999996	325.8599999999999	18.341833333333334	38.023694409841866
1274400.0	334.0016666666666	325.395	330.335	325.8133333333333	20.4395	39.37603715640723
1278000.0	334.57500000000005	325.14666666666665	330.24999999999994	325.2533333333333	20.342666666666666	38.45616549357329
1281600.0	333.8916666666666	325.4799999999999	329.85499999999996	325.38	19.67133333333333	36.942069058550544
1285200.0	333.84999999999997	325.2433333333333	330.2483333333333	325.465	21.883166666666668	39.53847452967184
1288800.0	333.84999999999997	325.66666666666663	329.90999999999997	325.48499999999996	19.88833333333333	36.86760099742506
1292400.0	333.84999999999997	325.63666666666666	329.8333333333333	325.94666666666666	18.247833333333332	38.58492466930674
1296000.0	333.84999999999997	325.84833333333324	329.53	326.1883333333333	17.761833333333332	42.68590428531067
1299600.0	333.84999999999997	325.7949999999999	329.37499999999994	326.24999999999994	16.598499999999998	42.841241561849856
1303200.0	333.84999999999997	325.84999999999997	329.6733333333333	326.44499999999994	15.908833333333334	39.49874314675378
1306800.0	334.04999999999995	325.84999999999997	329.70666666666665	326.3333333333333	15.715833333333332	38.261129216723994
1310400.0	334.30833333333334	325.84999999999997	329.6016666666667	326.21	15.972666666666665	39.890302305513266
1314000.0	333.7033333333333	325.7933333333333	329.67999999999995	326.0716666666666	18.07183333333333	39.789622823328074
1317600.0	333.75	325.4166666666667	330.1133333333333	325.46666666666664	22.304333333333332	40.03899392393971
1321200.0	333.68333333333334	325.23999999999995	330.34166666666664	324.7966666666666	24.851666666666663	37.901945319486224
1324800.0	333.50666666666666	325.22166666666664	330.39	325.03999999999996	25.776999999999994	39.96249347044598
1328400.0	332.8833333333333	325.50666666666666	330.0533333333333	325.3916666666666	25.04	39.71082155769154
1332000.0	333.05	325.525	329.96333333333337	325.59999999999997	22.887166666666666	39.58407374809254
1335600.0	333.46999999999997	325.7383333333333	329.8983333333333	326.07499999999993	19.550666666666665	39.58079622849539
1339200.0	334.15	326.18999999999994	329.47333333333336	326.56999999999994	16.927	47.47647619047626
1342800.0	334.15	326.34999999999997	329.44999999999993	326.85	16.99	50.9700000000001
1346400.0	334.15	326.34999999999997	329.44999999999993	326.85	16.99	50.9700000000001
1350000.0	333.3383333333333	325.9133333333333	329.45333333333326	326.1733333333333	19.866833333333332	43.598090212469046
1353600.0	332.43499999999995	325.8166666666666	329.5849999999999	325.9549999999999	22.4735	38.797610259153274
1357200.0	333.6916666666666	325.6433333333333	329.7366666666666	325.9283333333333	19.206	40.925611369037405
1360800.0	333.7366666666666	325.77	330.135	325.84666666666664	22.306499999999996	39.98109822260258
1364400.0	333.4699999999999	325.5483333333333	330.13499999999993	325.88999999999993	22.823499999999996	43.371652631373486
1368000.0	333.84999999999997	325.545	329.895	325.9266666666666	18.774499999999996	39.49063428110019
1371600.0	334.16666666666663	325.49666666666667	329.8633333333333	325.6183333333333	18.071499999999997	37.24683470098838
1375200.0	334.425	325.585	329.9866666666666	326.0983333333333	17.839999999999996	40.64874752427225
1378800.0	334.84999999999997	326.10166666666663	329.40166666666664	326.21666666666664	13.899333333333335	38.49016732629874
1382400.0	333.94833333333327	326.06499999999994	329.38333333333327	326.29499999999996	15.006166666666665	38.43680907155837
1386000.0	334.31666666666666	326.34999999999997	329.13166666666666	326.5116666666666	12.772833333333331	38.993305711567245
1389600.0	334.37499999999994	326.085	329.35999999999996	326.4966666666666	13.984833333333333	40.685959866807906
1393200.0	334.15	326.15	329.3283333333333	326.505	13.957999999999998	39.670076877900584
1396800.0	334.15	326.15	329.34166666666664	326.51	14.219666666666665	40.268469014931156
1400400.0	334.15	326.01166666666666	329.3866666666666	326.17499999999995	15.431000000000001	39.26772061011792
1404000.0	334.1083333333333	325.6116666666666	329.8966666666666	325.5816666666666	19.70583333333333	38.85340503550228
1407600.0	333.8666666666667	325.4533333333333	330.075	325.2133333333333	22.081333333333333	38.1969976325185
1411200.0	333.75	325.51666666666665	330.06	325.57499999999993	21.433666666666667	39.68446754948777
1414800.0	333.75	325.34499999999997	329.9083333333333	325.7983333333333	21.27916666666667	44.10188654433556
1418400.0	333.75	325.66833333333335	329.7533333333333	325.775	18.53483333333333	37.769401840490794
1422000.0	333.75	325.83666666666664	329.65999999999997	325.66999999999996	18.64833333333333	37.097994735522654
1425600.0	333.75	325.57833333333326	329.6783333333333	325.59499999999997	18.63533333333333	37.40199911088877
1429200.0	333.75	325.68	329.75999999999993	325.93833333333333	18.360166666666665	38.87767800603236
1432800.0	333.975	325.66999999999996	329.86833333333334	325.93333333333334	17.625499999999995	37.38168202966762
1436400.0	334.75	325.9133333333333	329.50833333333327	325.9583333333333	15.182333333333332	38.05352807021917
1440000.0	334.36499999999995	325.76	329.6783333333332	326.12	16.560333333333332	40.00786493826942
1443600.0	332.9983333333333	325.2416666666667	329.9033333333333	325.17499999999995	25.397833333333335	40.4909201372821
1447200.0	333.50666666666666	325.15999999999997	330.38833333333326	324.9033333333333	25.694166666666664	39.09565578096996
1450800.0	334.0333333333333	325.1083333333333	330.455	325.00666666666666	24.317833333333336	40.11027031231819
1454400.0	334.0083333333333	325.59499999999997	330.1233333333333	325.7	20.978	39.91294346985889
1458000.0	333.65	325.52166666666665	329.9433333333333	325.56	20.311500000000002	37.725437135712895
1461600.0	333.65	325.4933333333333	329.9583333333333	325.51	20.600666666666665	37.948215832324856
1465200.0	333.65	325.885	329.64833333333326	325.77833333333325	18.043999999999997	36.273214718797874
1468800.0	333.9183333333333	325.84999999999997	329.69499999999994	326.2483333333333	16.64633333333333	38.94242186632593
1472400.0	334.35	325.84999999999997	329.6633333333333	326.2516666666666	15.937833333333332	39.748458434770335
1476000.0	334.35	325.8299999999999	329.64	325.9416666666666	16.5475	38.39374922061648
1479600.0	334.47499999999997	325.7416666666667	329.7749999999999	326.06833333333327	16.289666666666665	38.41637436596338
1483200.0	334.84999999999997	325.75	329.72166666666664	326.2083333333333	16.06833333333333	41.63054100561223
1486800.0	332.34666666666664	325.7016666666666	329.38	325.755	22.46483333333333	40.83193124892726
1490400.0	332.8066666666667	325.44333333333327	330.11499999999995	325.4933333333333	25.154833333333332	40.03764171908876
1494000.0	333.45	325.185	330.1816666666666	325.44	23.19883333333333	40.5381196614493
1497600.0	333.65	325.4816666666667	330.18499999999995	325.4083333333333	23.127166666666664	39.62841411604631
1501200.0	334.05	325.255	330.2366666666666	325.16166666666663	23.4015	40.75507632068225
1504800.0	334.05	325.16999999999996	330.44	325.1933333333333	23.91466666666667	40.52856054360409
1508400.0	334.05	324.94999999999993	330.3066666666666	324.8833333333333	24.08866666666666	40.57704277704761
1512000.0	334.05	325.4466666666666	330.1783333333333	325.18666666666667	22.482999999999997	38.77627763922593
1515600.0	334.05	325.22833333333335	330.12166666666667	325.065	22.99133333333333	40.23354545455703
1519200.0	334.0416666666667	325.46333333333325	330.07833333333326	325.6033333333333	21.989166666666666	42.178683609803045
1522800.0	333.55000000000007	325.405	330.12999999999994	325.2516666666666	23.002666666666666	38.43905178895472
1526400.0	333.55000000000007	325.5216666666666	330.0066666666666	325.4833333333333	21.434	38.07143036536134
1530000.0	333.93333333333334	325.42999999999995	330.0733333333333	325.13166666666655	21.78516666666667	37.59967991392048
1533600.0	334.05	325.2516666666666	330.2333333333333	324.9466666666666	24.082666666666665	40.06933104964111
1537200.0	333.85833333333335	325.3133333333333	330.1716666666666	325.01499999999993	24.127166666666664	40.10582411062988
1540800.0	333.5666666666667	325.715	329.7983333333333	325.4099999999999	20.633499999999998	37.12554872351228
1544400.0	333.7583333333333	325.08500000000004	330.26666666666665	325.4816666666666	22.5655	40.9115752584994
1548000.0	333.55000000000007	325.1966666666666	330.2883333333333	325.2233333333333	23.2055	38.390207865086005
1551600.0	333.55000000000007	325.605	329.95166666666665	325.72166666666664	20.646833333333333	38.80768877642339
1555200.0	333.94166666666666	325.64	329.8416666666666	325.6866666666666	19.66133333333333	39.38433277116768
1558800.0	334.05	325.7966666666667	329.7233333333333	325.94	18.648666666666664	40.74497536670796
1562400.0	334.05	325.75	329.7149999999999	325.7533333333333	19.266499999999997	40.39023950509461
1566000.0	334.05	325.7333333333333	329.7383333333333	325.9333333333333	19.010833333333334	41.5796228581808
1569600.0	334.05	325.75666666666666	329.7433333333333	325.82166666666666	18.895666666666664	40.00596191465687
1573200.0	334.05	325.5533333333333	329.91666666666663	325.765	20.0625	41.075219805443396
1576800.0	334.05	325.2266666666666	330.2283333333333	325.29499999999996	23.408833333333334	41.8924440920721
1580400.0	333.75	325.39	330.10333333333324	325.5433333333333	22.381499999999996	41.07092557607602
1584000.0	333.8416666666667	325.35	330.145	325.5583333333333	21.982333333333333	40.75178129699486
1587600.0	334.05	325.405	330.19999999999993	325.09333333333325	22.529333333333334	38.263957461410726
1591200.0	334.05	325.1166666666666	330.1333333333333	324.885	23.092999999999996	39.35007997536586
1594800.0	333.6	325.13166666666666	330.4216666666666	325.0466666666666	24.311	38.308095020392365
1598400.0	334.05	325.4266666666667	330.22999999999996	325.3116666666666	22.557333333333332	39.63546306525142
1602000.0	334.05	325.245	330.47833333333335	324.7983333333333	25.211499999999997	39.10127692123717
1605600.0	333.66666666666663	325.1983333333333	330.31166666666667	325.2483333333333	23.706333333333333	39.752588531580926
1609200.0	333.55000000000007	325.54	330.01666666666665	325.44999999999993	21.11883333333333	37.139569695751106
1612800.0	333.9166666666667	325.1983333333333	330.2083333333333	325.18999999999994	22.6635	39.40429959370488
1616400.0	333.6916666666667	325.3533333333333	330.2366666666667	324.9916666666666	24.268833333333333	38.625952287842686
1620000.0	333.89166666666665	324.47499999999997	330.78	324.27833333333325	27.81566666666666	40.369422318566606
1623600.0	333.65	324.9733333333333	330.7883333333333	324.3066666666667	28.55233333333333	38.31770458634093
1627200.0	333.65	324.89166666666665	330.6133333333333	324.87	25.747666666666667	39.31036831110139
1630800.0	333.65	325.1583333333333	330.26166666666666	324.97999999999996	23.947999999999997	38.577534220026116
1634400.0	333.49999999999994	325.0083333333333	330.39666666666665	325.27166666666665	25.5245	42.43343905466386
1638000.0	333.1499999999999	325.81	329.84666666666664	325.90166666666664	21.249666666666666	39.63567053329586
1641600.0	333.1499999999999	325.71500000000003	329.75499999999994	325.93499999999995	20.03783333333333	39.08122945508618
1645200.0	333.6166666666667	326.05000000000007	329.44999999999993	326.1383333333333	17.204	39.39342286034813
1648800.0	333.99999999999994	325.7483333333333	329.68833333333333	326.05499999999995	18.07183333333333	41.146512189815695
1652400.0	334.15	325.7116666666666	329.82833333333326	326.155	18.01033333333333	41.422198309625834
1656000.0	333.75	325.6499999999999	329.8666666666666	326.0266666666666	18.940166666666663	39.992520055733195
1659600.0	333.65	325.58666666666664	329.8599999999999	325.7683333333333	20.4705	40.39006836496758
1663200.0	333.51	325.21999999999997	330.3116666666666	324.97833333333324	25.522499999999997	39.64664579397446
1666800.0	333.05	324.81	330.16499999999996	324.38333333333327	27.39666666666666	39.05765596999631
1670400.0	333.01666666666665	324.57333333333327	330.0166666666666	324.4	27.75183333333333	41.869353214153406
1674000.0	332.35	325.6583333333333	329.9133333333333	325.32	26.756833333333333	39.16307373942784
1677600.0	332.05000000000007	325.35	329.95	325.84999999999997	25.630000000000003	41.88317073170743
1681200.0	332.05000000000007	325.35	329.95	325.84999999999997	25.630000000000003	41.88317073170743
1684800.0	332.05000000000007	325.35	329.92499999999995	325.84	25.630000000000003	42.03984094641456
1688400.0	332.36999999999995	325.66166666666663	329.78166666666664	325.74999999999994	24.03466666666667	40.0238654010245
1692000.0	332.93333333333334	325.85166666666663	329.6866666666666	325.7699999999999	20.601499999999998	37.342903971170806
1695600.0	333.65	326.02	329.77166666666665	326.015	18.506999999999998	37.76220683422608
1699200.0	333.575	325.65166666666664	329.3933333333333	325.705	17.911666666666665	38.627473401027636
1702800.0	332.625	325.4699999999999	329.70333333333326	325.12333333333333	25.169666666666664	37.92065904315466
1706400.0	333.65	325.22333333333336	330.31166666666667	325.1583333333333	23.790166666666664	39.00617470895901
1710000.0	333.94999999999993	325.2983333333333	330.2983333333333	324.8583333333333	23.696	37.69831102286403
1713600.0	333.94999999999993	325.7783333333333	329.6683333333333	325.70666666666665	19.621499999999997	40.80886522993913
1717200.0	333.94999999999993	325.19833333333327	330.1266666666666	325.09999999999997	22.706666666666667	39.84510179688277
1720800.0	333.94999999999993	325.64166666666665	329.91999999999996	325.635	19.822499999999998	38.618584760800225
1724400.0	333.94999999999993	326.0133333333333	329.54166666666663	326.0333333333333	17.096166666666665	38.70307455304978
1728000.0	333.94999999999993	325.8316666666667	329.66999999999996	326.0133333333333	17.50133333333333	39.15943933725294
1731600.0	333.94999999999993	326.05000000000007	329.44333333333327	326.4683333333333	15.277000000000001	40.73574432119807
1735200.0	333.94999999999993	325.955	329.4216666666666	326.09333333333325	16.861666666666665	40.5952593156829
1738800.0	333.94999999999993	325.8983333333333	329.5583333333333	326.1216666666666	17.180666666666667	40.28448740512917
1742400.0	333.94999999999993	326.135	329.3266666666666	325.99666666666667	16.624666666666666	39.27504128033885
1746000.0	333.94999999999993	325.70666666666665	329.6883333333333	326.03166666666664	18.996333333333332	42.857053398796815
1749600.0	333.89166666666665	325.44666666666666	329.955	325.4316666666666	22.0385	41.147352123978365
1753200.0	333.9	325.06333333333333	330.2166666666667	324.8299999999999	23.92983333333333	39.2993837060088
1756800.0	333.62499999999994	325.37166666666667	330.2133333333333	325.3783333333333	23.66183333333333	40.50766062008155
1760400.0	333.59	325.4866666666666	330.03499999999997	325.72999999999996	20.87833333333333	39.51975888790018
1764000.0	334.05	325.5883333333333	329.8833333333333	325.5983333333333	19.767000000000003	39.219436420481955
1767600.0	334.05	325.68499999999995	329.7783333333333	325.94666666666666	18.362000000000002	40.17188932221207
1771200.0	334.05	325.795	329.69666666666666	326.04499999999996	17.4305	39.469119909669985
1774800.0	334.05	325.75166666666667	329.6916666666666	325.93499999999995	18.319166666666664	40.5034024639271
1778400.0	332.89166666666665	324.98833333333323	328.625	324.66666666666663	18.519333333333332	36.0525034917575
1782000.0	331.8516666666667	325.32666666666665	328.89	325.2416666666666	21.458833333333335	37.22466583923923
1785600.0	331.205	325.55499999999995	328.96	325.28666666666663	24.97	37.67131191647711
1789200.0	332.80833333333334	325.89166666666665	329.71	325.8433333333333	21.956999999999997	38.4739070241728
1792800.0	332.66499999999996	325.3483333333333	330.01166666666666	325.2633333333333	26.607166666666664	40.13705004079377
1796400.0	333.3583333333333	325.7783333333333	329.99999999999994	325.6083333333333	24.082666666666668	40.63743413060701
1800000.0	333.84999999999997	326.545	330.01	327.1383333333333	14.954833333333333	39.046477344012345
1803600.0	334.34499999999997	325.1983333333333	330.13333333333327	325.4133333333333	20.37466666666667	39.50770053172232
1807200.0	334.75	325.22666666666663	330.1333333333333	325.5833333333333	19.807333333333332	41.660444854872736
1810800.0	334.17499999999995	325.98833333333323	329.52666666666664	326.13666666666666	16.458166666666664	39.84943401275615
1814400.0	333.84999999999997	326.1716666666666	329.35833333333335	326.5333333333333	14.928833333333333	40.92930647080529
1818000.0	333.9316666666666	326.4816666666667	328.97499999999997	326.6266666666666	12.923333333333332	40.80116426076719
1821600.0	333.15833333333336	326.2516666666666	329.1766666666666	326.41166666666663	15.218833333333333	38.06660947932844
1825200.0	332.75833333333327	326.1933333333333	329.315	326.5666666666666	16.423000000000002	39.36412081304221
1828800.0	332.74999999999994	326.03999999999996	329.39166666666665	326.4133333333333	18.474666666666664	41.71210597558654
1832400.0	332.26666666666665	326.1333333333333	329.2933333333333	326.21166666666664	19.329333333333334	38.766716315528846
1836000.0	332.815	325.71000000000004	329.86499999999995	325.59999999999997	24.444666666666667	40.30813776840313
1839600.0	333.9883333333333	325.45	329.9983333333333	325.4316666666667	21.045666666666666	39.435838222462735
1843200.0	334.15	325.4699999999999	330.12166666666667	325.555	21.072333333333333	40.138754238749044
1846800.0	334.17999999999995	325.38666666666666	330.075	325.50333333333333	19.755666666666666	38.246013598888766
1850400.0	334.75	325.7149999999999	329.85166666666663	325.98999999999995	16.625666666666667	39.20825042387591
1854000.0	333.89666666666665	325.9216666666666	329.75666666666666	326.0716666666666	17.850166666666667	38.67368811268916
1857600.0	334.05	325.58166666666665	329.765	325.85166666666663	19.074666666666666	41.53926127274577
1861200.0	334.05	325.9033333333333	329.6633333333333	326.00666666666666	17.6745	39.5110056283747
1864800.0	334.05	325.9333333333333	329.5466666666666	325.47666666666663	17.422666666666668	35.04337483877499
1868400.0	334.05	326.15666666666664	329.26166666666666	326.00999999999993	15.638999999999998	38.13390012221732
1872000.0	334.05	325.80999999999995	329.82333333333327	326.1866666666666	17.94233333333333	40.8641787714338
1875600.0	333.95833333333337	325.66499999999996	329.80999999999995	325.6683333333333	19.914333333333335	39.89221561614348
1879200.0	333.6066666666667	325.3383333333333	329.97499999999997	325.4366666666666	21.558833333333332	39.242220732968235
1882800.0	333.9616666666666	325.15999999999997	330.53000000000003	325.515	24.51383333333333	43.25148845797657
1886400.0	334.08166666666665	324.72666666666663	330.38	325.3733333333333	22.719	42.46187103994255
1890000.0	333.9483333333333	325.52	329.8016666666666	325.3383333333333	19.875333333333334	37.61769591665942
1893600.0	333.5466666666667	325.905	329.78666666666663	325.7966666666666	19.2625	36.9900259777238
1897200.0	333.9316666666666	325.88166666666666	329.5483333333333	325.97499999999997	17.105500000000003	37.976847618447444
1900800.0	333.04666666666657	326.4033333333333	329.2233333333333	326.53	15.110999999999997	37.39123375624581
1904400.0	332.9166666666667	326.4033333333333	329.09	326.59166666666664	14.615333333333332	38.43318710808543
1908000.0	332.8666666666666	326.28666666666663	329.1649999999999	326.5366666666667	15.551333333333332	38.984003983994626
1911600.0	332.95833333333337	326.2383333333333	329.27166666666665	326.46	15.774999999999999	37.832603252683235
1915200.0	333.25	326.25	329.2316666666666	326.58666666666664	15.282499999999999	40.669834658356656
1918800.0	333.25	326.21666666666664	329.2233333333333	326.34	15.119833333333332	37.09389384861689
1922400.0	333.25	325.62833333333333	329.8383333333333	325.9	20.043833333333335	38.93100514303441
1926000.0	333.0783333333333	325.2783333333333	330.16666666666663	324.905	25.832166666666666	38.467957145622506
1929600.0	332.5433333333333	325.505	330.03499999999997	325.63333333333327	26.462666666666667	41.95433194155124
1933200.0	333.61999999999995	325.7833333333333	329.66666666666663	325.93499999999995	19.591499999999996	39.687820567441136
1936800.0	332.10166666666663	325.90999999999997	329.6333333333333	326.1533333333333	22.029	39.08478323770028
1940400.0	332.21	325.735	329.7683333333333	325.875	23.67666666666667	38.78254216087186
1944000.0	333.47166666666664	325.83666666666664	329.78166666666664	325.8983333333333	19.500833333333333	38.30500684203928
1947600.0	334.29999999999995	325.9683333333333	329.6083333333333	326.04499999999996	16.979999999999997	39.66909139777735
1951200.0	334.05833333333334	325.9083333333333	329.57166666666666	326.25166666666667	16.7455	41.157207821271264
1954800.0	333.65	326.4	329.18333333333334	326.4333333333333	14.824166666666663	39.09930555555553
1958400.0	333.65	326.44999999999993	329.15	326.44999999999993	14.679999999999996	39.14666666666664
1962000.0	333.65	326.44999999999993	329.15	326.44999999999993	14.679999999999996	39.14666666666664
1965600.0	333.87666666666667	325.7083333333333	329.8383333333333	325.74	19.540166666666668	39.15708938187806
1969200.0	334.1866666666666	325.3566666666666	329.96999999999997	324.9983333333333	21.531166666666664	38.63142256415093
1972800.0	333.4633333333333	325.73999999999995	329.7733333333333	326.02333333333326	18.77883333333333	39.10140297233599
1976400.0	333.54999999999995	325.95666666666665	329.645	325.95666666666665	18.222333333333335	36.90542314293815
1980000.0	334.09666666666664	325.835	329.73333333333335	326.04499999999996	16.7495	37.3246320887575
1983600.0	333.72666666666663	326.1683333333333	329.26666666666665	326.43833333333333	15.496333333333332	41.12845336723192
1987200.0	333.83000000000004	326.3666666666667	329.08666666666664	326.4283333333332	13.237499999999999	37.496262767849245
1990800.0	334.05	326.22	329.2699999999999	326.775	12.899333333333333	40.63883626720914
1994400.0	334.05	326.13	329.3066666666666	326.64333333333326	13.494499999999999	40.214285124390756
1998000.0	334.05	326.26666666666665	329.1683333333333	326.57333333333327	13.345833333333331	40.28208197119202
2001600.0	334.05	326.3349999999999	329.13499999999993	326.58833333333325	13.264333333333333	40.21223724478551
2005200.0	334.05	326.24666666666667	329.2283333333333	326.46333333333337	14.207666666666666	40.211946537885154
2008800.0	334.05	325.4083333333333	329.86499999999995	325.7033333333333	19.531499999999998	40.59893132362099
2012400.0	334.31833333333327	325.2966666666667	330.21666666666664	325.1316666666666	22.03083333333333	38.92744241177985
2016000.0	333.55833333333334	325.59166666666664	329.93999999999994	325.35999999999996	22.964166666666667	40.194225460368884
2019600.0	334.05	325.75	329.85	325.95	21.16	45.03282051282049
2023200.0	334.05	325.75	329.85	325.95	21.16	45.03282051282049
2026800.0	333.9866666666666	325.71166666666664	329.7416666666666	325.96666666666664	20.011999999999997	43.89936063559617
2030400.0	333.84999999999997	325.8066666666667	329.6716666666667	325.7733333333333	17.481666666666666	36.23720535638638
2034000.0	333.84999999999997	325.645	329.835	325.8999999999999	18.933666666666664	39.623034901766616
2037600.0	333.84999999999997	325.66499999999996	329.8383333333333	325.76666666666665	19.672666666666668	39.58987430960397
2041200.0	333.84999999999997	325.5116666666666	329.82499999999993	325.73	20.111166666666662	41.105589277752415
2044800.0	333.84999999999997	325.6333333333333	329.855	325.84666666666664	19.365333333333332	39.97303667451711
2048400.0	333.84999999999997	325.84999999999997	329.66166666666663	326.10499999999996	17.581333333333333	39.60028815183895
2052000.0	333.84999999999997	325.95	329.54999999999995	326.15	16.84	39.1282352941177
2055600.0	333.84999999999997	325.95	329.54999999999995	326.15	16.84	39.1282352941177
2059200.0	333.6366666666666	325.9233333333333	329.5483333333333	325.9133333333333	17.377666666666666	37.08078622392647
2062800.0	333.9083333333333	325.7533333333333	329.63499999999993	325.7933333333333	17.983	38.086715185657255
2066400.0	333.75	325.88999999999993	329.61333333333334	326.22333333333324	17.292333333333332	40.12401434529658
2070000.0	333.84666666666664	325.9483333333333	329.6416666666666	326.2266666666667	17.551166666666667	40.64868949480389
2073600.0	333.5799999999999	325.905	329.50999999999993	326.3983333333333	16.88383333333333	41.19555060075011
2077200.0	333.84999999999997	326.0533333333333	329.4216666666666	326.58666666666664	15.107833333333332	41.71514069073372
2080800.0	333.84999999999997	326.03166666666664	329.3566666666667	326.3666666666666	14.983833333333333	39.452715932545345
2084400.0	333.84999999999997	326.3066666666666	329.26500000000004	326.49833333333333	14.699666666666666	40.116526655318665
2088000.0	333.84999999999997	326.2233333333333	329.27666666666664	326.29166666666663	15.4865	39.60316061903054
2091600.0	333.74499999999995	326.25	329.26666666666665	326.29999999999995	15.082999999999998	38.14757396941635
2095200.0	333.94999999999993	325.72666666666663	329.8166666666666	325.65833333333325	19.302999999999997	38.22927321591092
2098800.0	333.94999999999993	325.7683333333333	329.7	325.6933333333333	18.755833333333335	38.48023037886614
2102400.0	333.94999999999993	325.51166666666666	329.9316666666666	325.8816666666666	19.16783333333333	40.11935749813996
2106000.0	333.94999999999993	325.7416666666666	329.8316666666666	325.7133333333333	19.402166666666666	38.74388237926034
2109600.0	333.94999999999993	325.35999999999996	330.10166666666663	325.58	21.8125	41.53682152632614
2113200.0	333.94999999999993	325.4133333333333	330.045	325.2416666666667	20.95283333333333	37.580950650481775
2116800.0	333.94999999999993	325.5516666666666	329.9	325.6483333333333	20.071499999999997	39.83155490743483
2120400.0	333.39666666666665	325.59999999999997	329.9583333333333	325.86499999999995	20.9115	39.53778834488344
2124000.0	333.92833333333334	325.7883333333333	329.7133333333333	325.82333333333327	18.152833333333334	38.04743368440076
2127600.0	333.3866666666666	325.745	329.5033333333333	325.3733333333333	18.847166666666663	34.58993394438926
2131200.0	333.94999999999993	326.0066666666666	329.77166666666665	326.1583333333333	17.19333333333333	38.125163779929466
2134800.0	333.94999999999993	325.65	329.91666666666663	325.7049999999999	19.5595	38.59537390816063
2138400.0	333.94999999999993	325.5166666666666	329.97499999999997	325.9099999999999	19.367499999999996	40.23387460418223
2142000.0	333.94999999999993	325.6499999999999	329.74999999999994	326.0499999999999	18.429999999999996	41.34297297297293
2145600.0	333.9033333333333	325.75499999999994	329.6916666666666	326.03833333333324	18.093999999999998	40.36375720457296
2149200.0	334.0	325.84999999999997	329.7066666666666	326.195	17.111666666666665	39.715846718286116
2152800.0	333.42999999999995	325.82	329.53166666666664	326.12	17.601499999999998	39.12215227305072
2156400.0	333.84999999999997	325.92499999999995	329.59999999999997	326.31666666666666	15.644666666666666	37.931804742922225
2160000.0	333.84999999999997	326.16833333333335	329.4033333333333	326.2233333333333	14.957166666666664	36.2466212431895
2163600.0	333.84999999999997	326.04999999999995	329.455	326.4533333333333	14.907499999999997	38.82632736246605
2167200.0	333.84999999999997	326.12499999999994	329.3933333333333	326.4283333333333	15.400166666666665	40.19369311101309
2170800.0	333.84999999999997	326.15	329.3416666666666	326.3616666666666	15.259666666666664	39.49204983776031
2174400.0	333.84999999999997	326.15	329.3216666666666	326.4366666666666	15.1805	40.605344033025666
2178000.0	333.84999999999997	326.10999999999996	329.3466666666666	326.3383333333333	15.571166666666667	40.27202177612183
2181600.0	333.88	325.60333333333324	329.9383333333333	325.7333333333333	20.200166666666664	39.77070500374994
2185200.0	334.25666666666666	325.73499999999996	329.75666666666666	325.8633333333333	17.885166666666663	39.07405154895699
2188800.0	332.8483333333333	325.74666666666667	329.73333333333335	325.8566666666666	21.781	39.06860890102598
2192400.0	334.12666666666667	325.66666666666663	329.7583333333333	325.7933333333333	18.5995	39.70333789796676
2196000.0	333.75	325.43999999999994	330.0616666666666	325.91166666666663	20.262	40.6940637927719
2199600.0	333.90166666666664	325.4216666666667	329.93666666666667	325.4133333333333	20.547	38.65608929163075
2203200.0	333.45	325.29	330.1716666666666	325.0666666666666	23.469499999999996	37.59195836797576
2206800.0	333.45	325.84999999999997	330.1499999999999	325.24999999999994	23.469999999999995	36.40244897959182
2210400.0	333.45	325.84999999999997	330.1499999999999	325.24999999999994	23.469999999999995	36.40244897959182
2214000.0	333.49	325.78	330.15	325.34	23.325999999999997	37.425330691471515
2217600.0	333.84999999999997	325.64333333333326	329.955	325.5899999999999	19.958666666666666	37.55667587108072
2221200.0	333.84999999999997	325.95	329.95	325.84999999999997	18.569999999999997	35.78121951219519
2224800.0	333.84999999999997	325.95	329.95	325.84999999999997	18.569999999999997	35.78121951219519
2228400.0	333.84999999999997	325.95	329.95	325.84999999999997	18.569999999999997	35.78121951219519
2232000.0	334.51499999999993	325.15333333333336	330.34999999999997	325.1433333333333	20.561	37.10548503623613
2235600.0	333.4866666666667	325.64	329.83166666666665	325.66999999999996	20.6545	39.01381348130956
2239200.0	332.9733333333333	325.7116666666666	329.6916666666666	325.8016666666666	21.022	39.14207808899849
2242800.0	332.68333333333334	326.03	329.50166666666667	326.4	19.250833333333333	41.2457382937733
2246400.0	332.55	326.25	329.25	326.25	16.99	35.679000000000066
2250000.0	332.55	326.25	329.25	326.25	16.99	35.679000000000066
2253600.0	332.55	326.25	329.25	326.25	16.99	35.679000000000066
2257200.0	332.55	326.25	329.25	326.25	16.99	35.679000000000066
2260800.0	332.55	326.25	329.25	326.25	16.99	35.679000000000066
2264400.0	332.55	326.25	329.25	326.25	16.99	35.679000000000066
2268000.0	332.55	326.25	329.25	326.25	16.99	35.679000000000066
2271600.0	332.55	326.25	329.25	326.25	16.99	35.679000000000066
2275200.0	332.55	326.25	329.25	326.25	16.99	35.679000000000066
2278800.0	332.55	326.25	329.25	326.25	16.99	35.679000000000066
2282400.0	332.55	326.25	329.25	326.25	16.99	35.679000000000066
2286000.0	332.55	326.25	329.25	326.25	16.99	35.679000000000066
2289600.0	332.55	326.25	329.25	326.25	16.99	35.679000000000066
2293200.0	332.55	326.25	329.25	326.25	16.99	35.679000000000066
2296800.0	332.55	326.25	329.25	326.25	16.99	35.679000000000066
2300400.0	332.55	326.25	329.25	326.25	16.99	35.679000000000066
2304000.0	333.2983333333333	324.26666666666665	330.26666666666665	323.66499999999996	27.273999999999994	38.59647228053188
2307600.0	333.70833333333326	325.3433333333333	330.13833333333326	325.3533333333333	22.91033333333333	39.978437777937906
2311200.0	334.7	325.19666666666666	330.41666666666663	325.0066666666666	21.6265	38.12053599194659
2314800.0	334.525	324.9683333333333	330.47166666666664	324.8566666666666	23.159	39.35724383157116
2318400.0	334.24999999999994	325.4833333333333	329.97666666666663	325.09666666666664	20.762999999999998	37.31786256965084
2322000.0	334.24999999999994	325.28499999999997	330.0483333333333	325.5433333333333	20.27683333333333	40.35487707104855
2325600.0	334.24999999999994	325.6483333333333	330.03666666666663	325.6866666666666	19.3875	38.58539540153046
2329200.0	334.19999999999993	325.9033333333333	329.5466666666666	326.09	15.62983333333333	37.50398791022296
2332800.0	333.94166666666666	325.9133333333333	329.5516666666666	326.16999999999996	16.580666666666666	39.5938813183925
2336400.0	333.925	326.1233333333333	329.36333333333334	326.4183333333333	15.624833333333333	41.50806884324506
2340000.0	333.96	326.15666666666664	329.36166666666657	326.3533333333333	15.909999999999998	41.353390245374115
2343600.0	333.75	325.9466666666666	329.5816666666666	326.17499999999995	17.0205	39.07552025458316
2347200.0	333.75	325.85	329.5883333333333	326.13	16.948833333333333	38.74321905506645
2350800.0	333.75	325.88	329.65999999999997	326.10499999999996	17.5705	39.07425396460132
2354400.0	333.75	325.3566666666667	330.06666666666666	325.4333333333333	21.415333333333333	38.92826258330272
2358000.0	333.9666666666667	325.15	330.40166666666664	324.9483333333333	25.164499999999997	40.54568322319576
2361600.0	334.75	325.07499999999993	330.4883333333333	325.3883333333333	21.22233333333333	40.277434071409104
2365200.0	334.99999999999994	325.6133333333333	329.97166666666664	325.6783333333333	17.901999999999997	39.152786351000465
2368800.0	333.3883333333333	325.7466666666666	329.94833333333327	325.945	22.151333333333334	41.24848584635489
2372400.0	334.1183333333333	325.53499999999997	329.95	325.825	20.15266666666667	41.892017694912035
2376000.0	333.60833333333335	325.63166666666666	329.8816666666666	325.74333333333334	21.298666666666666	39.29304115062147
2379600.0	332.8166666666666	325.8183333333333	329.64666666666665	325.8949999999999	21.753166666666665	39.28982689219998
2383200.0	333.1166666666667	325.8716666666666	329.745	326.0366666666666	20.818499999999997	40.03176242368447
2386800.0	333.94166666666666	325.81499999999994	329.65333333333336	326.0516666666666	17.4865	39.472848550938494
2390400.0	334.05	325.6383333333333	329.7583333333333	325.90833333333325	18.40283333333333	40.406697121088825
2394000.0	334.05	325.52	329.88333333333327	325.75666666666666	19.420833333333334	40.26774291683315
2397600.0	333.91666666666663	325.32499999999993	330.23999999999995	325.315	22.247833333333332	38.904055748367874
2401200.0	333.84999999999997	325.525	330.15	325.28999999999996	22.039666666666665	37.77837245483566
2404800.0	333.84999999999997	325.7983333333333	329.94	325.69499999999994	20.05033333333333	38.16810707306745
2408400.0	333.84999999999997	325.49499999999995	329.94	325.69	19.973666666666666	39.534595405449195
2412000.0	333.84999999999997	325.62833333333333	329.80999999999995	325.7233333333333	18.97183333333333	38.35677117900465
2415600.0	333.84999999999997	325.90166666666664	329.50499999999994	325.6483333333333	18.2775	37.71034647316482
2419200.0	333.84999999999997	326.05000000000007	329.34999999999997	325.54999999999995	17.71	36.35210526315781
2422800.0	333.8599999999999	324.40999999999997	330.12166666666667	324.5149999999999	24.170333333333332	41.12124114378549
2426400.0	333.84833333333324	326.065	329.5233333333333	326.25166666666667	16.771499999999996	39.929202844322255
2430000.0	333.94999999999993	325.97999999999996	329.53666666666663	326.2699999999999	16.288	39.87949509189207
2433600.0	333.94999999999993	325.84999999999997	329.6883333333333	326.3083333333333	16.744333333333334	40.14886393840667
2437200.0	333.94999999999993	325.84999999999997	329.70333333333326	326.36999999999995	16.746999999999996	40.717244153379234
2440800.0	333.94999999999993	325.515	329.98499999999996	325.4483333333333	21.330666666666666	39.66675356313874
2444400.0	333.90999999999997	325.23499999999996	330.44333333333327	325.25833333333327	25.303666666666665	42.357854326810354
2448000.0	333.65000000000003	325.2366666666666	330.2633333333333	325.0866666666666	25.471333333333334	41.409472167965255
2451600.0	333.09999999999997	325.415	330.1483333333333	325.5233333333333	25.2105	41.92329216646334
2455200.0	332.78	325.50499999999994	329.87333333333333	325.5949999999999	22.949166666666663	39.11760840697714
2458800.0	333.37499999999994	325.5716666666666	329.96833333333325	325.64666666666665	21.023500000000002	38.088036297980906
2462400.0	333.84999999999997	325.49	329.9649999999999	325.4916666666667	20.899	39.185681542028846
2466000.0	333.84999999999997	325.45	330.04999999999995	325.75	20.88	40.788837209302386
2469600.0	333.84999999999997	325.45	330.04999999999995	325.75	20.88	40.788837209302386
2473200.0	333.84999999999997	325.695	329.79999999999995	326.1033333333333	19.171	42.416155195184686
2476800.0	333.89166666666665	325.7683333333333	329.68833333333333	325.8516666666666	17.417333333333332	36.935348562784654
2480400.0	334.35	325.61333333333334	329.6966666666666	325.7383333333333	18.918	42.02376046065847
2484000.0	334.35	325.32166666666666	330.0466666666666	324.82166666666666	23.327833333333327	40.42816016985523
2487600.0	333.94	324.90833333333336	330.39333333333326	325.13	24.6055	42.24693044809169
2491200.0	333.75	325.4033333333333	330.03166666666664	325.4983333333333	21.04733333333333	38.870168028893964
2494800.0	333.75	325.35166666666663	330.07833333333326	325.5566666666666	21.244999999999997	39.667063228948756
2498400.0	333.75	325.58666666666664	329.8716666666666	325.89666666666665	19.76583333333333	40.66359196038682
2502000.0	333.75	325.68666666666667	329.85999999999996	326.0783333333333	18.723	40.01663360296318
2505600.0	333.75	325.84999999999997	329.33	325.36999999999995	18.14666666666667	36.20693262411349
2509200.0	333.75	325.84999999999997	329.25	325.24999999999994	18.28	36.103
2512800.0	333.75	325.84999999999997	329.25	325.24999999999994	18.28	36.103
2516400.0	333.75	325.84999999999997	329.25	325.24999999999994	18.28	36.103
2520000.0	333.75	325.84999999999997	329.25	325.24999999999994	18.28	36.103
2523600.0	333.75	325.84999999999997	329.25	325.24999999999994	18.28	36.103
2527200.0	333.75	325.84999999999997	329.25	325.24999999999994	18.28	36.103
2530800.0	332.965	322.7966666666666	329.67999999999995	320.3733333333333	33.772499999999994	38.528015392693064
2534400.0	332.76166666666666	325.21999999999997	330.28999999999996	324.96666666666664	28.170333333333332	39.77081862979458
2538000.0	332.54166666666663	325.6499999999999	329.9583333333333	325.3416666666667	26.355166666666666	39.42186946474954
2541600.0	333.31666666666666	325.3716666666666	330.26166666666666	325.54166666666663	24.077333333333332	40.55926419362301
2545200.0	333.10166666666663	325.8066666666667	329.57333333333327	325.76166666666666	21.55933333333333	39.853489974879615
2548800.0	334.0083333333333	325.875	329.79166666666663	326.01833333333326	18.51533333333333	39.646396084050934
2552400.0	333.98	325.8583333333333	329.67499999999995	326.08	17.784	39.98906606175191
2556000.0	334.33	325.8566666666666	329.6766666666666	325.955	17.325333333333333	39.39637115773248
2559600.0	334.84999999999997	325.75	329.8333333333333	326.10333333333324	16.154166666666665	39.55763404623874
2563200.0	334.84999999999997	325.64	329.91999999999996	326.1733333333333	16.94533333333333	41.71715284877308
2566800.0	334.84999999999997	325.7066666666666	329.82333333333327	325.8533333333333	17.1005	39.446177686751085
2570400.0	333.4666666666667	325.4549999999999	329.9033333333333	325.1716666666666	24.022	39.51800354260909
2574000.0	334.3766666666666	325.1533333333333	330.2916666666666	324.9316666666666	22.616666666666664	39.30850890663391
2577600.0	334.49	325.76666666666665	330.35499999999996	326.025	20.090666666666667	40.88477197256048
2581200.0	334.825	325.64	330.0799999999999	325.8266666666666	19.142333333333333	41.28022743802734
2584800.0	335.25	325.4966666666666	329.84833333333324	325.7366666666667	16.522166666666664	39.35064115562474
