#1
double tab1(719,5)
# Date
# m_primaire
# P_calc
# T_depart
# T_retour
0.0	0.0	0.0	60.0	45.0
3600.0	0.0	0.0	60.0	45.0
7200.0	0.0	0.0	60.0	45.0
10800.0	0.0	0.0	60.0	45.0
14400.0	0.0	0.0	60.0	45.0
18000.0	0.0	0.0	60.0	45.0
21600.0	0.0	0.0	60.0	45.0
25200.0	0.0	0.0	60.0	45.0
28800.0	0.0	0.0	60.0	45.0
32400.0	0.0	0.0	60.0	45.0
36000.0	0.0	0.0	60.0	45.0
39600.0	0.0	0.0	60.0	45.0
43200.0	0.0	0.0	60.0	45.0
46800.0	0.0	0.0	60.0	45.0
50400.0	0.0	0.0	60.0	45.0
54000.0	0.0	0.0	60.0	45.0
57600.0	0.0	0.0	60.0	45.0
61200.0	0.0	0.0	60.0	45.0
64800.0	0.0	0.0	60.0	45.0
68400.0	0.0	0.0	60.0	45.0
72000.0	0.0	0.0	60.0	45.0
75600.0	0.0	0.0	60.0	45.0
79200.0	0.0	0.0	60.0	45.0
82800.0	0.0	0.0	60.0	45.0
86400.0	0.0	0.0	60.0	45.0
90000.0	0.0	0.0	60.0	45.0
93600.0	0.0	0.0	60.0	45.0
97200.0	0.0	0.0	60.0	45.0
100800.0	0.0	0.0	60.0	45.0
104400.0	0.0	0.0	60.0	45.0
108000.0	0.0	0.0	60.0	45.0
111600.0	0.0	0.0	60.0	45.0
115200.0	0.0	0.0	60.0	45.0
118800.0	0.0	0.0	60.0	45.0
122400.0	0.0	0.0	60.0	45.0
126000.0	0.0	0.0	60.0	45.0
129600.0	0.0	0.0	60.0	45.0
133200.0	0.0	0.0	60.0	45.0
136800.0	0.0	0.0	60.0	45.0
140400.0	0.0	0.0	60.0	45.0
144000.0	0.0	0.0	60.0	45.0
147600.0	0.0	0.0	60.0	45.0
151200.0	0.0	0.0	60.0	45.0
154800.0	0.0	0.0	60.0	45.0
158400.0	0.0	0.0	60.0	45.0
162000.0	0.0	0.0	60.0	45.0
165600.0	0.0	0.0	60.0	45.0
169200.0	0.0	0.0	60.0	45.0
172800.0	0.0	0.0	60.0	45.0
176400.0	0.0	0.0	60.0	45.0
180000.0	0.0	0.0	60.0	45.0
183600.0	0.0	0.0	60.0	45.0
187200.0	0.0	0.0	60.0	45.0
190800.0	0.0	0.0	60.0	45.0
194400.0	0.0	0.0	60.0	45.0
198000.0	0.0	0.0	60.0	45.0
201600.0	0.0	0.0	60.0	45.0
205200.0	0.0	0.0	60.0	45.0
208800.0	0.0	0.0	60.0	45.0
212400.0	0.0	0.0	60.0	45.0
216000.0	0.0	0.0	60.0	45.0
219600.0	0.0	0.0	60.0	45.0
223200.0	0.0	0.0	60.0	45.0
226800.0	0.0	0.0	60.0	45.0
230400.0	0.0	0.0	60.0	45.0
234000.0	0.0	0.0	60.0	45.0
237600.0	0.0	0.0	60.0	45.0
241200.0	0.0	0.0	60.0	45.0
244800.0	0.0	0.0	60.0	45.0
248400.0	0.0	0.0	60.0	45.0
252000.0	0.0	0.0	60.0	45.0
255600.0	0.0	0.0	60.0	45.0
259200.0	0.0	0.0	60.0	45.0
262800.0	0.0	0.0	60.0	45.0
266400.0	0.0	0.0	60.0	45.0
270000.0	0.0	0.0	60.0	45.0
273600.0	0.0	0.0	60.0	45.0
277200.0	0.0	0.0	60.0	45.0
280800.0	0.0	0.0	60.0	45.0
284400.0	0.0	0.0	60.0	45.0
288000.0	0.0	0.0	60.0	45.0
291600.0	0.0	0.0	60.0	45.0
295200.0	0.0	0.0	60.0	45.0
298800.0	0.0	0.0	60.0	45.0
302400.0	0.0	0.0	60.0	45.0
306000.0	0.0	0.0	60.0	45.0
309600.0	0.0	0.0	60.0	45.0
313200.0	0.9302777777777778	45509.81737499999	196.27499999999995	182.92999999999998
316800.0	1.7572222222222225	82899.21187499998	332.54999999999995	321.28999999999996
320400.0	1.971111111111111	94135.91362499999	332.54999999999995	321.17999999999995
324000.0	2.321851851851852	109048.51012499996	332.54999999999995	321.36999999999995
327600.0	2.3312037037037032	119833.67749999996	332.54999999999995	320.3499999999999
331200.0	2.3449074074074074	120298.70462499997	332.54999999999995	320.37999999999994
334800.0	2.250277777777778	102558.19124999996	332.54999999999995	321.6649999999999
338400.0	2.1802777777777775	98489.96437499997	332.54999999999995	321.83833333333325
342000.0	2.498425925925926	121208.31824999998	332.54999999999995	321.1033333333333
345600.0	3.0197222222222218	148223.24887499993	332.54999999999995	320.97333333333324
349200.0	3.007222222222222	165854.03774999996	332.54999999999995	319.4083333333333
352800.0	2.9363888888888883	148026.68175	332.54999999999995	320.53999999999996
356400.0	3.2294444444444443	165701.25037499995	332.54999999999995	320.3016666666666
360000.0	3.1175	154035.94649999996	332.54999999999995	320.8483333333333
363600.0	2.9675	147512.96137499996	332.54999999999995	320.71
367200.0	2.993888888888889	148897.24312499998	332.54999999999995	320.6633333333333
370800.0	2.9388888888888887	138246.89474999998	332.54999999999995	321.3666666666666
374400.0	3.279722222222222	173158.36237499994	332.54999999999995	320.09999999999997
378000.0	2.759722222222222	125160.89962499995	332.54999999999995	321.7433333333333
381600.0	2.454722222222222	113481.26212499998	332.54999999999995	321.50999999999993
385200.0	1.9066666666666665	83317.97925	332.54999999999995	322.13666666666666
388800.0	1.8966666666666665	90159.31499999997	332.54999999999995	321.4
392400.0	1.7008333333333334	79333.88249999998	332.54999999999995	321.4833333333333
396000.0	1.8202777777777777	80087.65912499998	332.54999999999995	322.0983333333333
399600.0	1.371111111111111	60659.249999999985	332.9833333333333	322.5133333333333
403200.0	1.8699999999999997	74054.226	331.60333333333324	321.8133333333333
406800.0	2.1561111111111106	105084.58274999999	332.40166666666664	320.85333333333324
410400.0	2.149722222222222	110595.41399999999	332.54999999999995	320.2466666666666
414000.0	2.3691666666666666	111272.65162499998	332.66666666666663	321.46333333333337
417600.0	1.7869444444444444	88205.14087499998	333.04999999999995	321.41499999999996
421200.0	2.3611111111111107	114709.59449999998	332.54999999999995	320.96333333333337
424800.0	2.3591666666666664	107977.08037499995	332.54999999999995	321.7166666666666
428400.0	2.374166666666666	114568.61812499998	332.54999999999995	321.07
432000.0	2.758333333333333	129884.07899999995	332.54999999999995	321.495
435600.0	2.632361111111111	122179.51724999996	332.54999999999995	321.46999999999997
439200.0	3.0691666666666664	161107.29449999996	332.54999999999995	320.03499999999997
442800.0	2.8330555555555557	134912.82149999996	332.54999999999995	321.1683333333333
446400.0	2.735833333333333	128123.01937499996	332.54999999999995	321.50333333333333
450000.0	2.5233333333333334	118024.09124999997	332.54999999999995	321.37
453600.0	2.9494907407407407	141925.84299999996	332.54999999999995	321.12
457200.0	2.5730555555555554	121572.47137499998	332.54999999999995	321.2799999999999
460800.0	2.9730555555555553	150144.838125	332.54999999999995	320.57499999999993
464400.0	3.233333333333333	175909.5	332.54999999999995	319.54999999999995
468000.0	3.233333333333333	175909.5	332.54999999999995	319.54999999999995
471600.0	2.538333333333333	112280.63212499996	332.54999999999995	322.7766666666666
475200.0	1.536111111111111	61891.25587499998	332.54999999999995	323.13999999999993
478800.0	1.8352777777777776	79970.01024999998	332.54999999999995	322.1833333333333
482400.0	1.6288888888888886	72574.503	332.54999999999995	321.8983333333333
486000.0	1.4824999999999997	65864.239125	332.54999999999995	322.06666666666666
489600.0	1.8191666666666666	82753.62037499998	332.54999999999995	321.7183333333333
493200.0	1.7372222222222222	80283.42412499998	332.54999999999995	321.6283333333332
496800.0	1.9191666666666665	81140.02387499998	332.24166666666656	322.1633333333333
500400.0	2.4627777777777777	116400.84599999996	332.3166666666666	321.1766666666666
504000.0	2.3316666666666666	108138.29587499998	332.54999999999995	321.55999999999995
507600.0	2.2058796296296297	99807.66587499999	332.54999999999995	321.7666666666666
511200.0	2.154722222222222	100849.50224999998	332.54999999999995	321.43
514800.0	1.5461111111111112	61343.509125	332.54999999999995	323.6716666666666
518400.0	1.5041666666666667	59303.97262499997	332.4916666666666	323.7749999999999
522000.0	1.5647222222222221	61697.40899999998	332.38333333333327	323.03999999999996
525600.0	1.5962037037037038	59592.799625	332.3833333333333	323.6066666666667
529200.0	1.5860185185185183	59944.853062499984	332.10833333333323	323.20833333333326
532800.0	1.7216666666666662	65457.25949999998	332.0916666666666	323.265
536400.0	1.729722222222222	64968.753749999974	332.54999999999995	323.63999999999993
540000.0	1.5516666666666667	58613.61037499998	332.54999999999995	323.5933333333333
543600.0	1.701111111111111	67872.806625	332.54999999999995	323.11833333333334
547200.0	2.591898148148148	130903.04706249997	332.54999999999995	321.24333333333334
550800.0	3.2955555555555556	160175.43449999997	332.54999999999995	321.0383333333333
554400.0	2.263888888888889	100492.44037499999	332.54999999999995	321.97833333333335
558000.0	2.5472685185185187	132597.60974999997	332.54999999999995	320.1033333333333
561600.0	2.0941666666666663	110934.294375	332.54999999999995	319.8466666666666
565200.0	2.0044444444444443	99126.60749999998	332.54999999999995	320.82333333333327
568800.0	1.8647222222222222	87913.87649999998	332.54999999999995	321.4133333333333
572400.0	1.41	55519.965374999985	332.54999999999995	323.3883333333333
576000.0	1.48	65294.99774999998	332.4749999999999	321.99999999999994
579600.0	1.8094444444444444	76177.683375	332.0499999999999	322.23
583200.0	1.935833333333333	94671.65174999999	332.3083333333333	320.6199999999999
586800.0	2.0969444444444445	106344.13987499998	332.54999999999995	320.4833333333333
590400.0	2.127407407407407	102770.40949999997	332.54999999999995	321.1033333333333
594000.0	2.0483333333333333	107991.06524999996	332.54999999999995	320.13166666666666
597600.0	2.2408333333333332	113719.55137499998	332.54999999999995	320.4183333333333
601200.0	1.9261111111111113	78012.59662499998	332.54999999999995	323.3016666666667
604800.0	2.0466666666666664	88313.04412499999	332.54999999999995	322.4266666666666
608400.0	1.8582407407407406	82049.50574999997	332.5333333333333	322.4183333333333
612000.0	1.8701851851851852	71984.63887499999	332.0499999999999	322.9883333333333
615600.0	1.8661574074074072	73991.83268749999	332.2666666666666	322.8916666666666
619200.0	2.2560648148148146	96254.81206249999	332.39166666666665	322.31666666666666
622800.0	2.063611111111111	84617.86349999996	332.54999999999995	322.77666666666664
626400.0	1.8424999999999998	73966.37587499998	332.31666666666666	322.7733333333333
630000.0	2.203333333333333	88390.19924999996	332.54999999999995	322.95166666666665
633600.0	2.8169444444444434	134400.55424999996	332.54999999999995	321.88666666666666
637200.0	2.8271759259259257	134907.20275	332.54999999999995	321.1916666666666
640800.0	2.4577777777777774	118494.5085	332.54999999999995	320.9933333333333
644400.0	2.089722222222222	90412.25174999997	332.54999999999995	322.2099999999999
648000.0	1.9499999999999997	84871.79999999996	332.54999999999995	322.15
651600.0	1.9499999999999997	84871.79999999996	332.54999999999995	322.15
655200.0	1.8661111111111108	79283.24399999996	332.4666666666666	322.38666666666666
658800.0	1.9266666666666667	87610.71974999999	332.07499999999993	321.34166666666664
662400.0	1.653333333333333	71172.86512499998	332.54999999999995	322.38333333333327
666000.0	1.9036111111111107	87003.9703125	332.54999999999995	321.66999999999996
669600.0	2.3930555555555553	116736.82012499994	332.54999999999995	320.9033333333333
673200.0	2.5524999999999998	126431.31449999995	332.54999999999995	320.7466666666666
676800.0	2.741388888888889	132458.44687499997	332.54999999999995	321.02166666666665
680400.0	2.622222222222222	131481.37724999996	332.54999999999995	320.75833333333327
684000.0	2.526111111111111	121848.06524999996	332.54999999999995	321.0483333333333
687600.0	2.641944444444444	132384.22124999997	332.54999999999995	320.8333333333333
691200.0	2.270833333333333	96971.49524999998	332.54999999999995	322.48999999999995
694800.0	2.709629629629629	119858.16749999997	332.54999999999995	322.14166666666665
698400.0	2.479444444444444	104616.71137499998	332.54166666666663	322.43
702000.0	2.5300000000000002	105518.25337499997	332.2833333333333	322.37333333333333
705600.0	2.539722222222222	106677.87037499998	332.54999999999995	322.54166666666663
709200.0	2.7966666666666664	130353.53137499996	332.54999999999995	321.46500000000003
712800.0	2.765833333333333	118506.85424999996	332.54999999999995	322.34
716400.0	2.783333333333333	114152.84999999995	332.54999999999995	322.75
720000.0	2.9166666666666665	122870.43749999996	332.54166666666663	322.525
723600.0	3.7166666666666663	187853.30399999997	332.44999999999993	320.39666666666665
727200.0	3.1688888888888886	156542.52899999995	332.6	320.7683333333333
730800.0	2.0905555555555555	95096.59199999999	332.95	322.14666666666665
734400.0	2.158888888888889	106704.99149999997	332.95	321.15666666666664
738000.0	1.8016666666666667	77037.94499999998	332.95	322.74999999999994
741600.0	1.8455555555555554	85803.28799999999	332.8083333333333	321.765
745200.0	2.2116666666666664	102227.18099999997	332.44999999999993	321.47166666666664
748800.0	2.1063888888888886	101857.73849999995	332.44999999999993	320.8766666666666
752400.0	1.9166666666666665	97859.24999999997	332.44999999999993	320.25
756000.0	2.636111111111111	136949.89349999995	332.44999999999993	320.0766666666666
759600.0	2.6661111111111104	125698.75349999995	332.44999999999993	321.21666666666664
763200.0	2.753611111111111	143786.81175	332.7249999999999	320.30333333333334
766800.0	2.8127777777777774	142730.20387499995	332.44999999999993	320.3449999999999
770400.0	2.8113888888888887	143149.37812499993	332.44999999999993	320.27166666666665
774000.0	2.340833333333333	98961.75337499996	332.44999999999993	322.57833333333326
777600.0	2.0438888888888886	81512.31449999995	332.44999999999993	322.95
781200.0	1.6632407407407404	64491.14062499997	332.44999999999993	323.19333333333327
784800.0	1.89	75581.72774999998	332.44999999999993	323.07
788400.0	2.2388888888888885	97843.84687499997	332.44999999999993	322.07833333333326
792000.0	1.95	76459.48499999997	332.44999999999993	323.19
795600.0	2.008472222222222	78078.08024999998	332.44999999999993	323.20333333333326
799200.0	1.984444444444444	79067.64674999997	332.44999999999993	322.9833333333333
802800.0	1.9436111111111107	78326.77387499996	332.33333333333326	322.93999999999994
806400.0	2.4425	116981.23574999996	332.4916666666666	321.6033333333333
810000.0	2.7400462962962955	132567.46031249993	332.74166666666656	321.2133333333333
813600.0	3.1187499999999995	144838.62431249997	332.44999999999993	321.38
817200.0	2.4369444444444444	118569.93149999998	332.44999999999993	320.945
820800.0	2.7891666666666666	137259.80437499998	332.44999999999993	320.72499999999997
824400.0	2.5508333333333333	124956.55537499995	332.44999999999993	320.8116666666666
828000.0	2.4202777777777778	116266.55399999995	332.44999999999993	321.0183333333333
831600.0	2.360833333333333	115453.22249999996	332.44999999999993	320.78166666666664
835200.0	2.3284722222222216	109921.08262499995	332.44999999999993	321.2933333333333
838800.0	2.385	115442.13224999997	332.78166666666664	321.2083333333333
842400.0	2.7505555555555556	132164.92725	332.34999999999997	320.8783333333333
846000.0	2.6645833333333333	133993.66181250004	332.34999999999997	320.3816666666666
849600.0	2.7158333333333333	130262.670375	332.4749999999999	321.0283333333333
853200.0	2.265833333333333	106533.96449999997	332.6166666666666	321.5533333333333
856800.0	2.4463888888888885	112803.75712500002	332.5833333333333	321.68333333333334
860400.0	2.5408333333333335	112044.458625	332.34999999999997	321.9916666666667
864000.0	2.4705555555555554	108393.59250000003	332.34999999999997	321.9266666666666
867600.0	2.639490740740741	114362.235625	332.57499999999993	322.2216666666666
871200.0	2.460833333333333	103317.38512500003	332.5166666666666	322.5516666666666
874800.0	2.5758333333333336	118991.15175000005	332.34999999999997	321.3883333333333
878400.0	2.5875	108100.78200000002	332.34999999999997	322.41166666666663
882000.0	2.904259259259259	123884.78850000002	332.34999999999997	322.1816666666666
885600.0	2.7562962962962962	117390.80775000002	332.34999999999997	322.2233333333333
889200.0	2.6238888888888887	109218.81637500005	332.4666666666666	322.57499999999993
892800.0	2.948333333333333	151684.67400000003	332.85	321.07333333333327
896400.0	3.210648148148147	164971.3205	332.7916666666667	320.51666666666665
900000.0	2.9519444444444445	145576.422375	332.34999999999997	320.5466666666666
903600.0	2.5355555555555553	123547.93087500002	332.34999999999997	320.77
907200.0	2.1309722222222223	87812.23912500001	332.34999999999997	322.52166666666665
910800.0	1.893333333333333	82208.24512500002	332.34999999999997	322.01
914400.0	2.096944444444444	100029.9165	332.79999999999995	321.41999999999996
918000.0	2.3091666666666666	119122.57237500003	332.85	320.52333333333326
921600.0	2.1758333333333333	108377.01525	332.85	320.94666666666666
925200.0	2.474722222222222	130219.96012500001	332.85	320.28166666666664
928800.0	2.633888888888889	131652.846	332.6833333333333	320.775
932400.0	2.8741666666666665	149676.699375	332.4083333333333	319.99499999999995
936000.0	2.6725	143923.56825000004	332.45833333333326	319.78166666666664
939600.0	2.5433796296296296	124280.77475000001	332.45833333333326	321.0666666666666
943200.0	2.5056944444444444	121599.73006250002	332.34999999999997	320.81833333333327
946800.0	2.5574999999999997	111190.54424999999	332.34999999999997	322.2233333333333
950400.0	2.4458333333333333	100339.07175000003	332.34999999999997	322.5683333333333
954000.0	2.3891666666666667	98841.52762499999	332.34999999999997	322.5383333333333
957600.0	2.4464351851851847	105725.69375000002	332.6333333333333	322.4033333333333
961200.0	2.6897222222222217	122329.24725000001	332.7916666666667	322.0083333333333
964800.0	2.5402777777777774	108541.881	332.34999999999997	322.2216666666667
968400.0	2.516388888888889	109526.77425000002	332.34999999999997	321.9933333333333
972000.0	2.4074999999999998	95797.33537500005	332.34999999999997	322.90666666666664
975600.0	2.5025925925925927	109640.92787500001	332.6333333333333	322.2949999999999
979200.0	3.109722222222222	154914.54075000001	332.85	320.97166666666664
982800.0	3.2838888888888884	171330.55200000003	332.62499999999994	320.1866666666666
986400.0	2.5455555555555556	125717.59762500002	332.6833333333333	320.9083333333333
990000.0	2.048333333333333	92183.5995	332.85	322.17999999999995
993600.0	1.9199074074074072	87164.01750000003	332.85	322.03666666666663
997200.0	1.9738888888888886	98136.40162499998	332.85	321.04499999999996
1000800.0	1.79	71003.4075	332.5166666666666	323.0433333333333
1004400.0	2.142222222222222	90684.74175000002	332.51666666666665	322.49333333333334
1008000.0	1.9769444444444444	100640.519625	332.85	320.72833333333335
1011600.0	2.238611111111111	108404.764125	332.85	321.3516666666666
1015200.0	2.3252777777777776	110138.45850000001	332.66666666666663	321.49333333333334
1018800.0	2.520185185185185	126582.23025000002	332.34999999999997	320.4083333333333
1022400.0	2.443333333333333	122944.53525	332.34999999999997	320.40999999999997
1026000.0	2.6963888888888885	139403.72175000003	332.34999999999997	320.03333333333325
1029600.0	2.8338888888888887	138640.56375000003	332.34999999999997	320.77166666666665
1033200.0	2.9991666666666665	157308.13987500002	332.48333333333335	320.15166666666664
1036800.0	2.9952777777777775	151124.13975000003	332.85	320.8916666666666
1040400.0	3.586388888888888	193628.44125000003	332.85	319.97333333333324
1044000.0	3.455509259259259	175039.7116875	332.85	320.77166666666665
1047600.0	3.5615277777777776	190203.87318750005	332.85	320.1433333333333
1051200.0	3.657222222222222	175234.98262500003	332.3916666666666	320.935
1054800.0	3.7338888888888886	186122.109	332.8166666666666	320.95166666666665
1058400.0	3.3213888888888885	173658.19087500003	332.76666666666665	320.3083333333333
1062000.0	3.4655555555555555	167895.13200000004	332.34999999999997	320.75999999999993
1065600.0	3.3327777777777774	148864.84425	332.0	321.52
1069200.0	2.877222222222222	119152.43700000003	331.8666666666667	322.0466666666666
1072800.0	3.0321296296296296	128611.28099999996	332.04166666666663	321.9249999999999
1076400.0	2.364074074074074	116021.991125	332.2916666666667	320.59166666666664
1080000.0	1.8476388888888888	86856.978	333.01666666666665	321.825
1083600.0	1.7130555555555556	84020.71050000002	333.25	321.63666666666666
1087200.0	1.9713888888888889	100281.79537500002	333.25	321.1683333333333
1090800.0	2.041666666666666	102050.46937499999	333.4166666666667	321.4933333333333
1094400.0	2.1204629629629625	113475.937875	333.71666666666664	320.95166666666665
1098000.0	2.3705555555555553	127695.7425	333.46666666666664	320.78999999999996
1101600.0	2.4916666666666667	134638.8435	333.25	320.34666666666664
1105200.0	2.523055555555555	136990.23225	333.25	320.335
1108800.0	2.542222222222222	140174.54062500002	333.31666666666666	320.1483333333333
1112400.0	2.5191666666666666	132622.452375	333.75	321.19
1116000.0	2.6465740740740737	154939.24	333.75	319.8733333333333
1119600.0	2.5974999999999997	142225.19062500002	333.75	320.73499999999996
1123200.0	2.692824074074074	152414.6174375	333.2916666666667	319.8783333333333
1126800.0	2.6755555555555555	147375.24	333.25	320.08666666666664
1130400.0	2.482083333333333	142379.07075	333.6	319.95833333333326
1134000.0	2.6305555555555555	152473.00012500002	333.625	319.8033333333332
1137600.0	2.9461111111111107	178382.9745	333.44166666666666	319.1
1141200.0	2.3191666666666664	136172.91337499997	333.75	319.7783333333333
1144800.0	2.380833333333333	140656.25737500002	333.725	319.6716666666666
1148400.0	2.501666666666666	135058.889625	333.4166666666667	320.5733333333333
1152000.0	2.6174999999999997	152430.40612499998	333.25	319.34499999999997
1155600.0	2.399166666666667	130352.14799999999	333.25	320.29333333333324
1159200.0	1.907222222222222	93847.055625	333.25	321.5616666666666
1162800.0	1.3016666666666665	58107.39975000001	333.25	322.6699999999999
1166400.0	0.9772222222222222	39684.901874999996	333.22499999999997	323.63999999999993
1170000.0	1.1427777777777777	50928.346125	332.74999999999994	322.35333333333335
1173600.0	1.3230555555555554	61806.765375	332.7166666666667	321.6616666666667
1177200.0	1.2014351851851852	55904.382812499985	332.95	322.1016666666666
1180800.0	1.2313888888888886	63765.35699999999	332.95	320.57666666666665
1184400.0	1.3077777777777775	68416.56599999999	333.01666666666665	320.5383333333333
1188000.0	1.446111111111111	71297.54324999999	333.4583333333333	321.7683333333333
1191600.0	1.3869907407407407	73452.34937499998	333.7833333333333	321.31499999999994
1195200.0	1.583888888888889	87453.45674999997	333.45	320.7033333333333
1198800.0	1.5830555555555552	82323.63487499997	333.23333333333335	320.78166666666664
1202400.0	1.533611111111111	76878.89174999998	333.13999999999993	321.63499999999993
1206000.0	1.6055555555555554	81768.52949999999	333.5499999999999	321.46
1209600.0	1.7466666666666666	91443.47062499999	333.8916666666666	321.4549999999999
1213200.0	1.9039351851851851	103031.79374999998	333.1966666666666	320.245
1216800.0	1.7627777777777776	91263.10874999997	333.5466666666666	321.1833333333333
1220400.0	1.8102777777777777	97645.45462499998	333.09833333333336	320.2766666666666
1224000.0	1.7022222222222223	91126.77075000001	333.25	320.4283333333333
1227600.0	1.8338888888888891	92644.89112500002	333.25	321.185
1231200.0	1.7325	86149.80600000001	333.2583333333333	321.47499999999997
1234800.0	1.503888888888889	67190.535375	333.3	322.6733333333333
1238400.0	1.6480555555555556	85165.947375	333.25	321.12999999999994
1242000.0	1.3637037037037034	64448.74425	333.25	322.06499999999994
1245600.0	1.5341666666666667	73729.02825	333.25	322.16166666666663
1249200.0	1.1644444444444442	52963.755750000004	333.25	322.4816666666666
1252800.0	1.2594444444444446	55061.6265	333.2833333333333	322.9333333333333
1256400.0	1.1227777777777777	55404.657	333.45	321.66999999999996
1260000.0	1.1894444444444443	59369.188875	333.5833333333333	321.6783333333333
1263600.0	1.1516666666666666	50804.48174999999	333.38833333333326	323.0516666666666
1267200.0	1.3533333333333333	63946.33499999999	333.45	322.2066666666666
1270800.0	1.4666666666666668	73656.00000000001	333.45	321.45
1274400.0	1.4666666666666668	73656.00000000001	333.45	321.45
1278000.0	1.5227777777777778	73943.16075	333.21999999999997	321.5933333333333
1281600.0	1.7694444444444442	92370.71550000002	333.34999999999997	321.1716666666666
1285200.0	1.8491666666666666	93883.55812500001	333.34999999999997	321.40333333333325
1288800.0	1.8671296296296296	98241.59625	333.34999999999997	320.985
1292400.0	1.9691666666666667	98647.75050000004	333.34999999999997	321.4599999999999
1296000.0	2.285833333333333	117442.27162500004	333.34999999999997	321.0849999999999
1299600.0	2.3688888888888884	135790.97400000002	333.5999999999999	320.0133333333333
1303200.0	2.1338425925925923	118934.55350000001	333.84999999999997	320.53999999999996
1306800.0	2.073472222222222	115566.81037500002	334.1333333333333	320.90999999999997
1310400.0	2.158888888888889	106845.11924999999	333.0533333333332	321.2483333333333
1314000.0	2.2780555555555555	128005.63012499998	333.3666666666667	320.00499999999994
1317600.0	2.2405555555555554	126852.267375	333.65	320.21
1321200.0	2.3297222222222222	124302.38174999999	333.1666666666666	320.4833333333333
1324800.0	2.047222222222222	101020.97099999999	332.66666666666663	320.85499999999996
1328400.0	2.062222222222222	105622.11112499998	332.65	320.45833333333326
1332000.0	1.4461111111111111	61606.734	332.66666666666663	322.5566666666666
1335600.0	1.3571296296296294	64646.71799999999	333.54999999999995	322.58
1339200.0	1.3588888888888886	68675.10599999999	333.65	321.93999999999994
1342800.0	0.6619444444444444	32310.955124999993	333.65	323.6783333333333
1346400.0	1.006111111111111	44312.407499999994	333.23499999999996	322.66666666666663
1350000.0	1.6824999999999997	55878.77099999999	330.7	322.53
1353600.0	1.6172222222222221	77864.45924999999	332.5366666666667	320.8483333333333
1357200.0	1.5333333333333332	80854.19999999995	332.95	320.34999999999997
1360800.0	1.5333333333333332	80854.19999999995	332.95	320.34999999999997
1364400.0	1.283611111111111	65992.63725	333.135	320.8366666666666
1368000.0	1.5755555555555554	79806.99674999999	333.48333333333335	321.59999999999997
1371600.0	1.4233333333333331	79992.07837499998	333.8	320.59666666666664
1375200.0	1.4533333333333334	77369.65275	334.24999999999994	321.54833333333335
1378800.0	1.8293055555555553	110148.19443749999	333.59666666666664	319.2816666666666
1382400.0	1.8408333333333333	108174.263625	333.9083333333333	319.9599999999999
1386000.0	1.7144444444444442	102038.914125	333.84999999999997	319.9183333333333
1389600.0	2.078611111111111	124918.42537500002	333.84999999999997	319.6583333333333
1393200.0	1.9611111111111108	112905.62700000001	333.84999999999997	320.24666666666667
1396800.0	1.9630555555555553	110183.30775000002	333.84999999999997	320.62833333333333
1400400.0	1.9505555555555554	105690.87300000002	333.84999999999997	320.9
1404000.0	1.8805555555555553	98829.29812500002	333.39166666666665	320.92333333333335
1407600.0	1.745277777777778	90394.34925000001	333.34999999999997	321.0799999999999
1411200.0	1.8213888888888887	91965.898125	333.34999999999997	321.52166666666665
1414800.0	1.708333333333333	84966.29962500001	333.34999999999997	321.585
1418400.0	1.6874999999999996	84912.522375	333.34999999999997	321.41999999999996
1422000.0	1.5494444444444442	73190.3955	333.34999999999997	322.16999999999996
1425600.0	1.35	66954.606	333.34999999999997	321.59333333333336
1429200.0	1.2408333333333332	60913.23300000001	333.34999999999997	322.09000000000003
1432800.0	1.134722222222222	56030.36099999998	333.75	322.2316666666667
1436400.0	1.2669444444444444	64082.11499999999	333.82499999999993	321.765
1440000.0	2.795740740740741	147390.31762500003	332.47833333333335	319.56999999999994
1443600.0	2.501666666666667	129248.575125	333.21666666666664	320.91499999999996
1447200.0	1.9968981481481483	114518.092	333.3833333333333	319.7883333333333
1450800.0	1.743611111111111	90705.097125	333.69166666666666	321.22999999999996
1454400.0	1.6574999999999998	78952.55924999999	333.25	322.05999999999995
1458000.0	1.7626851851851852	83865.877125	333.25	322.15999999999997
1461600.0	1.9730555555555553	99620.92575	333.25	321.3383333333333
1465200.0	2.0499537037037037	113243.64906249999	333.29999999999995	320.07666666666665
1468800.0	2.4463888888888885	142466.30475	333.75	319.96
1472400.0	2.179444444444444	115951.26075	333.75	321.10833333333323
1476000.0	2.3594444444444442	140963.971125	334.07499999999993	320.0133333333333
1479600.0	2.5327777777777776	165931.7625	334.24999999999994	318.59999999999997
1483200.0	3.5553240740740737	168399.47293750002	332.1766666666667	320.71833333333325
1486800.0	3.011111111111111	158407.86487499997	332.6666666666666	320.14166666666665
1490400.0	2.8547222222222217	162250.090125	333.225	319.65333333333325
1494000.0	3.035555555555555	176898.15975	333.3333333333333	319.5183333333333
1497600.0	2.9527777777777775	161571.88762500003	333.75	320.68333333333334
1501200.0	2.6526388888888883	153093.69375	333.75	319.99499999999995
1504800.0	2.097777777777778	104678.1495	333.475	321.6633333333333
1508400.0	1.9697222222222222	105873.94350000002	333.29999999999995	320.6583333333333
1512000.0	2.041018518518518	113697.301125	333.75	320.5433333333333
1515600.0	1.9305555555555554	105300.73799999998	333.43333333333334	320.405
1519200.0	1.8102777777777774	95158.32075	333.25	320.73833333333323
1522800.0	1.536851851851852	73102.475625	333.25	321.9466666666666
1526400.0	1.8672222222222217	99295.70474999996	333.25	320.58166666666665
1530000.0	1.9155555555555552	102360.81037499999	333.25	320.5183333333333
1533600.0	1.783611111111111	92180.91412500001	333.25	321.04166666666663
1537200.0	1.924722222222222	92246.92087499998	333.25	322.315
1540800.0	2.3545833333333333	133633.82737500002	333.25	319.705
1544400.0	2.5425	140272.748625	333.25	320.05499999999995
1548000.0	2.706666666666667	147981.11175	333.25	320.17999999999995
1551600.0	2.918611111111111	167004.715125	333.6166666666667	320.0816666666667
1555200.0	2.9286111111111106	163673.52487499997	333.75	320.39
1558800.0	2.8839351851851847	159049.189	333.75	320.63666666666666
1562400.0	2.8280555555555553	157990.411125	333.75	320.4366666666666
1566000.0	3.0774999999999997	184916.32912500002	333.75	319.4799999999999
1569600.0	2.819444444444444	147030.024	333.75	321.2966666666666
1573200.0	3.071111111111111	171335.23687500003	333.75	320.4366666666666
1576800.0	2.9396296296296294	167680.267125	333.53333333333336	319.9133333333333
1580400.0	3.036111111111111	168869.76037499998	333.68333333333334	320.4733333333333
1584000.0	2.910277777777777	168239.75512499997	333.75	319.93666666666667
1587600.0	2.325833333333333	120265.13549999997	333.71666666666664	321.39166666666665
1591200.0	2.0949999999999998	110292.664125	333.25	320.9966666666666
1594800.0	2.215	122242.269	333.6166666666667	320.4099999999999
1598400.0	1.728888888888889	86623.82699999999	333.6166666666667	321.63166666666666
1602000.0	2.2530555555555556	122948.56912500001	333.25	320.4083333333333
1605600.0	1.9511111111111108	106602.42412500002	333.25	320.27
1609200.0	1.7988888888888888	87254.6925	333.25	321.815
1612800.0	2.145277777777778	116802.15262500002	333.25	320.2416666666667
1616400.0	1.940833333333333	101814.528375	333.34166666666664	321.19
1620000.0	2.118888888888889	123823.33875	333.43333333333334	319.50833333333327
1623600.0	2.2516203703703703	122416.1848125	333.25	320.265
1627200.0	2.933611111111111	178096.26712499998	333.325	319.00999999999993
1630800.0	2.4302777777777775	130913.99587500004	333.4	320.63333333333327
1634400.0	2.5675	123213.27037500002	332.8499999999999	321.39666666666665
1638000.0	2.7041666666666666	146883.06075	332.85833333333335	320.01166666666666
1641600.0	2.5282870370370367	129028.17093749999	333.25	321.12166666666667
1645200.0	2.7030555555555553	151454.70824999997	333.575	320.37333333333333
1648800.0	2.880555555555555	176066.402625	333.75	319.155
1652400.0	2.5655555555555556	146401.49512500002	333.75	320.1083333333333
1656000.0	2.808333333333333	153344.526375	333.65833333333336	320.66499999999996
1659600.0	3.161666666666666	181826.7645	333.25	319.5866666666667
1663200.0	3.0841666666666665	166967.515125	333.1166666666666	320.19333333333327
1666800.0	2.8369444444444443	142607.08349999998	332.74999999999994	320.77833333333325
1670400.0	3.119999999999999	158351.623125	332.4083333333333	320.2683333333333
1674000.0	2.952222222222222	144048.8625	331.8283333333333	320.27
1677600.0	3.2380555555555555	157188.55349999998	331.60833333333323	320.0566666666667
1681200.0	2.9716666666666667	136339.37175	331.9083333333333	320.96
1684800.0	2.881388888888889	134221.08749999997	332.15	321.0766666666666
1688400.0	2.242222222222222	103509.95324999998	332.3666666666666	321.3866666666666
1692000.0	2.081111111111111	107384.86799999999	333.0083333333333	320.7149999999999
1695600.0	1.9538888888888886	110035.69349999998	333.65	320.1766666666666
1699200.0	2.8027777777777776	131969.37149999998	332.05999999999995	320.5133333333333
1702800.0	2.282222222222222	117674.27174999999	333.1083333333333	320.7866666666667
1706400.0	2.2961111111111108	131570.878125	333.5499999999999	319.88333333333327
1710000.0	2.2327777777777778	125617.13437499994	333.5499999999999	320.3433333333333
1713600.0	2.0604166666666663	105286.5031875	333.5499999999999	321.3666666666667
1717200.0	2.410833333333333	129865.25812499996	333.5499999999999	320.68833333333333
1720800.0	2.8444444444444446	169684.90537499994	333.5499999999999	319.3749999999999
1724400.0	2.528611111111111	146222.35387499997	333.5499999999999	319.76833333333326
1728000.0	2.339722222222222	127285.04287499997	333.5499999999999	320.66499999999996
1731600.0	2.739027777777778	149359.59843749998	333.5499999999999	320.5333333333333
1735200.0	2.5541666666666667	135919.837125	333.5499999999999	321.30999999999995
1738800.0	2.517777777777778	142047.43274999995	333.5499999999999	320.14666666666665
1742400.0	2.520277777777778	138635.878875	333.5499999999999	320.3949999999999
1746000.0	2.5813888888888887	151164.525	333.5499999999999	319.685
1749600.0	2.7205555555555554	157667.15475	333.5499999999999	319.85499999999996
1753200.0	2.464444444444444	131076.71099999998	333.4749999999999	320.78
1756800.0	2.4103703703703703	124929.30249999998	333.0833333333333	320.76666666666665
1760400.0	2.2606018518518516	120587.93268749997	333.5499999999999	320.96333333333325
1764000.0	1.8900000000000001	98959.91662499998	333.5499999999999	321.5783333333333
1767600.0	1.8152777777777778	97256.00549999997	333.5499999999999	320.9516666666666
1771200.0	1.8813888888888888	96796.38787499999	333.5499999999999	321.35499999999996
1774800.0	1.8258333333333332	89312.22449999998	333.21833333333325	321.49499999999995
1778400.0	1.8497222222222223	62239.95937499998	331.06999999999994	322.955
1782000.0	2.049166666666667	88557.006375	331.36333333333334	320.9466666666666
1785600.0	2.2822222222222224	90496.93987500001	331.54499999999996	322.1099999999999
1789200.0	1.9874999999999998	92910.33637500001	332.6633333333333	321.69999999999993
1792800.0	1.9841666666666664	103763.87812499999	333.35999999999996	320.805
1796400.0	2.18	103429.61287499996	332.885	321.5666666666666
1800000.0	1.7930555555555554	84370.71599999997	333.45	322.265
1803600.0	2.05	106836.07499999997	333.65	321.48333333333335
1807200.0	2.0174999999999996	115080.153	333.9833333333333	320.55499999999995
1810800.0	1.7152777777777777	89574.147375	333.34999999999997	320.8983333333333
1814400.0	2.0441666666666665	110213.57925	333.4116666666666	320.69333333333327
1818000.0	2.0535648148148145	96526.65493749999	332.7699999999999	321.69999999999993
1821600.0	2.3413888888888885	124479.26774999998	332.575	319.95333333333326
1825200.0	2.6200925925925924	141433.16000000003	332.4583333333333	319.66833333333324
1828800.0	2.56287037037037	127766.74799999999	332.25	320.5733333333333
1832400.0	2.221111111111111	102464.7495	331.9	321.0083333333333
1836000.0	2.0505555555555555	113140.63799999999	333.4099999999999	320.2516666666666
1839600.0	2.063611111111111	110355.19499999998	333.5499999999999	320.81999999999994
1843200.0	1.8074999999999999	91656.75449999998	333.5499999999999	321.6583333333333
1846800.0	1.5619444444444446	86893.93387499999	333.82	320.5383333333333
1850400.0	1.4833333333333334	80770.720875	333.8616666666666	321.5583333333333
1854000.0	1.5762499999999997	77908.26224999997	333.4249999999999	321.75999999999993
1857600.0	1.5969444444444445	77817.23849999999	333.0666666666666	321.4049999999999
1861200.0	1.0625	42378.879375	333.04999999999995	323.5833333333333
1864800.0	0.8833333333333331	32161.724999999984	333.04999999999995	324.34999999999997
1868400.0	0.8833333333333331	32161.724999999984	333.04999999999995	324.34999999999997
1872000.0	1.325	61474.89681249999	333.04999999999995	322.045
1875600.0	1.5647222222222221	77192.24362499997	333.04999999999995	321.4133333333333
1879200.0	1.5105555555555554	71771.77349999998	332.7216666666666	321.31833333333327
1882800.0	1.633333333333333	66987.89999999998	331.54999999999995	321.75
1886400.0	1.633333333333333	66987.89999999998	331.54999999999995	321.75
1890000.0	1.6349999999999998	73093.4895	332.15666666666664	321.51666666666665
1893600.0	1.48	67570.61474999996	333.26333333333326	322.62
1897200.0	1.560833333333333	66837.33299999998	332.24833333333333	322.28
1900800.0	1.8925	91996.29749999999	332.46666666666664	320.84999999999997
1904400.0	1.8080555555555553	89127.910125	332.56666666666666	320.80499999999995
1908000.0	2.0552777777777775	96342.958625	332.65833333333325	321.51499999999993
1911600.0	1.899444444444444	90148.37587500001	332.74999999999994	321.495
1915200.0	1.8816666666666664	90684.62550000001	332.74999999999994	321.385
1918800.0	1.6619444444444442	70915.96425	332.74999999999994	322.69499999999994
1922400.0	1.5691666666666664	69234.94275000002	332.74999999999994	322.32
1926000.0	1.705833333333333	76316.21849999999	332.08833333333325	321.63833333333326
1929600.0	1.4441666666666668	63690.5385	333.46166666666664	322.82833333333326
1933200.0	1.3677777777777775	58504.23075	332.145	321.84
1936800.0	1.605833333333333	64156.247624999996	331.37499999999994	321.905
1940400.0	1.1955555555555555	44952.7125	332.17999999999995	323.2566666666666
1944000.0	1.0108333333333333	41566.291874999995	332.32333333333327	322.6916666666666
1947600.0	0.9036111111111111	37892.652375	333.2899999999999	323.46666666666664
1951200.0	1.1505555555555556	49973.364	333.13333333333327	323.1083333333333
1954800.0	1.1783333333333332	59076.3435	332.65	320.62666666666667
1958400.0	1.2241666666666666	51838.28137499999	332.65	323.0633333333333
1962000.0	0.9213888888888888	35265.80925	332.8066666666666	323.87499999999994
1965600.0	1.2660185185185187	59431.26056250002	332.85	322.27666666666664
1969200.0	1.0274999999999999	40100.007375000016	332.5583333333333	323.22666666666663
1972800.0	1.2467592592592593	61728.71899999998	332.93833333333333	321.29833333333335
1976400.0	1.5229166666666665	73190.79075	332.89666666666665	321.4366666666666
1980000.0	1.2049999999999998	60696.79874999999	333.4383333333333	321.42833333333334
1983600.0	1.4558796296296297	66588.961	332.63	321.68499999999995
1987200.0	1.4477777777777778	68877.136875	333.34999999999997	322.1533333333333
1990800.0	1.633333333333333	82410.369	333.34999999999997	321.3333333333333
1994400.0	1.5899999999999999	76016.59575	333.34999999999997	322.16833333333335
1998000.0	1.7069444444444444	94002.70275000003	333.34999999999997	320.25999999999993
2001600.0	1.8827777777777777	101833.918875	333.34999999999997	320.435
2005200.0	1.7716666666666667	94796.07412500001	333.34999999999997	320.67499999999995
2008800.0	1.6577777777777776	79811.92575000001	333.34999999999997	321.9633333333333
2012400.0	1.5391666666666663	68257.687125	333.18999999999994	322.4416666666666
2016000.0	2.0625	108016.37287500003	333.26	320.7716666666666
2019600.0	1.7905555555555552	97704.87000000001	333.34999999999997	320.46999999999997
2023200.0	1.4973611111111111	83072.78475000002	333.34999999999997	320.11666666666656
2026800.0	1.519722222222222	78059.212875	333.34999999999997	321.11499999999995
2030400.0	1.6912499999999997	94628.52300000002	333.34999999999997	320.1316666666666
2034000.0	1.9823611111111108	110790.21993750002	333.34999999999997	320.05999999999995
2037600.0	1.5786111111111112	74702.00587500002	333.34999999999997	322.08333333333326
2041200.0	1.5191666666666666	71024.86725000001	333.34999999999997	322.23333333333335
2044800.0	1.6363888888888884	91336.38112500001	333.34999999999997	320.065
2048400.0	1.682222222222222	80409.47400000002	333.34999999999997	322.1833333333333
2052000.0	1.7405555555555554	105041.54699999999	333.34999999999997	319.16666666666663
2055600.0	1.4158333333333333	60266.82487499999	333.22333333333336	323.165
2059200.0	1.2155555555555555	49299.834749999995	332.99333333333334	323.35
2062800.0	1.4377777777777776	63133.328999999976	333.24166666666656	322.86333333333334
2066400.0	1.5966666666666667	81113.22824999999	333.1499999999999	321.2033333333333
2070000.0	1.616111111111111	83155.58962499998	333.185	321.00999999999993
2073600.0	1.8574999999999997	88292.78175000001	332.5516666666666	321.2666666666666
2077200.0	2.1094444444444442	121628.02724999996	333.36666666666656	319.6633333333333
2080800.0	2.0725925925925925	109083.35799999998	333.5499999999999	320.97833333333335
2084400.0	2.2377777777777776	124565.07187499998	333.5499999999999	320.27333333333326
2088000.0	2.170833333333333	121847.01899999999	333.43833333333333	320.2733333333333
2091600.0	2.1486111111111112	117726.223875	333.25	320.255
2095200.0	1.884212962962963	100807.82275	333.25	320.52833333333325
2098800.0	1.6641666666666666	80399.092875	333.25	321.72166666666664
2102400.0	2.0152777777777775	100807.454625	333.25	321.3433333333333
2106000.0	1.8033333333333332	89312.25937500001	333.25	321.695
2109600.0	1.4277777777777776	64852.17825	332.9833333333333	322.20666666666665
2113200.0	1.3424999999999998	57249.42825	332.74999999999994	322.63666666666666
2116800.0	0.9594444444444444	36985.25137500001	332.74999999999994	323.78999999999996
2120400.0	1.3799999999999997	59377.919250000006	332.3266666666666	322.16999999999996
2124000.0	1.4808333333333332	69582.75112500001	332.97666666666663	321.88666666666666
2127600.0	1.2636111111111112	50208.967875	332.0516666666666	322.8683333333333
2131200.0	1.533611111111111	74875.98562499999	333.21666666666664	321.7933333333333
2134800.0	1.4274999999999998	71797.499625	333.25	321.28166666666664
2138400.0	1.5655555555555554	74273.148	333.25	321.9866666666666
2142000.0	1.7233333333333334	87731.73600000002	333.25	321.3499999999999
2145600.0	1.5733333333333333	80859.80325	332.7749999999999	320.48499999999996
2149200.0	1.9822222222222219	99977.13899999998	333.00833333333327	320.9216666666666
2152800.0	1.5800000000000003	82297.9785	333.51666666666654	321.1816666666666
2156400.0	1.5723148148148147	68794.51412499997	333.5499999999999	323.18499999999995
2160000.0	2.0060185185185184	118545.13149999997	333.5499999999999	319.7333333333333
2163600.0	2.3719444444444444	130762.83599999998	333.5499999999999	320.46166666666664
2167200.0	2.287777777777778	129055.54199999996	333.5499999999999	320.1466666666666
2170800.0	2.3691666666666666	129202.05187499996	333.5499999999999	320.59999999999997
2174400.0	2.406574074074074	138817.29862499997	333.5499999999999	319.8133333333333
2178000.0	2.456111111111111	132982.02524999998	333.5499999999999	320.6533333333333
2181600.0	2.4725	135277.64887499998	333.655	320.61499999999995
2185200.0	2.6774999999999993	140712.52237499994	332.69333333333327	319.96166666666664
2188800.0	1.9352777777777777	102242.16562500002	333.66666666666663	321.12166666666667
2192400.0	1.8441666666666663	95150.532	333.75	321.4683333333333
2196000.0	2.188888888888889	117818.59612500001	333.275	320.59
2199600.0	2.096435185185185	107435.57043749998	333.2433333333333	321.0799999999999
2203200.0	2.593888888888889	147476.23799999998	333.68999999999994	320.19666666666666
2206800.0	2.359074074074074	145420.10099999997	333.93333333333334	319.40999999999997
2210400.0	1.7638888888888886	103320.48899999999	333.89	320.03999999999996
2214000.0	1.4113888888888888	62420.70487500001	332.8166666666666	322.40999999999997
2217600.0	1.678888888888889	99430.12462499998	333.14	319.2249999999999
2221200.0	1.7516666666666667	91905.20399999997	333.06666666666666	320.64333333333326
2224800.0	1.7257407407407408	88669.00549999998	333.23	320.94999999999993
2228400.0	1.3772222222222221	63794.97749999999	333.00499999999994	322.28999999999996
2232000.0	1.565185185185185	72742.178125	333.19999999999993	322.0716666666666
2235600.0	1.8496759259259257	97251.17724999998	332.9183333333333	320.3683333333333
2239200.0	2.0030555555555556	94014.69975	332.375	321.1483333333333
2242800.0	2.3177777777777773	125787.13837499998	332.4083333333333	319.57666666666665
2246400.0	1.8937037037037032	86182.294	332.7	321.99666666666667
2250000.0	2.032222222222222	122843.1885	333.66666666666663	319.2966666666666
2253600.0	1.9005555555555556	111456.036	334.49999999999994	320.68666666666667
2257200.0	2.3044444444444445	124549.22700000001	333.8133333333333	320.8833333333333
2260800.0	2.2027777777777775	128292.47700000003	334.58333333333326	320.7333333333333
2264400.0	1.9566666666666666	106076.17200000002	334.45	321.5333333333333
2268000.0	2.135	116827.29750000002	334.48333333333335	321.72666666666663
2271600.0	2.2294444444444443	123936.21750000001	334.1833333333333	321.0233333333333
2275200.0	2.6077777777777778	158332.68600000002	333.76666666666665	319.23999999999995
2278800.0	2.194166666666667	109098.33487500002	332.6733333333333	320.86833333333334
2282400.0	2.6552777777777776	125149.96050000002	332.14166666666665	321.0
2286000.0	1.856111111111111	90690.69375	332.4	320.94833333333327
2289600.0	1.456111111111111	67050.024	333.1333333333333	322.17333333333335
2293200.0	1.3394444444444442	68850.5505	333.99999999999994	321.7433333333333
2296800.0	1.340277777777778	60207.583875000004	333.62	322.90166666666664
2300400.0	1.6383333333333334	60025.478250000015	331.31666666666666	322.58333333333337
2304000.0	1.6066666666666665	81754.068	333.1166666666667	321.1783333333333
2307600.0	1.541111111111111	79938.5685	333.4483333333333	321.34000000000003
2311200.0	1.3875	80118.96525	334.04999999999995	320.25333333333333
2314800.0	1.4100000000000001	64019.66549999999	333.56666666666655	323.01166666666666
2318400.0	1.3336111111111109	59768.72849999998	333.3083333333333	322.6083333333333
2322000.0	1.4452777777777777	76947.746625	333.12499999999994	320.95833333333326
2325600.0	1.4502777777777776	69117.472125	333.5499999999999	322.255
2329200.0	1.708333333333333	87367.68749999999	333.49999999999994	321.4699999999999
2332800.0	2.2427777777777775	118939.65299999996	332.95	320.6133333333333
2336400.0	2.491111111111111	136507.00424999994	333.1583333333333	320.05499999999995
2340000.0	2.227222222222222	120159.33637499998	333.1516666666666	320.24499999999995
2343600.0	2.111944444444444	108925.23862499998	333.1499999999999	320.88166666666666
2347200.0	2.1611111111111105	112088.20349999997	333.1499999999999	320.7983333333333
2350800.0	1.9716666666666662	96437.05912499997	333.1499999999999	321.5566666666666
2354400.0	2.1205555555555557	109937.869125	333.1499999999999	320.815
2358000.0	2.047824074074074	109780.2399375	333.73999999999995	321.02166666666665
2361600.0	1.7369444444444442	96847.95637499998	334.24999999999994	320.895
2365200.0	1.5155555555555555	85176.06112500001	334.22999999999996	320.90833333333325
2368800.0	1.6779166666666665	76878.4965	332.5466666666666	321.5349999999999
2372400.0	1.3830555555555555	60105.12112499999	332.84	322.50333333333333
2376000.0	1.2655555555555555	54322.32299999999	333.21666666666664	322.9
2379600.0	1.988611111111111	91476.72975000001	332.03499999999997	320.9049999999999
2383200.0	1.8463888888888889	97358.9565	333.1833333333333	320.6066666666667
2386800.0	1.7335648148148148	92846.38143749996	333.5499999999999	320.7583333333333
2390400.0	1.8847222222222222	106089.88949999999	333.5499999999999	320.33666666666664
2394000.0	1.8899999999999997	104617.188	333.5499999999999	320.4216666666666
2397600.0	1.8524999999999998	96126.64837499999	333.5499999999999	321.1583333333333
2401200.0	1.8552777777777778	96834.34349999997	333.5499999999999	321.15333333333336
2404800.0	2.2057407407407403	131989.59512499996	333.5499999999999	319.2466666666666
2408400.0	2.2609259259259256	120029.11893749997	333.5499999999999	320.91166666666663
2412000.0	2.430555555555556	147048.08925	333.5499999999999	319.2333333333333
2415600.0	2.4866666666666664	152575.044375	333.5499999999999	318.97166666666664
2419200.0	2.247222222222222	119474.49599999998	333.5499999999999	321.1166666666666
2422800.0	2.361388888888889	136650.79387499997	333.46333333333325	319.69
2426400.0	2.533888888888889	141645.18449999997	333.475	320.12999999999994
2430000.0	2.4658333333333333	141109.45799999998	333.8666666666666	320.21999999999997
2433600.0	2.612175925925926	146660.12618749996	333.45	320.03999999999996
2437200.0	2.6377777777777776	156679.84349999996	333.45	319.2799999999999
2440800.0	2.3658333333333332	128855.97562499999	333.45	320.4283333333333
2444400.0	2.2247222222222223	115760.04112499996	333.43	321.36499999999995
2448000.0	2.4975	129378.07762500003	332.85	320.77166666666665
2451600.0	2.326388888888889	122075.58975000003	332.5666666666666	320.08666666666664
2455200.0	1.8127777777777776	86162.814375	332.9083333333333	321.6933333333333
2458800.0	1.468888888888889	66376.30875000001	333.34999999999997	322.59499999999997
2462400.0	1.5138888888888888	70570.108875	333.34999999999997	322.27166666666665
2466000.0	1.642222222222222	80666.142375	333.34999999999997	321.68999999999994
2469600.0	1.7666666666666666	99815.81887500001	333.34999999999997	319.88666666666666
2473200.0	1.766111111111111	91439.62275000001	333.34999999999997	321.0083333333333
2476800.0	1.705	89265.96862500001	333.34999999999997	321.005
2480400.0	1.801111111111111	103445.39962500002	333.34999999999997	319.65666666666664
2484000.0	1.875	107479.460625	333.575	319.92
2487600.0	2.0418518518518516	113885.97875000001	333.34999999999997	320.0433333333333
2491200.0	1.7388888888888887	90603.64575000001	333.34999999999997	321.00666666666666
2494800.0	2.2505555555555556	129093.381375	333.34999999999997	319.65666666666664
2498400.0	2.256944444444444	133947.55125	333.34999999999997	319.24333333333334
2502000.0	2.2811111111111106	130553.307	333.58333333333326	319.91666666666663
2505600.0	2.1916666666666664	122749.21200000001	333.72999999999996	320.4166666666666
2509200.0	2.326111111111111	119392.098	333.5333333333333	321.28999999999996
2512800.0	2.394444444444444	141453.465	334.24999999999994	320.3066666666666
2516400.0	2.1277777777777778	119382.56550000003	334.24999999999994	320.93999999999994
2520000.0	2.035833333333333	108876.69262500001	334.24999999999994	321.5333333333333
2523600.0	2.1288888888888886	131969.92949999997	334.24999999999994	319.5666666666666
2527200.0	2.243888888888889	133890.972375	334.24999999999994	320.05499999999995
2530800.0	2.13	108635.09025000001	333.06833333333327	320.94333333333327
2534400.0	2.402222222222222	112069.59187500001	332.0566666666666	321.0533333333333
2538000.0	2.520555555555555	136142.64187499997	332.7666666666666	320.0249999999999
2541600.0	1.5909259259259256	74534.292	333.13333333333327	322.28666666666663
2545200.0	1.6191666666666666	77105.614125	332.5383333333333	321.21666666666664
2548800.0	1.3502777777777777	60226.28849999997	332.93333333333334	322.59666666666664
2552400.0	0.9308333333333334	43058.430375	333.35999999999996	322.2433333333333
2556000.0	1.381111111111111	72739.57800000001	334.01833333333326	321.8583333333333
2559600.0	1.3875	71448.703125	334.00833333333327	321.6683333333333
2563200.0	1.223888888888889	67104.61500000002	334.24999999999994	321.61999999999995
2566800.0	1.4602777777777778	74002.76212500001	333.27166666666665	320.85999999999996
2570400.0	2.0161111111111105	102202.53599999998	333.21666666666664	321.12999999999994
2574000.0	2.05	106382.69999999998	333.45	321.04999999999995
2577600.0	2.05	106382.69999999998	333.45	321.04999999999995
2581200.0	1.6845370370370367	99020.451875	334.22333333333324	320.0833333333333
2584800.0	1.5243518518518517	84057.957	334.2383333333333	321.155
