#1
double tab1(718,4)
# Date
# m_sec
# SSNEXIECH4CTPRET__MSEC
# SSNEXIECH4CTPDEP__MSEC
3600.0	11.148938104210435	326.30999999999995	329.43666666666667
7200.0	10.689330931637771	326.13166666666666	329.6166666666666
10800.0	11.489259370483138	326.1183333333333	329.6866666666666
14400.0	11.145858156649481	325.97666666666663	329.5866666666666
18000.0	11.233299617145905	326.0283333333333	329.82833333333326
21600.0	10.961620060855633	325.51	329.99499999999995
25200.0	10.515036080892862	325.41999999999996	329.83833333333325
28800.0	11.176794045973	325.5933333333333	329.81499999999994
32400.0	11.152337513929126	325.495	329.97166666666664
36000.0	11.362507676412623	325.81333333333333	330.12999999999994
39600.0	10.90358871908612	325.5116666666666	329.9083333333333
43200.0	10.263149871035761	325.325	330.00833333333327
46800.0	10.990480015653729	325.74	330.0533333333333
50400.0	11.032355177866759	325.6533333333333	329.8683333333333
54000.0	10.212400619986436	325.4866666666666	329.93999999999994
57600.0	11.673347344488327	325.88	330.0233333333333
61200.0	11.060290159800422	325.5633333333333	330.00666666666666
64800.0	11.329618918083249	325.1533333333333	330.28499999999997
68400.0	10.982725165473715	325.24333333333334	330.10166666666663
72000.0	10.5036682708093	325.56999999999994	329.91999999999996
75600.0	11.028719160772896	325.42833333333334	329.97499999999997
79200.0	11.02407776751262	325.3499999999999	330.0133333333333
82800.0	11.07484338437578	325.6366666666666	329.69999999999993
86400.0	11.292740302373252	325.965	329.76
90000.0	11.246179013066698	326.13666666666666	329.54333333333324
93600.0	11.144518497226235	325.99333333333334	329.705
97200.0	11.394937419333063	325.98999999999995	329.71999999999997
100800.0	11.376433991645388	325.985	329.7466666666666
104400.0	10.908945659571211	325.80999999999995	329.75333333333333
108000.0	11.204164725735845	325.27166666666665	330.04499999999996
111600.0	11.267769521504682	325.1683333333333	330.12833333333333
115200.0	11.26658222214466	325.21	330.09166666666664
118800.0	11.00849810083051	325.3883333333333	330.00333333333333
122400.0	11.225183792689958	325.4233333333333	330.015
126000.0	11.126217152036697	325.62499999999994	329.96999999999997
129600.0	11.344683010423166	325.67833333333334	329.78499999999997
133200.0	11.277095485660276	325.585	329.89666666666665
136800.0	11.120817563943577	325.76166666666666	329.745
140400.0	11.077766471366449	325.67499999999995	329.96999999999997
144000.0	11.46307747256018	325.8299999999999	329.865
147600.0	11.176282503393399	325.61833333333334	329.9516666666666
151200.0	11.696798417430623	325.3433333333333	329.98999999999995
154800.0	10.57365961745996	325.26166666666666	329.8216666666666
158400.0	10.713631419120922	325.885	329.6883333333333
162000.0	11.15793805712426	325.84999999999997	329.7216666666666
165600.0	12.051098077021587	326.16999999999996	329.6383333333333
169200.0	12.112035935484872	326.3683333333333	329.56666666666666
172800.0	10.572105347325122	326.2366666666666	329.45666666666665
176400.0	11.122208707211227	326.46	329.1633333333333
180000.0	11.08347856892527	326.5133333333333	329.3283333333333
183600.0	11.011582117780971	326.46999999999997	329.37833333333333
187200.0	11.023469807611908	326.53833333333336	329.4783333333333
190800.0	10.824899874886464	326.25333333333333	329.40166666666664
194400.0	10.956326030164682	325.71	329.91999999999996
198000.0	11.243910969738177	325.8616666666667	329.93
201600.0	10.63750390290415	325.42499999999995	330.01
205200.0	10.678317476894488	325.3933333333333	329.92666666666656
208800.0	11.1334063005447	325.7466666666666	329.9216666666667
212400.0	10.053766792528231	325.5033333333333	329.84499999999997
216000.0	10.80355935515491	325.7216666666666	329.96999999999997
219600.0	10.388600902779832	325.9833333333333	329.7149999999999
223200.0	10.53419918892954	325.9866666666667	329.50666666666666
226800.0	10.992928026582227	326.1566666666666	329.645
230400.0	10.599694861831228	326.0899999999999	329.6416666666666
234000.0	10.429476243468105	325.4466666666666	329.77166666666665
237600.0	10.848933227123151	325.36499999999995	329.94499999999994
241200.0	10.671848435727467	325.51666666666665	330.2016666666666
244800.0	11.064476341829142	325.65166666666664	329.8983333333333
248400.0	10.8156720107289	325.375	329.96
252000.0	11.621288660329125	325.9383333333333	329.8683333333333
255600.0	10.663542842670465	325.95666666666665	329.635
259200.0	10.666777237085018	326.3633333333333	329.4266666666666
262800.0	10.6584106848669	326.34333333333325	329.38166666666655
266400.0	10.494604161092361	326.30499999999995	329.25166666666667
270000.0	11.189796916972139	326.24833333333333	329.52166666666665
273600.0	11.317238753166784	326.40166666666664	329.5516666666667
277200.0	10.42896179603128	326.19499999999994	329.56666666666666
280800.0	10.864016643257935	325.65999999999997	329.7983333333333
284400.0	11.114478714034856	325.68999999999994	329.7316666666666
288000.0	11.468457162658702	325.615	329.84999999999997
291600.0	11.76108673979526	325.44833333333327	330.07833333333326
295200.0	11.26822794184356	325.4133333333333	330.0033333333333
298800.0	11.38164719909089	325.59999999999997	330.0466666666666
302400.0	10.617676939458992	325.5166666666666	329.87499999999994
306000.0	11.384737198586517	325.85166666666663	330.1183333333333
309600.0	11.262144705596018	325.79999999999995	329.7049999999999
313200.0	11.199723760529185	325.6916666666666	329.8333333333333
316800.0	11.093066909679163	325.3283333333333	329.84833333333324
320400.0	11.175695060022285	325.715	329.88999999999993
324000.0	11.068252859419605	325.24499999999995	330.1316666666666
327600.0	11.044698896552001	325.21166666666664	330.1183333333333
331200.0	10.5794551936208	325.77166666666665	329.9049999999999
334800.0	11.545632305238009	325.92499999999995	330.01
338400.0	11.1639437609046	325.8349999999999	329.88166666666666
342000.0	11.032076357195317	326.0566666666666	329.72166666666664
345600.0	10.858137225019508	326.1449999999999	329.6116666666666
349200.0	11.111280921888318	326.2283333333333	329.58
352800.0	10.863345217696507	325.9316666666666	329.61999999999995
356400.0	10.76036406420706	325.8766666666666	329.5616666666666
360000.0	11.177760972469711	325.9533333333333	329.62999999999994
363600.0	11.530170725598248	325.9649999999999	329.8533333333333
367200.0	11.25501097002346	325.4616666666666	330.05333333333334
370800.0	11.08845464162393	325.53499999999997	329.9599999999999
374400.0	10.890862745527828	325.37666666666667	330.0083333333333
378000.0	11.131280193236725	325.35	329.95
381600.0	11.131280193236725	325.35	329.95
385200.0	10.511808162197816	325.19833333333327	330.09666666666664
388800.0	11.694328332253889	325.42999999999995	330.23999999999995
392400.0	10.127247717939614	325.43999999999994	329.9916666666667
396000.0	10.251566346399906	325.69999999999993	329.7383333333333
399600.0	10.568662816769796	325.88333333333327	329.7883333333333
403200.0	10.830200812020559	325.8349999999999	329.93999999999994
406800.0	10.359324469048767	325.1783333333333	329.5183333333333
410400.0	11.158185796378422	324.72833333333324	330.46666666666664
414000.0	10.707353748454647	324.96833333333325	330.33166666666665
417600.0	10.74308093191733	325.4633333333333	330.27166666666665
421200.0	10.998580176295372	325.4583333333333	330.0833333333333
424800.0	11.07471265077053	325.7933333333333	329.69666666666666
428400.0	12.069165604631333	326.27166666666665	329.56
432000.0	11.257771260604034	326.17999999999995	329.5366666666667
435600.0	11.512740123673364	326.4033333333333	329.4783333333333
439200.0	11.019793740580992	326.2049999999999	329.525
442800.0	11.15578586341762	326.16166666666663	329.5516666666666
446400.0	10.870547061231921	326.02666666666664	329.57
450000.0	10.945355833298644	325.9233333333333	329.6016666666667
453600.0	11.823267427762534	325.27	330.1166666666667
457200.0	11.524040484833936	324.9699999999999	330.38499999999993
460800.0	10.796266846264352	324.935	330.3033333333333
464400.0	11.310386831861656	325.35166666666663	330.1733333333333
468000.0	11.111291317317345	325.44333333333327	330.2
471600.0	10.25336792865205	325.34166666666664	329.7533333333333
475200.0	10.952716049382694	325.24999999999994	329.74999999999994
478800.0	10.952716049382694	325.24999999999994	329.74999999999994
482400.0	11.188702427849504	325.525	329.70666666666665
486000.0	11.000183570568835	326.02166666666665	329.53666666666663
489600.0	11.285158268733841	326.2749999999999	330.4083333333333
493200.0	11.308333333333323	326.34999999999997	330.45
496800.0	11.308333333333323	326.34999999999997	330.45
500400.0	10.064741360242685	325.16499999999996	330.03499999999997
504000.0	9.16651782158502	324.6416666666666	329.58333333333326
507600.0	11.61765821717076	325.605	330.10166666666663
511200.0	10.9195871200351	325.655	329.8216666666666
514800.0	10.906216287776498	325.9866666666666	329.565
518400.0	11.251845049908596	326.5233333333333	329.3933333333333
522000.0	11.177646614497514	326.565	329.3766666666666
525600.0	10.817222790670963	326.19499999999994	329.40999999999997
529200.0	11.188730139882466	326.31	329.4233333333333
532800.0	10.68896834534884	326.27	329.3166666666666
536400.0	10.836902300091559	326.09999999999997	329.4833333333333
540000.0	11.062272195905168	325.4549999999999	330.025
543600.0	10.6747665476876	324.875	330.2216666666667
547200.0	11.394042633862686	325.0433333333333	330.335
550800.0	11.209483933597383	325.39833333333326	329.9766666666667
554400.0	11.804436506580078	325.3933333333333	330.0799999999999
558000.0	10.829618400819507	325.7099999999999	329.75833333333327
561600.0	10.70125811363657	325.65666666666664	329.8483333333333
565200.0	10.268505586707175	325.755	329.66999999999996
568800.0	10.978635704302663	325.9199999999999	329.65999999999997
572400.0	11.061177058084596	326.01833333333326	329.6633333333333
576000.0	11.458899627256413	326.01166666666666	329.85333333333335
579600.0	11.916666666666654	326.25	329.85
583200.0	11.916666666666654	326.25	329.85
586800.0	11.572202567082348	326.0183333333333	329.90666666666664
590400.0	10.852323396787202	325.65666666666664	329.94499999999994
594000.0	10.826540371390799	325.11	330.05999999999995
597600.0	11.427752973164285	325.9216666666666	329.91999999999996
601200.0	10.853014747529947	325.89333333333326	329.78
604800.0	10.85751041317656	325.97999999999996	329.62666666666667
608400.0	11.502269428032893	326.28	329.395
612000.0	10.976894112970424	326.0066666666666	329.67999999999995
615600.0	10.899151740405461	326.19166666666666	329.7716666666666
619200.0	11.465585087999653	326.0249999999999	329.44333333333327
622800.0	11.036818254625661	325.8916666666666	329.6516666666666
626400.0	11.094238312191948	325.0466666666666	330.015
630000.0	11.611772706352763	325.25833333333327	330.28499999999997
633600.0	10.871788886964483	324.7016666666666	330.3016666666667
637200.0	11.180235180323498	325.215	330.155
640800.0	12.848276515151507	326.14	329.78999999999996
644400.0	13.26166666666666	326.25	329.74999999999994
648000.0	13.26166666666666	326.25	329.74999999999994
651600.0	12.087153360121121	326.235	329.6816666666667
655200.0	11.077744549106427	325.72666666666663	329.78999999999996
658800.0	11.351622126113117	325.97666666666663	329.63666666666666
662400.0	10.516780276364212	325.92333333333335	329.5716666666666
666000.0	10.929154932106036	325.75666666666666	329.76499999999993
669600.0	11.838888888888901	325.95	329.74999999999994
673200.0	11.838888888888901	325.95	329.74999999999994
676800.0	11.842424451815003	325.91166666666663	329.7466666666666
680400.0	11.190185108563648	325.34499999999997	330.06666666666666
684000.0	11.10001934982176	325.21	330.0083333333333
687600.0	11.513309090190383	326.0399999999999	329.65666666666664
691200.0	11.268571428571418	326.0499999999999	329.54999999999995
694800.0	11.268571428571418	326.0499999999999	329.54999999999995
698400.0	11.372375483388018	326.07499999999993	329.5633333333333
702000.0	11.292606232241177	326.12999999999994	329.6266666666666
705600.0	10.844248880655037	326.10166666666663	329.57333333333327
709200.0	11.219304731653452	326.0166666666666	329.745
712800.0	11.436073219221992	325.2966666666666	330.1816666666667
716400.0	11.343923064650472	324.2883333333333	330.365
720000.0	10.581738437413838	324.47166666666664	330.2383333333333
723600.0	10.948028673835125	324.04999999999995	330.25
727200.0	10.948028673835125	324.04999999999995	330.25
730800.0	10.850835907593673	324.72999999999996	330.03499999999997
734400.0	11.071296717536544	326.05	329.41999999999996
738000.0	10.225462962962961	326.15	329.15
741600.0	10.225462962962961	326.15	329.15
745200.0	10.853032084114878	326.12	329.46999999999997
748800.0	11.41672441035698	326.005	329.47999999999996
752400.0	10.087478147463008	325.94666666666666	329.62666666666667
756000.0	10.12962962962964	325.75	329.95
759600.0	10.12962962962964	325.75	329.95
763200.0	10.134686986219483	325.75333333333333	329.94166666666666
766800.0	11.246532685876128	325.6166666666667	330.02666666666664
770400.0	10.841397542764916	325.51499999999993	329.76666666666665
774000.0	11.042396835454154	326.10499999999996	329.7383333333333
777600.0	10.303019686719308	326.27	329.44333333333327
781200.0	10.856479877848106	326.55499999999995	329.3333333333333
784800.0	10.58540918538244	326.4333333333333	329.32333333333327
788400.0	10.732747342061193	326.4383333333333	329.43499999999995
792000.0	10.75279729636129	326.4033333333333	329.4416666666666
795600.0	10.19771771989574	326.015	329.49
799200.0	10.540269800028993	325.405	329.95666666666665
802800.0	10.589075611530143	324.98999999999995	330.1966666666666
806400.0	10.700924838947955	324.8816666666666	330.43499999999995
810000.0	10.375748193490015	325.5333333333333	329.915
813600.0	10.664629976969639	325.37666666666667	329.7583333333333
817200.0	11.068278671797835	325.75166666666667	329.8933333333333
820800.0	10.960330423354081	325.61666666666656	329.90666666666664
824400.0	10.91226479002044	325.54499999999996	329.9266666666667
828000.0	10.894859573988311	325.89666666666665	329.84166666666664
831600.0	10.5768291584977	325.84499999999997	329.68499999999995
835200.0	10.479098228339812	325.5583333333333	329.7233333333333
838800.0	10.608743890986833	325.40166666666664	329.955
842400.0	10.860222997460701	325.28666666666663	330.025
846000.0	11.391632258117141	325.4633333333333	330.04499999999996
849600.0	10.202527118592373	325.4416666666666	329.77166666666665
853200.0	10.812819349426107	325.4433333333333	330.1783333333333
856800.0	10.541043998862731	325.74666666666667	329.87833333333333
860400.0	9.744773391812874	325.6266666666666	329.47333333333336
864000.0	9.802339181286559	325.6499999999999	329.44999999999993
867600.0	9.802339181286559	325.6499999999999	329.44999999999993
871200.0	10.720642341262002	326.0333333333333	329.66499999999996
874800.0	10.759606396970803	325.9966666666666	329.6883333333333
878400.0	10.996244476126995	325.88499999999993	329.6983333333333
882000.0	10.797638940069852	325.87999999999994	329.5516666666666
885600.0	11.12778778854928	325.3549999999999	329.9983333333333
889200.0	11.209271387249135	325.22999999999996	330.0833333333333
892800.0	10.830920839858678	325.1166666666667	330.1449999999999
896400.0	11.045708845440306	324.9583333333333	330.3383333333333
900000.0	10.865590919772664	325.0033333333333	330.16166666666663
903600.0	10.694200427211772	325.195	330.16999999999996
907200.0	10.877056805753934	325.42333333333335	330.08166666666665
910800.0	11.104561183149585	325.72166666666664	329.9766666666667
914400.0	10.386425682806166	325.3266666666666	329.9333333333333
918000.0	11.570638144187562	325.7233333333333	330.0983333333333
921600.0	11.649526429853589	325.98333333333335	329.88999999999993
925200.0	10.887364927470301	325.64	329.87833333333333
928800.0	11.085101171978845	325.4533333333333	329.9916666666667
932400.0	10.447952670881683	325.17999999999995	330.1033333333333
936000.0	10.83784489530002	325.84666666666664	329.95333333333326
939600.0	10.706373120858816	325.55999999999995	329.96166666666664
943200.0	10.606189462332203	325.5566666666666	329.78666666666663
946800.0	10.638414996858875	325.9549999999999	329.7983333333333
950400.0	11.116095969620957	326.00833333333327	329.7683333333333
954000.0	10.745868550278812	326.0199999999999	329.59999999999997
957600.0	10.763645350793013	325.9516666666666	329.79333333333324
961200.0	10.264792379999873	325.90166666666664	329.63333333333327
964800.0	10.608568669727969	325.905	329.5483333333333
968400.0	10.580221562794836	325.87499999999994	329.5116666666666
972000.0	10.798756056924415	325.3283333333333	329.90166666666664
975600.0	11.079334329415412	325.5283333333333	329.94333333333327
979200.0	10.920335793060593	325.2383333333333	330.13
982800.0	10.679744764652487	325.18666666666667	330.1183333333333
986400.0	11.079927743330405	325.16833333333335	330.3616666666666
990000.0	10.353231890760025	325.3383333333333	330.00999999999993
993600.0	10.61286102941071	325.17499999999995	330.07333333333327
997200.0	10.035755670671161	325.385	329.85
1000800.0	10.359376445151666	325.4116666666667	329.965
1004400.0	10.8035202985513	325.60999999999996	329.83666666666664
1008000.0	11.316640719304186	325.72499999999997	330.07666666666665
1011600.0	11.040556148580897	325.645	329.9133333333333
1015200.0	11.23909079725115	324.7149999999999	330.3983333333333
1018800.0	11.271187712576545	325.01666666666665	330.46999999999997
1022400.0	9.994187434392266	324.8983333333333	330.13833333333326
1026000.0	10.622381328569507	325.2133333333333	330.16499999999996
1029600.0	10.611941142438061	325.33166666666665	329.885
1033200.0	10.99953595218205	325.88999999999993	329.78166666666664
1036800.0	11.077189103136522	326.11333333333334	329.5883333333333
1040400.0	10.781047928402902	326.18499999999995	329.4983333333333
1044000.0	11.151890250645655	326.00833333333327	329.64
1047600.0	10.968167111865407	325.85499999999996	329.66166666666663
1051200.0	11.301486784574939	325.995	329.75499999999994
1054800.0	11.717489768449903	326.025	329.84666666666664
1058400.0	11.262801373866214	325.16499999999996	330.1933333333333
1062000.0	11.451680820774937	324.51833333333326	330.35999999999996
1065600.0	12.336155202821864	324.04999999999995	330.34999999999997
1069200.0	12.336155202821864	324.04999999999995	330.34999999999997
1072800.0	12.208492494516793	324.1583333333333	330.275
1076400.0	11.088381933076487	325.205	330.16166666666663
1080000.0	11.00220945176154	326.0066666666666	329.8083333333333
1083600.0	10.726352650831693	325.9966666666666	329.68499999999995
1087200.0	10.211633976666556	325.99499999999995	329.46
1090800.0	10.240297940788771	325.94166666666666	329.4583333333333
1094400.0	10.42527821648711	325.94999999999993	329.6749999999999
1098000.0	10.217159072449641	325.4116666666667	329.44166666666666
1101600.0	10.555555555555546	325.45	329.25
1105200.0	10.555555555555546	325.45	329.25
1108800.0	10.915214299813723	325.77666666666664	329.7616666666666
1112400.0	10.849049488365038	325.32833333333326	330.2383333333333
1116000.0	10.77662513807034	325.6933333333333	329.9416666666666
1119600.0	10.80234706287368	326.13666666666666	329.64666666666665
1123200.0	10.70877520739166	326.27666666666664	329.4466666666666
1126800.0	11.043248912648522	326.36999999999995	329.2633333333333
1130400.0	10.72940168873274	326.3216666666666	329.2433333333333
1134000.0	10.680340772706423	326.2933333333333	329.38833333333326
1137600.0	10.523757793293708	326.225	329.22999999999996
1141200.0	10.576688401317213	326.16166666666663	329.3383333333333
1144800.0	10.913307493001335	325.6099999999999	329.93
1148400.0	11.166968980712227	325.3116666666666	330.3083333333333
1152000.0	11.440972454674831	325.2816666666667	330.1916666666666
1155600.0	10.832029276713353	325.4683333333333	330.06999999999994
1159200.0	11.575979658520815	325.965	330.0183333333333
1162800.0	11.044311226785137	326.1316666666666	329.695
1166400.0	10.679353125267461	326.0816666666666	329.66666666666663
1170000.0	10.931285878662848	326.2683333333333	329.585
1173600.0	10.47967667781996	326.3383333333333	329.525
1177200.0	10.528174170990702	326.22499999999997	329.475
1180800.0	10.61848556969976	326.09499999999997	329.4666666666666
1184400.0	11.138512534020496	326.13333333333327	329.955
1188000.0	9.964887214801903	325.4866666666666	329.7566666666666
1191600.0	10.805939795113366	325.40166666666664	330.32166666666666
1195200.0	11.320198299645163	325.98	329.86499999999995
1198800.0	11.017866610277974	325.5466666666666	329.7566666666666
1202400.0	11.010516330707812	326.0916666666666	329.56499999999994
1206000.0	10.104577894086457	326.1916666666666	329.6166666666666
1209600.0	10.439135966682938	326.47166666666664	329.3983333333333
1213200.0	10.291650921995387	326.62333333333333	329.215
1216800.0	10.997930753006852	326.6866666666666	329.1866666666666
1220400.0	11.3939567175736	326.6433333333333	329.19833333333327
1224000.0	10.635850914905452	326.63999999999993	329.31833333333327
1227600.0	10.28637028951519	326.3433333333333	329.26666666666665
1231200.0	10.83883079340761	325.7183333333333	329.82499999999993
1234800.0	11.050100261835837	325.5933333333333	330.3016666666666
1238400.0	10.306998884930863	325.6516666666666	329.9633333333333
1242000.0	10.891954723025748	325.9883333333333	329.7533333333333
1245600.0	10.390297990869705	325.8349999999999	329.61999999999995
1249200.0	11.07044088548858	325.8833333333333	329.75833333333327
1252800.0	11.08684537093572	326.04166666666663	329.65166666666664
1256400.0	12.05185185185185	326.54999999999995	329.54999999999995
1260000.0	12.05185185185185	326.54999999999995	329.54999999999995
1263600.0	12.037914618236627	326.40999999999997	329.4883333333333
1267200.0	10.221146970648261	325.89833333333326	329.815
1270800.0	10.562137336067185	325.8599999999999	329.66999999999996
1274400.0	10.937788099002008	325.8133333333333	330.335
1278000.0	10.682268192659247	325.2533333333333	330.24999999999994
1281600.0	10.261685849597374	325.38	329.85499999999996
1285200.0	10.98290959157551	325.465	330.2483333333333
1288800.0	10.241000277062517	325.48499999999996	329.90999999999997
1292400.0	10.71803463036298	325.94666666666666	329.8333333333333
1296000.0	11.857195634808518	326.1883333333333	329.53
1299600.0	11.900344878291627	326.24999999999994	329.37499999999994
1303200.0	10.971873096320493	326.44499999999994	329.6733333333333
1306800.0	10.628091449089997	326.3333333333333	329.70666666666665
1310400.0	11.080639529309238	326.21	329.6016666666667
1314000.0	11.05267300648002	326.0716666666666	329.67999999999995
1317600.0	11.121942756649918	325.46666666666664	330.1133333333333
1321200.0	10.528318144301728	324.7966666666666	330.34166666666664
1324800.0	11.100692630679438	325.03999999999996	330.39
1328400.0	11.030783766025426	325.3916666666666	330.0533333333333
1332000.0	10.995576041136816	325.59999999999997	329.96333333333337
1335600.0	10.994665619026495	326.07499999999993	329.8983333333333
1339200.0	13.18791005291007	326.56999999999994	329.47333333333336
1342800.0	14.158333333333358	326.85	329.44999999999993
1346400.0	14.158333333333358	326.85	329.44999999999993
1350000.0	12.110580614574737	326.1733333333333	329.45333333333326
1353600.0	10.77711396087591	325.9549999999999	329.5849999999999
1357200.0	11.368225380288166	325.9283333333333	329.7366666666666
1360800.0	11.105860617389606	325.84666666666664	330.135
1364400.0	12.047681286492637	325.88999999999993	330.13499999999993
1368000.0	10.969620633638941	325.9266666666666	329.895
1371600.0	10.346342972496773	325.6183333333333	329.8633333333333
1375200.0	11.29131875674229	326.0983333333333	329.9866666666666
1378800.0	10.691713146194093	326.21666666666664	329.40166666666664
1382400.0	10.676891408766215	326.29499999999996	329.38333333333327
1386000.0	10.831473808768681	326.5116666666666	329.13166666666666
1389600.0	11.30165551855775	326.4966666666666	329.35999999999996
1393200.0	11.019465799416828	326.505	329.3283333333333
1396800.0	11.185685837480879	326.51	329.34166666666664
1400400.0	10.9077001694772	326.17499999999995	329.3866666666666
1404000.0	10.792612509861744	325.5816666666666	329.8966666666666
1407600.0	10.610277120144026	325.2133333333333	330.075
1411200.0	11.023463208191046	325.57499999999993	330.06
1414800.0	12.25052404009321	325.7983333333333	329.9083333333333
1418400.0	10.491500511247445	325.775	329.7533333333333
1422000.0	10.304998537645181	325.66999999999996	329.65999999999997
1425600.0	10.389444197469102	325.59499999999997	329.6783333333333
1429200.0	10.799355001675655	325.93833333333333	329.75999999999993
1432800.0	10.38380056379656	325.93333333333334	329.86833333333334
1436400.0	10.570424463949768	325.9583333333333	329.50833333333327
1440000.0	11.11329581618595	326.12	329.6783333333332
1443600.0	11.247477815911694	325.17499999999995	329.9033333333333
1447200.0	10.859904383602768	324.9033333333333	330.38833333333326
1450800.0	11.141741753421721	325.00666666666666	330.455
1454400.0	11.086928741627469	325.7	330.1233333333333
1458000.0	10.479288093253583	325.56	329.9433333333333
1461600.0	10.541171064534682	325.51	329.9583333333333
1465200.0	10.075892977443855	325.77833333333325	329.64833333333326
1468800.0	10.817339407312756	326.2483333333333	329.69499999999994
1472400.0	11.041238454102869	326.2516666666666	329.6633333333333
1476000.0	10.664930339060135	325.9416666666666	329.64
1479600.0	10.671215101656495	326.06833333333327	329.7749999999999
1483200.0	11.564039168225618	326.2083333333333	329.72166666666664
1486800.0	11.342203124702017	325.755	329.38
1490400.0	11.12156714419132	325.4933333333333	330.11499999999995
1494000.0	11.260588794847026	325.44	330.1816666666666
1497600.0	11.007892810012864	325.4083333333333	330.18499999999995
1501200.0	11.320854533522844	325.16166666666663	330.2366666666666
1504800.0	11.257933484334467	325.1933333333333	330.44
1508400.0	11.271400771402114	324.8833333333333	330.3066666666666
1512000.0	10.771188233118314	325.18666666666667	330.1783333333333
1515600.0	11.175984848488065	325.065	330.12166666666667
1519200.0	11.71630100272307	325.6033333333333	330.07833333333326
1522800.0	10.677514385820755	325.2516666666666	330.12999999999994
1526400.0	10.575397323711481	325.4833333333333	330.0066666666666
1530000.0	10.444355531644577	325.13166666666655	330.0733333333333
1533600.0	11.130369736011419	324.9466666666666	330.2333333333333
1537200.0	11.14050669739719	325.01499999999993	330.1716666666666
1540800.0	10.312652423197855	325.4099999999999	329.7983333333333
1544400.0	11.364326460694276	325.4816666666666	330.26666666666665
1548000.0	10.663946629190558	325.2233333333333	330.2883333333333
1551600.0	10.779913549006498	325.72166666666664	329.95166666666665
1555200.0	10.940092436435467	325.6866666666666	329.8416666666666
1558800.0	11.318048712974432	325.94	329.7233333333333
1562400.0	11.219510973637394	325.7533333333333	329.7149999999999
1566000.0	11.549895238383554	325.9333333333333	329.7383333333333
1569600.0	11.112767198515796	325.82166666666666	329.7433333333333
1573200.0	11.409783279289831	325.765	329.91666666666663
1576800.0	11.63679002557558	325.29499999999996	330.2283333333333
1580400.0	11.408590437798894	325.5433333333333	330.10333333333324
1584000.0	11.319939249165238	325.5583333333333	330.145
1587600.0	10.628877072614092	325.09333333333325	330.19999999999993
1591200.0	10.93057777093496	324.885	330.1333333333333
1594800.0	10.641137505664547	325.0466666666666	330.4216666666666
1598400.0	11.00985085145873	325.3116666666666	330.22999999999996
1602000.0	10.861465811454769	324.7983333333333	330.47833333333335
1605600.0	11.042385703216926	325.2483333333333	330.31166666666667
1609200.0	10.316547137708643	325.44999999999993	330.01666666666665
1612800.0	10.945638776029131	325.18999999999994	330.2083333333333
1616400.0	10.729431191067412	324.9916666666666	330.2366666666667
1620000.0	11.213728421824058	324.27833333333325	330.78
1623600.0	10.643806829539148	324.3066666666667	330.7883333333333
1627200.0	10.91954675308372	324.87	330.6133333333333
1630800.0	10.71598172778503	324.97999999999996	330.26166666666666
1634400.0	11.787066404073293	325.27166666666665	330.39666666666665
1638000.0	11.00990848147107	325.90166666666664	329.84666666666664
1641600.0	10.855897070857274	325.93499999999995	329.75499999999994
1645200.0	10.942617461207815	326.1383333333333	329.44999999999993
1648800.0	11.429586719393248	326.05499999999995	329.68833333333333
1652400.0	11.506166197118286	326.155	329.82833333333326
1656000.0	11.109033348814775	326.0266666666666	329.8666666666666
1659600.0	11.219463434713216	325.7683333333333	329.8599999999999
1663200.0	11.012957164992905	324.97833333333324	330.3116666666666
1666800.0	10.849348880554532	324.38333333333327	330.16499999999996
1670400.0	11.63037589282039	324.4	330.0166666666666
1674000.0	10.87863159428551	325.32	329.9133333333333
1677600.0	11.634214092140953	325.84999999999997	329.95
1681200.0	11.634214092140953	325.84999999999997	329.95
1684800.0	11.677733596226266	325.84	329.92499999999995
1688400.0	11.117740389173473	325.74999999999994	329.78166666666664
1692000.0	10.37302888088078	325.7699999999999	329.6866666666666
1695600.0	10.489501898396133	326.015	329.77166666666665
1699200.0	10.729853722507677	325.705	329.3933333333333
1702800.0	10.533516400876291	325.12333333333333	329.70333333333326
1706400.0	10.835048530266391	325.1583333333333	330.31166666666667
1710000.0	10.471753061906675	324.8583333333333	330.2983333333333
1713600.0	11.33579589720531	325.70666666666665	329.6683333333333
1717200.0	11.06808383246744	325.09999999999997	330.1266666666666
1720800.0	10.72738465577784	325.635	329.91999999999996
1724400.0	10.750854042513827	326.0333333333333	329.54166666666663
1728000.0	10.877622038125814	326.0133333333333	329.66999999999996
1731600.0	11.315484533666131	326.4683333333333	329.44333333333327
1735200.0	11.276460921023025	326.09333333333325	329.4216666666666
1738800.0	11.190135390313658	326.1216666666666	329.5583333333333
1742400.0	10.909733688983014	325.99666666666667	329.3266666666666
1746000.0	11.904737055221338	326.03166666666664	329.6883333333333
1749600.0	11.429820034438434	325.4316666666666	329.955
1753200.0	10.916495473891331	324.8299999999999	330.2166666666667
1756800.0	11.252127950022652	325.3783333333333	330.2133333333333
1760400.0	10.977710802194496	325.72999999999996	330.03499999999997
1764000.0	10.89428789457832	325.5983333333333	329.8833333333333
1767600.0	11.158858145058907	325.94666666666666	329.7783333333333
1771200.0	10.963644419352773	326.04499999999996	329.69666666666666
1774800.0	11.25094512886864	325.93499999999995	329.6916666666666
1778400.0	10.014584303265972	324.66666666666663	328.625
1782000.0	10.340184955344228	325.2416666666666	328.89
1785600.0	10.46425331013253	325.28666666666663	328.96
1789200.0	10.687196395603557	325.8433333333333	329.71
1792800.0	11.149180566887159	325.2633333333333	330.01166666666666
1796400.0	11.288176147390836	325.6083333333333	329.99999999999994
1800000.0	10.846243706670094	327.1383333333333	330.01
1803600.0	10.974361258811754	325.4133333333333	330.13333333333327
1807200.0	11.572345793020206	325.5833333333333	330.1333333333333
1810800.0	11.069287225765596	326.13666666666666	329.52666666666664
1814400.0	11.369251797445914	326.5333333333333	329.35833333333335
1818000.0	11.333656739101997	326.6266666666666	328.97499999999997
1821600.0	10.574058188702343	326.41166666666663	329.1766666666666
1825200.0	10.934478003622838	326.5666666666666	329.315
1828800.0	11.586696104329594	326.4133333333333	329.39166666666665
1832400.0	10.768532309869125	326.21166666666664	329.2933333333333
1836000.0	11.196704935667533	325.59999999999997	329.86499999999995
1839600.0	10.95439950623965	325.4316666666667	329.9983333333333
1843200.0	11.149653955208064	325.555	330.12166666666667
1846800.0	10.623892666357989	325.50333333333333	330.075
1850400.0	10.891180673298864	325.98999999999995	329.85166666666663
1854000.0	10.742691142413658	326.0716666666666	329.75666666666666
1857600.0	11.538683686873823	325.85166666666663	329.765
1861200.0	10.975279341215195	326.00666666666666	329.6633333333333
1864800.0	9.734270788548608	325.47666666666663	329.5466666666666
1868400.0	10.592750033949255	326.00999999999993	329.26166666666666
1872000.0	11.351160769842721	326.1866666666666	329.82333333333327
1875600.0	11.0811710044843	325.6683333333333	329.80999999999995
1879200.0	10.900616870268951	325.4366666666666	329.97499999999997
1882800.0	12.014302349437935	325.515	330.53000000000003
1886400.0	11.794964177761818	325.3733333333333	330.38
1890000.0	10.449359976849838	325.3383333333333	329.8016666666666
1893600.0	10.27500721603439	325.7966666666666	329.78666666666663
1897200.0	10.549124338457625	325.97499999999997	329.5483333333333
1900800.0	10.386453821179392	326.53	329.2233333333333
1904400.0	10.675885307801508	326.59166666666664	329.09
1908000.0	10.828889995554064	326.5366666666667	329.1649999999999
1911600.0	10.509056459078677	326.46	329.27166666666665
1915200.0	11.297176293987961	326.58666666666664	329.2316666666666
1918800.0	10.303859402393579	326.34	329.2233333333333
1922400.0	10.814168095287336	325.9	329.8383333333333
1926000.0	10.685543651561808	324.905	330.16666666666663
1929600.0	11.653981094875343	325.63333333333327	330.03499999999997
1933200.0	11.024394602066982	325.93499999999995	329.66666666666663
1936800.0	10.856884232694524	326.1533333333333	329.6333333333333
1940400.0	10.77292837801996	325.875	329.7683333333333
1944000.0	10.640279678344244	325.8983333333333	329.78166666666664
1947600.0	11.019192054938154	326.04499999999996	329.6083333333333
1951200.0	11.432557728130908	326.25166666666667	329.57166666666666
1954800.0	10.860918209876534	326.4333333333333	329.18333333333334
1958400.0	10.874074074074064	326.44999999999993	329.15
1962000.0	10.874074074074064	326.44999999999993	329.15
1965600.0	10.876969272743905	325.74	329.8383333333333
1969200.0	10.73095071226415	324.9983333333333	329.96999999999997
1972800.0	10.86150082564889	326.02333333333326	329.7733333333333
1976400.0	10.251506428593933	325.95666666666665	329.645
1980000.0	10.367953357988196	326.04499999999996	329.73333333333335
1983600.0	11.424570379786644	326.43833333333333	329.26666666666665
1987200.0	10.415628546624792	326.4283333333332	329.08666666666664
1990800.0	11.288565629780317	326.775	329.2699999999999
1994400.0	11.170634756775211	326.64333333333326	329.3066666666666
1998000.0	11.189467214220006	326.57333333333327	329.1683333333333
2001600.0	11.170065901329309	326.58833333333325	329.13499999999993
2005200.0	11.169985149412545	326.46333333333337	329.2283333333333
2008800.0	11.277480923228051	325.7033333333333	329.86499999999995
2012400.0	10.813178447716625	325.1316666666666	330.21666666666664
2016000.0	11.165062627880243	325.35999999999996	329.93999999999994
2019600.0	12.509116809116804	325.95	329.85
2023200.0	12.509116809116804	325.95	329.85
2026800.0	12.194266843221156	325.96666666666664	329.7416666666666
2030400.0	10.065890376773995	325.7733333333333	329.6716666666667
2034000.0	11.006398583824058	325.8999999999999	329.835
2037600.0	10.997187308223326	325.76666666666665	329.8383333333333
2041200.0	11.418219243820117	325.73	329.82499999999993
2044800.0	11.103621298476977	325.84666666666664	329.855
2048400.0	11.000080042177485	326.10499999999996	329.66166666666663
2052000.0	10.868954248366025	326.15	329.54999999999995
2055600.0	10.868954248366025	326.15	329.54999999999995
2059200.0	10.30021839553513	325.9133333333333	329.5483333333333
2062800.0	10.579643107127012	325.7933333333333	329.63499999999993
2066400.0	11.145559540360159	326.22333333333324	329.61333333333334
2070000.0	11.291302637445522	326.2266666666667	329.6416666666666
2073600.0	11.443208500208364	326.3983333333333	329.50999999999993
2077200.0	11.587539080759365	326.58666666666664	329.4216666666666
2080800.0	10.959087759040374	326.3666666666666	329.3566666666667
2084400.0	11.143479626477406	326.49833333333333	329.26500000000004
2088000.0	11.000877949730706	326.29166666666663	329.27666666666664
2091600.0	10.596548324837872	326.29999999999995	329.26666666666665
2095200.0	10.619242559975257	325.65833333333325	329.8166666666666
2098800.0	10.688952883018372	325.6933333333333	329.7
2102400.0	11.144265971705545	325.8816666666666	329.9316666666666
2106000.0	10.76218954979454	325.7133333333333	329.8316666666666
2109600.0	11.538005979535038	325.58	330.10166666666663
2113200.0	10.439152958467158	325.2416666666667	330.045
2116800.0	11.064320807620787	325.6483333333333	329.9
2120400.0	10.982718984689843	325.86499999999995	329.9583333333333
2124000.0	10.568731579000213	325.82333333333327	329.7133333333333
2127600.0	9.60831498455257	325.3733333333333	329.5033333333333
2131200.0	10.590323272202628	326.1583333333333	329.77166666666665
2134800.0	10.720937196711287	325.7049999999999	329.91666666666663
2138400.0	11.176076278939508	325.9099999999999	329.97499999999997
2142000.0	11.484159159159148	326.0499999999999	329.74999999999994
2145600.0	11.212154779048046	326.03833333333324	329.6916666666666
2149200.0	11.032179643968364	326.195	329.7066666666666
2152800.0	10.867264520291865	326.12	329.53166666666664
2156400.0	10.536612428589507	326.31666666666666	329.59999999999997
2160000.0	10.068505900885972	326.2233333333333	329.4033333333333
2163600.0	10.785090934018347	326.4533333333333	329.455
2167200.0	11.164914753059193	326.4283333333333	329.3933333333333
2170800.0	10.970013843822308	326.3616666666666	329.3416666666666
2174400.0	11.279262231396018	326.4366666666666	329.3216666666666
2178000.0	11.186672715589397	326.3383333333333	329.3466666666666
2181600.0	11.047418056597206	325.7333333333333	329.9383333333333
2185200.0	10.853903208043608	325.8633333333333	329.75666666666666
2188800.0	10.852391361396107	325.8566666666666	329.73333333333335
2192400.0	11.028704971657433	325.7933333333333	329.7583333333333
2196000.0	11.303906609103304	325.91166666666663	330.0616666666666
2199600.0	10.737802581008543	325.4133333333333	329.93666666666667
2203200.0	10.442210657771042	325.0666666666666	330.1716666666666
2206800.0	10.11179138321995	325.24999999999994	330.1499999999999
2210400.0	10.11179138321995	325.24999999999994	330.1499999999999
2214000.0	10.39592519207542	325.34	330.15
2217600.0	10.43240996418909	325.5899999999999	329.955
2221200.0	9.93922764227644	325.84999999999997	329.95
2224800.0	9.93922764227644	325.84999999999997	329.95
2228400.0	9.93922764227644	325.84999999999997	329.95
2232000.0	10.307079176732259	325.1433333333333	330.34999999999997
2235600.0	10.83717041147488	325.66999999999996	329.83166666666665
2239200.0	10.872799469166246	325.8016666666666	329.6916666666666
2242800.0	11.45714952604814	326.4	329.50166666666667
2246400.0	9.91083333333335	326.25	329.25
2250000.0	9.91083333333335	326.25	329.25
2253600.0	9.91083333333335	326.25	329.25
2257200.0	9.91083333333335	326.25	329.25
2260800.0	9.91083333333335	326.25	329.25
2264400.0	9.91083333333335	326.25	329.25
2268000.0	9.91083333333335	326.25	329.25
2271600.0	9.91083333333335	326.25	329.25
2275200.0	9.91083333333335	326.25	329.25
2278800.0	9.91083333333335	326.25	329.25
2282400.0	9.91083333333335	326.25	329.25
2286000.0	9.91083333333335	326.25	329.25
2289600.0	9.91083333333335	326.25	329.25
2293200.0	9.91083333333335	326.25	329.25
2296800.0	9.91083333333335	326.25	329.25
2300400.0	9.91083333333335	326.25	329.25
2304000.0	10.721242300147745	323.66499999999996	330.26666666666665
2307600.0	11.105121604982754	325.3533333333333	330.13833333333326
2311200.0	10.58903777554072	325.0066666666666	330.41666666666663
2314800.0	10.932567730991988	324.8566666666666	330.47166666666664
2318400.0	10.366072936014124	325.09666666666664	329.97666666666663
2322000.0	11.209688075291263	325.5433333333333	330.0483333333333
2325600.0	10.718165389314018	325.6866666666666	330.03666666666663
2329200.0	10.417774419506378	326.09	329.5466666666666
2332800.0	10.998300366220139	326.16999999999996	329.5516666666666
2336400.0	11.530019123123628	326.4183333333333	329.36333333333334
2340000.0	11.487052845937253	326.3533333333333	329.36166666666657
2343600.0	10.854311181828654	326.17499999999995	329.5816666666666
2347200.0	10.762005293074012	326.13	329.5883333333333
2350800.0	10.853959434611477	326.10499999999996	329.65999999999997
2354400.0	10.813406273139645	325.4333333333333	330.06666666666666
2358000.0	11.262689784221045	324.9483333333333	330.40166666666664
2361600.0	11.188176130946974	325.3883333333333	330.4883333333333
2365200.0	10.875773986389017	325.6783333333333	329.97166666666664
2368800.0	11.457912735098581	325.945	329.94833333333327
2372400.0	11.63667158192001	325.825	329.95
2376000.0	10.914733652950407	325.74333333333334	329.8816666666666
2379600.0	10.913840803388885	325.8949999999999	329.64666666666665
2383200.0	11.119934006579017	326.0366666666666	329.745
2386800.0	10.96468015303847	326.0516666666666	329.65333333333336
2390400.0	11.224082533635784	325.90833333333325	329.7583333333333
2394000.0	11.185484143564763	325.75666666666666	329.88333333333327
2397600.0	10.80668215232441	325.315	330.23999999999995
2401200.0	10.493992348565461	325.28999999999996	330.15
2404800.0	10.602251964740958	325.69499999999994	329.94
2408400.0	10.981832057069221	325.69	329.94
2412000.0	10.654658660834626	325.7233333333333	329.80999999999995
2415600.0	10.475096242545783	325.6483333333333	329.50499999999994
2419200.0	10.097807017543836	325.54999999999995	329.34999999999997
2422800.0	11.422566984384858	324.5149999999999	330.12166666666667
2426400.0	11.09144523453396	326.25166666666667	329.5233333333333
2430000.0	11.077637525525574	326.2699999999999	329.53666666666663
2433600.0	11.152462205112963	326.3083333333333	329.6883333333333
2437200.0	11.310345598160897	326.36999999999995	329.70333333333326
2440800.0	11.018542656427428	325.4483333333333	329.98499999999996
2444400.0	11.766070646336209	325.25833333333327	330.44333333333327
2448000.0	11.502631157768127	325.0866666666666	330.2633333333333
2451600.0	11.645358935128707	325.5233333333333	330.1483333333333
2455200.0	10.866002335271428	325.5949999999999	329.87333333333333
2458800.0	10.580010082772475	325.64666666666665	329.96833333333325
2462400.0	10.884911539452458	325.4916666666667	329.9649999999999
2466000.0	11.330232558139551	325.75	330.04999999999995
2469600.0	11.330232558139551	325.75	330.04999999999995
2473200.0	11.782265331995747	326.1033333333333	329.79999999999995
2476800.0	10.25981904521796	325.8516666666666	329.68833333333333
2480400.0	11.673266794627352	325.7383333333333	329.6966666666666
2484000.0	11.230044491626453	324.82166666666666	330.0466666666666
2487600.0	11.735258457803246	325.13	330.39333333333326
2491200.0	10.79726889691499	325.4983333333333	330.03166666666664
2494800.0	11.018628674707987	325.5566666666666	330.07833333333326
2498400.0	11.29544221121856	325.89666666666665	329.8716666666666
2502000.0	11.115731556378663	326.0783333333333	329.85999999999996
2505600.0	10.05748128447597	325.36999999999995	329.33
2509200.0	10.028611111111111	325.24999999999994	329.25
2512800.0	10.028611111111111	325.24999999999994	329.25
2516400.0	10.028611111111111	325.24999999999994	329.25
2520000.0	10.028611111111111	325.24999999999994	329.25
2523600.0	10.028611111111111	325.24999999999994	329.25
2527200.0	10.028611111111111	325.24999999999994	329.25
2530800.0	10.702226497970296	320.3733333333333	329.67999999999995
2534400.0	11.047449619387386	324.96666666666664	330.28999999999996
2538000.0	10.950519295763762	325.3416666666667	329.9583333333333
2541600.0	11.266462276006392	325.54166666666663	330.26166666666666
2545200.0	11.070413881911001	325.76166666666666	329.57333333333327
2548800.0	11.01288780112526	326.01833333333326	329.79166666666663
2552400.0	11.108073906042199	326.08	329.67499999999995
2556000.0	10.943436432703468	325.955	329.6766666666666
2559600.0	10.98823167951076	326.10333333333324	329.8333333333333
2563200.0	11.588098013548079	326.1733333333333	329.91999999999996
2566800.0	10.957271579653078	325.8533333333333	329.82333333333327
2570400.0	10.977223206280303	325.1716666666666	329.9033333333333
2574000.0	10.919030251842752	324.9316666666666	330.2916666666666
2577600.0	11.356881103489023	326.025	330.35499999999996
2581200.0	11.46672984389648	325.8266666666666	330.0799999999999
2584800.0	10.930733654340207	325.7366666666667	329.84833333333324
