#1
double tab1(705,4)
# Date
# m_sec
# SSDOCKECH4CTPRET__MSEC
# SSDOCKECH4CTPDEP__MSEC
3600.0	0.3970945943486074	318.1983333333333	330.3583333333333
7200.0	0.4267496635317481	318.17166666666657	330.4683333333333
10800.0	0.419710091886505	318.0716666666666	330.26333333333326
14400.0	0.4315249360633824	317.81666666666666	330.1883333333333
18000.0	0.4125484678233099	317.86999999999995	330.17999999999995
21600.0	0.4208242035928413	317.905	330.3016666666666
25200.0	0.42546279438572504	317.905	330.2833333333333
28800.0	0.42462654169569275	317.6066666666666	330.25666666666666
32400.0	0.41148651420066396	317.9133333333333	330.3016666666666
36000.0	0.3825976132981536	318.26	330.5533333333333
39600.0	0.37225709035328514	318.8483333333333	330.1683333333333
43200.0	0.3670557908471633	318.97999999999996	330.1433333333333
46800.0	0.36467848985270745	318.90833333333325	330.0883333333333
50400.0	0.37978386228278727	318.82833333333326	330.2266666666666
54000.0	0.38028689374053604	318.80499999999995	330.23499999999996
57600.0	0.3680851447409539	318.7833333333333	330.2683333333333
61200.0	0.3915704685584364	318.5016666666666	330.205
64800.0	0.42522444397576775	318.23	330.1833333333333
68400.0	0.40551052788262876	318.24833333333333	330.3016666666667
72000.0	0.39779987477477463	317.8533333333333	330.2516666666666
75600.0	0.398776982656012	318.1316666666666	330.3283333333333
79200.0	0.4150516683222033	317.85166666666663	330.2483333333333
82800.0	0.4169053033713259	317.82499999999993	330.3633333333333
86400.0	0.41464575158834843	317.88833333333326	330.46666666666664
90000.0	0.40927658341663165	317.8066666666666	330.33166666666665
93600.0	0.4284130420381982	317.8216666666666	330.2883333333333
97200.0	0.42461259642239313	317.48666666666657	330.24666666666667
100800.0	0.43482424349419646	317.60666666666657	330.31666666666666
104400.0	0.4273481039785022	317.7616666666666	330.50999999999993
108000.0	0.4229370458129545	317.87499999999994	330.46666666666664
111600.0	0.4279015580406704	317.95	330.31833333333327
115200.0	0.4191716151097218	317.85666666666657	330.47499999999997
118800.0	0.41793538060616353	317.835	330.4316666666667
122400.0	0.39684949509309836	318.31166666666667	330.1833333333333
126000.0	0.38344097577709674	318.49499999999995	330.16166666666663
129600.0	0.3734906749474999	318.6866666666666	330.135
133200.0	0.3806971216863624	318.78	330.2049999999999
136800.0	0.37830076390189615	318.8733333333333	330.37
140400.0	0.34929454528713355	319.0799999999999	330.2433333333333
144000.0	0.3564175313215725	319.0983333333333	330.1716666666666
147600.0	0.37273525900745186	319.07333333333327	329.91833333333335
151200.0	0.3918966464827254	318.8383333333333	329.96333333333325
154800.0	0.39519401501819246	318.5966666666667	330.14
158400.0	0.38915743806664826	318.5533333333333	330.2966666666666
162000.0	0.403205184353135	318.41999999999996	330.185
165600.0	0.3952122694863731	318.53999999999996	330.04499999999996
169200.0	0.39885357170198693	318.16499999999996	330.3583333333333
172800.0	0.39586134457839933	318.45	330.2733333333333
176400.0	0.41228605500827126	318.3916666666666	330.135
180000.0	0.4030355839625261	318.58	330.38166666666666
183600.0	0.4011382251757363	318.54499999999996	330.28166666666664
187200.0	0.39872378332749486	318.4283333333333	330.4083333333333
190800.0	0.40558060173654864	318.3466666666666	330.18999999999994
194400.0	0.4054430259760171	318.3016666666666	330.04833333333335
198000.0	0.3925587525763121	318.4966666666666	330.2833333333333
201600.0	0.3941289215821447	318.4849999999999	330.28499999999997
205200.0	0.3772222666620494	318.86999999999995	330.3066666666666
208800.0	0.3504116397914243	319.1166666666666	330.125
212400.0	0.3447570102107804	319.7466666666666	329.97666666666663
216000.0	0.3393328046366116	320.12166666666667	329.81666666666666
219600.0	0.33084964284338747	319.85833333333335	329.9466666666666
223200.0	0.3276606679397803	319.8716666666666	330.03666666666663
226800.0	0.3457934480270921	319.6933333333333	330.0283333333333
230400.0	0.35603440339804054	319.53499999999997	329.94666666666666
234000.0	0.37459787476037976	318.9366666666666	329.90166666666664
237600.0	0.3814727797462827	318.865	329.96166666666664
241200.0	0.39113828201011713	318.9	330.1316666666666
244800.0	0.3958379484507543	318.5983333333333	330.18
248400.0	0.4182926439609103	318.56833333333327	330.1283333333332
252000.0	0.39530841442721554	318.4316666666666	330.145
255600.0	0.4194562007449249	318.33666666666664	330.25333333333333
259200.0	0.4097841552962723	318.1583333333333	330.3833333333333
262800.0	0.39574048024008845	318.5333333333333	330.35833333333335
266400.0	0.40707952499951766	318.25333333333333	330.325
270000.0	0.41404933161487734	318.14666666666665	330.3433333333333
273600.0	0.4127173639009806	317.9816666666666	330.2083333333333
277200.0	0.41672544645431464	317.94666666666666	330.3383333333333
280800.0	0.4186839464899824	317.8983333333333	330.34666666666664
284400.0	0.4146340350034914	317.885	330.2833333333333
288000.0	0.41569297811801387	317.9833333333333	330.3333333333333
291600.0	0.4126008049446473	318.0616666666666	330.2149999999999
295200.0	0.3788121751350745	318.35166666666663	330.37333333333333
298800.0	0.36098465319900863	318.7516666666666	330.1533333333333
302400.0	0.3471336809919555	319.0583333333333	330.245
306000.0	0.3760072711093617	319.00166666666667	330.155
309600.0	0.38974045693469184	318.78	330.1733333333333
313200.0	0.38299527399191846	318.69499999999994	330.2233333333333
316800.0	0.38503416301967197	318.6716666666666	330.2049999999999
320400.0	0.39164314575634757	318.66999999999996	330.18833333333333
324000.0	0.4091149621320544	318.46999999999997	330.0799999999999
327600.0	0.4170478953429396	318.11999999999995	330.10333333333324
331200.0	0.41038725786549346	318.25	330.33666666666664
334800.0	0.41477187559899675	317.895	330.3566666666666
338400.0	0.42184392590509756	318.10999999999996	330.2016666666666
342000.0	0.4221631748306006	317.94999999999993	330.2516666666666
345600.0	0.42656606412916453	317.7566666666666	330.31333333333333
349200.0	0.4214772826025127	317.76499999999993	330.2899999999999
352800.0	0.4284457171395255	318.0483333333333	330.33166666666665
356400.0	0.44047320361195796	317.64333333333326	330.2099999999999
360000.0	0.43112919050852794	317.4083333333333	330.2583333333333
363600.0	0.4317089260179786	317.3949999999999	330.2366666666667
367200.0	0.43345757904466425	317.67333333333335	330.37666666666667
370800.0	0.4335996633942635	317.74999999999994	330.395
374400.0	0.4325351464909128	317.5083333333333	330.34166666666664
378000.0	0.41507485126151406	317.65	330.33166666666665
381600.0	0.3918724618599254	317.8933333333333	330.41166666666663
385200.0	0.38688473927732286	318.7166666666666	330.3399999999999
388800.0	0.37782391855526687	318.69	330.1599999999999
392400.0	0.3708382099719331	318.8633333333333	330.0799999999999
396000.0	0.3760110205878704	318.84166666666664	330.29999999999995
399600.0	0.3638509580169592	318.9033333333333	330.25833333333327
403200.0	0.3704728686181202	318.945	330.40333333333325
406800.0	0.40515885574233884	318.335	329.2483333333333
410400.0	0.39753867211014937	318.3033333333333	330.10999999999996
414000.0	0.38747104175673314	318.47999999999996	330.25999999999993
417600.0	0.3990131430165898	318.28166666666664	330.2633333333333
421200.0	0.4111361841972636	317.96666666666664	330.2633333333333
424800.0	0.3994874309431301	317.9766666666666	330.2566666666666
428400.0	0.39778877711920385	317.95166666666665	330.2083333333333
432000.0	0.42170997643020003	317.80999999999995	330.1716666666666
435600.0	0.4207150098621599	317.6933333333333	330.2049999999999
439200.0	0.4134662338675574	317.7	330.3383333333333
442800.0	0.424175529630478	317.85833333333323	330.2833333333333
446400.0	0.42466044259613556	317.8133333333333	330.33666666666664
450000.0	0.42678303514143834	317.75666666666666	330.38666666666666
453600.0	0.4321373133331482	317.6816666666666	330.33666666666664
457200.0	0.42884322820209486	317.71	330.4266666666666
460800.0	0.4193408219167636	317.8533333333333	330.40666666666664
464400.0	0.38465861885787767	317.87666666666667	330.53166666666664
468000.0	0.37233859950273007	318.5733333333333	330.29999999999995
471600.0	0.3204893462230283	319.5083333333333	330.0066666666666
475200.0	0.3177544817742894	320.12999999999994	329.84833333333336
478800.0	0.3118679123445393	320.19499999999994	329.61999999999995
482400.0	0.3290942549194754	319.9916666666667	329.955
486000.0	0.32183598649948075	320.38666666666666	329.8133333333333
489600.0	0.31063281288086075	320.60999999999996	329.77666666666664
493200.0	0.31125372438002263	319.9316666666667	329.9483333333333
496800.0	0.3591884757003161	319.4416666666666	329.87999999999994
500400.0	0.37136175140491806	319.16333333333336	329.86833333333334
504000.0	0.39000800268083463	318.8433333333333	330.13999999999993
507600.0	0.3909334383904363	318.56999999999994	330.1716666666666
511200.0	0.39904224790027276	318.5533333333333	330.22166666666664
514800.0	0.3962808994416427	318.5733333333333	330.21166666666664
518400.0	0.3805467683065139	318.5683333333333	330.4216666666666
522000.0	0.41197407552186316	318.4699999999999	330.31
525600.0	0.407215185391532	318.46	330.1633333333333
529200.0	0.39226785522611873	318.5333333333333	330.0816666666666
532800.0	0.4088699302505486	318.16666666666663	330.09499999999997
536400.0	0.4197419703617512	318.23499999999996	330.29166666666663
540000.0	0.3895865759156581	318.65666666666664	330.1583333333333
543600.0	0.39456836432384207	318.3383333333333	330.19499999999994
547200.0	0.40972838903935827	318.2316666666666	330.18666666666667
550800.0	0.39381640726435296	318.27	330.41666666666663
554400.0	0.37995064489760366	318.525	330.0866666666667
558000.0	0.33843892417270444	319.31833333333327	330.21666666666664
561600.0	0.3341677698175131	319.53999999999996	330.0483333333333
565200.0	0.3363726525259803	319.1633333333333	330.0233333333333
568800.0	0.3320120150962442	319.26666666666665	330.17499999999995
572400.0	0.35767398713232434	319.44333333333327	329.8733333333333
576000.0	0.3354913914839674	319.4466666666666	329.97666666666663
579600.0	0.3514955462889964	320.0	329.8383333333333
583200.0	0.3679069615717975	319.63499999999993	329.8733333333333
586800.0	0.3791192574766299	319.0583333333333	329.9916666666666
590400.0	0.38678222670683293	318.875	330.09499999999997
594000.0	0.39969334463057704	318.55333333333334	329.97833333333335
597600.0	0.406176411983796	318.58333333333326	330.0016666666666
601200.0	0.4181348222708826	318.3783333333333	330.1149999999999
604800.0	0.41281827440540086	318.4666666666666	330.15166666666664
608400.0	0.41730818878932213	318.075	330.1116666666667
612000.0	0.4078678850212836	318.015	330.065
615600.0	0.41823006573921284	318.0199999999999	330.13666666666666
619200.0	0.4346898344390087	318.1866666666666	330.19666666666666
622800.0	0.42190034456225256	318.07666666666665	330.34499999999997
626400.0	0.41396802306766256	318.0949999999999	330.3116666666666
630000.0	0.42324589026798115	318.21	330.3633333333333
633600.0	0.42078272255362953	317.6716666666667	330.1433333333333
637200.0	0.4022330157660653	318.2783333333333	330.26666666666665
640800.0	0.3685656493766825	318.95666666666665	330.2783333333333
644400.0	0.3316003521372496	319.6533333333333	330.01333333333326
648000.0	0.3161015964212651	319.93833333333333	329.7983333333333
651600.0	0.32038872684331465	320.5033333333333	329.75166666666667
655200.0	0.320782388639828	320.05166666666656	329.74833333333333
658800.0	0.3378131891108665	320.27666666666664	329.63666666666666
662400.0	0.3311158011572556	320.2066666666667	329.6783333333333
666000.0	0.33161055711854487	320.2	329.7516666666666
669600.0	0.35842069678436705	319.9133333333333	329.7083333333333
673200.0	0.381953925476598	319.32333333333327	329.7983333333333
676800.0	0.39794790586598827	318.88	329.9566666666666
680400.0	0.42186898864211764	318.58	329.995
684000.0	0.40745002112404954	318.4416666666666	329.99666666666667
687600.0	0.41305558853561986	318.3483333333333	330.2466666666666
691200.0	0.3916858226105231	318.3016666666666	330.2983333333333
694800.0	0.4191759896056103	317.99	330.145
698400.0	0.42478657593554947	318.23499999999996	330.1633333333333
702000.0	0.4290815475760732	318.0616666666666	330.16833333333335
705600.0	0.42257502739012986	317.85499999999996	330.09333333333325
709200.0	0.41686486596437655	317.7683333333333	330.21
712800.0	0.42454320054513783	317.8083333333333	330.19999999999993
716400.0	0.438549000221803	317.895	330.2383333333333
720000.0	0.44110596657358586	317.8833333333333	330.2983333333333
723600.0	0.4230542263160304	317.9133333333333	330.205
727200.0	0.3817050756759115	318.4733333333333	330.2283333333333
730800.0	0.33136964050276774	319.44	330.0833333333333
734400.0	0.317797063991588	320.0066666666666	329.78333333333325
738000.0	0.31906639962509586	320.1366666666666	329.7666666666666
741600.0	0.3315382728845982	320.34999999999997	329.8333333333333
745200.0	0.3267495145272939	320.58	329.71999999999997
748800.0	0.34453902537641995	320.19666666666666	329.7699999999999
752400.0	0.3462737241708432	319.8366666666667	329.7133333333333
756000.0	0.33280108420550447	319.34999999999997	329.60999999999996
759600.0	0.39271907975883313	318.87666666666667	329.91666666666663
763200.0	0.40514888507776203	318.74499999999995	330.00166666666667
766800.0	0.397922458350151	318.635	330.02833333333325
770400.0	0.42263090477784415	318.4283333333333	330.0116666666666
774000.0	0.4087331430218089	318.38666666666666	330.2099999999999
777600.0	0.4136697918444915	318.42333333333335	330.0383333333333
781200.0	0.39618515235182117	318.52	330.315
784800.0	0.4111012577351807	318.51666666666665	330.26833333333326
788400.0	0.40491837348062043	318.5816666666666	330.06333333333333
792000.0	0.39677752259857113	318.3983333333333	329.99333333333334
795600.0	0.4036230464258494	318.435	330.185
799200.0	0.3892361380319522	318.79999999999995	330.19333333333327
802800.0	0.37983609911227534	318.5466666666666	330.07499999999993
806400.0	0.39739186089294787	318.48	330.16166666666663
810000.0	0.399369421171235	318.7383333333333	330.18499999999995
813600.0	0.36843318159896266	319.19833333333327	329.9616666666666
817200.0	0.35412548676952776	319.18	329.9866666666666
820800.0	0.3560563362398651	319.15	330.07
824400.0	0.35761452028347307	318.9133333333333	329.94999999999993
828000.0	0.36499202227264205	319.35333333333335	329.88333333333327
831600.0	0.35358219797170465	319.3999999999999	329.9866666666666
835200.0	0.33390393382999384	319.7066666666666	329.9816666666666
838800.0	0.36049209092334994	319.755	329.8133333333333
842400.0	0.3685767584540592	319.43999999999994	330.0133333333333
846000.0	0.3784134731008214	318.81833333333327	329.83333333333326
849600.0	0.38531551057197516	318.79499999999996	330.0533333333333
853200.0	0.4003183049693969	318.63833333333326	330.18
856800.0	0.4249166051095926	318.1216666666666	330.08500000000004
860400.0	0.41861854216057676	318.28999999999996	330.19999999999993
864000.0	0.413343637392254	318.20166666666665	330.13666666666666
867600.0	0.41708370772244074	318.0666666666666	330.26
871200.0	0.4219628640860016	318.0233333333333	330.28
874800.0	0.4166828587965433	318.04166666666663	330.25166666666667
878400.0	0.44760259839801886	317.8016666666667	330.19833333333327
882000.0	0.442292230865665	317.94499999999994	330.29999999999995
885600.0	0.42494309736263636	317.90166666666664	330.0849999999999
889200.0	0.42355139534012765	317.8616666666666	330.1583333333333
892800.0	0.4343979265171043	317.63499999999993	330.3583333333333
896400.0	0.42309409465538567	317.765	330.44333333333327
900000.0	0.4038958895368025	318.2833333333333	330.2183333333333
903600.0	0.37722104492788305	318.8283333333333	330.2733333333333
907200.0	0.3616525441653637	319.1783333333333	330.0633333333333
910800.0	0.369853638952024	319.2083333333333	329.9116666666667
914400.0	0.3531045861499129	318.9333333333333	330.03499999999997
918000.0	0.3729198415533007	319.04999999999995	330.0633333333333
921600.0	0.3806749033497534	319.1633333333333	330.1483333333333
925200.0	0.39036617378247795	318.84999999999997	330.09499999999997
928800.0	0.4242100946426449	318.47499999999997	330.08
932400.0	0.39341399772597485	318.31166666666655	330.195
936000.0	0.4033878869076978	318.47666666666663	330.17499999999995
939600.0	0.4135401475431221	318.0333333333333	330.1166666666667
943200.0	0.41962163535823627	318.0566666666666	330.18999999999994
946800.0	0.4260028823561636	318.0483333333333	330.2366666666666
950400.0	0.418989434082364	318.055	330.25833333333327
954000.0	0.4185283128920146	317.87499999999994	330.3066666666666
957600.0	0.41824735609531744	318.015	330.215
961200.0	0.4262550076376561	317.80499999999995	330.2133333333333
964800.0	0.42371095863013836	317.6966666666666	330.1616666666667
968400.0	0.42771130355196924	317.78	330.3333333333333
972000.0	0.4330873324548495	317.7083333333333	330.1083333333333
975600.0	0.4293765712365573	317.71999999999997	330.2283333333333
979200.0	0.42677649013155056	317.93666666666667	330.2466666666666
982800.0	0.4286304285564194	317.96	330.2366666666666
986400.0	0.39409099750302057	318.3	330.2283333333333
990000.0	0.3597496192168546	318.7849999999999	330.07833333333326
993600.0	0.37227625093365807	319.225	330.25833333333327
997200.0	0.34730340961451456	319.40166666666664	330.04999999999995
1000800.0	0.36437587307745506	319.11999999999995	329.88999999999993
1004400.0	0.37474285727238477	319.2316666666666	329.9516666666666
1008000.0	0.36572293645517434	319.0983333333333	330.07
1011600.0	0.38324061363339895	319.1116666666666	330.0766666666666
1015200.0	0.4024471803751805	318.80999999999995	330.145
1018800.0	0.39690177220751355	318.60999999999996	330.11999999999995
1022400.0	0.41190693590763905	318.36	330.245
1026000.0	0.4120596779103016	318.07833333333326	330.1433333333333
1029600.0	0.417285239539361	318.0333333333333	330.22999999999996
1033200.0	0.41993377118797487	317.8616666666667	330.2066666666666
1036800.0	0.4229542356663289	317.9916666666666	330.18833333333333
1040400.0	0.42229944348375625	317.71999999999997	330.3733333333333
1044000.0	0.431770003011883	317.65166666666664	330.37499999999994
1047600.0	0.4359633440325682	317.7016666666666	330.1833333333333
1051200.0	0.4482621716155203	317.46333333333325	330.3
1054800.0	0.4375624453944734	317.6366666666666	330.26166666666666
1058400.0	0.4266370723567171	317.5983333333333	330.22333333333324
1062000.0	0.4420948455240338	317.4216666666666	330.1566666666666
1065600.0	0.43120522481361645	317.62	330.1866666666666
1069200.0	0.41711463361944845	318.00666666666666	330.10499999999996
1072800.0	0.39002650554132834	318.50666666666666	329.8466666666666
1076400.0	0.32726613532740484	319.0433333333333	329.9866666666667
1080000.0	0.32943750207900224	319.63333333333327	330.005
1083600.0	0.34226119033732794	320.1683333333333	330.135
1087200.0	0.34908659264962316	320.26	330.0433333333333
1090800.0	0.3421199548330319	320.15166666666664	329.9583333333333
1094400.0	0.34416969901522937	320.1533333333333	329.8416666666666
1098000.0	0.35820072140145665	319.90166666666664	330.1366666666666
1101600.0	0.35831292855268093	319.6166666666666	330.07666666666665
1105200.0	0.38307244628769654	319.25666666666666	330.11999999999995
1108800.0	0.3972701981620563	319.0133333333333	330.3816666666666
1112400.0	0.39740589482054767	318.66166666666663	330.4233333333333
1116000.0	0.3976630644382989	318.8016666666666	330.3533333333333
1119600.0	0.41230450479533165	318.56333333333333	330.4333333333333
1123200.0	0.42178323884615326	318.7683333333333	330.4183333333333
1126800.0	0.4114451675952611	318.5233333333333	330.4633333333333
1130400.0	0.3942533246971883	318.5	330.3349999999999
1134000.0	0.4186887427071361	318.31833333333327	330.61
1137600.0	0.40328824084774245	318.3566666666666	330.34999999999997
1141200.0	0.4156247244236779	318.49499999999995	330.6183333333333
1144800.0	0.4246415247921814	318.7216666666667	330.54999999999995
1148400.0	0.4212173938754279	318.525	330.465
1152000.0	0.4158501170107351	318.65	330.3466666666666
1155600.0	0.40034091495201035	318.825	330.435
1159200.0	0.3675655118163183	319.33666666666664	330.47999999999996
1162800.0	0.3285868547640337	319.90999999999997	330.1416666666666
1166400.0	0.3616080136517101	320.03666666666663	330.1166666666667
1170000.0	0.3485165156648444	320.17499999999995	329.9316666666666
1173600.0	0.34813560656720294	320.1733333333333	330.09166666666664
1177200.0	0.35070839615660665	320.2033333333333	329.81333333333333
1180800.0	0.3298991923614984	320.41166666666663	329.91999999999996
1184400.0	0.3514969396380625	320.8283333333333	329.9533333333333
1188000.0	0.35299357837659323	319.80999999999995	330.02
1191600.0	0.38279231397626634	319.7433333333333	330.25166666666667
1195200.0	0.3740378151752518	319.62166666666667	330.28666666666663
1198800.0	0.3906265146111121	319.215	330.28166666666664
1202400.0	0.39925479812306697	319.1866666666666	330.3433333333333
1206000.0	0.39349204238655927	319.3216666666666	330.40500000000003
1209600.0	0.3874342372828348	319.1083333333333	330.26333333333326
1213200.0	0.3901825516735826	319.20166666666665	330.2633333333333
1216800.0	0.3804899646395703	319.19499999999994	330.2483333333333
1220400.0	0.37548639064612604	319.4316666666666	330.2083333333333
1224000.0	0.39395561484776553	319.0783333333333	330.31833333333327
1227600.0	0.3924189270604471	319.0333333333333	330.44999999999993
1231200.0	0.4086562526065414	319.3083333333333	330.085
1234800.0	0.37677770885424555	319.415	330.33333333333326
1238400.0	0.3829495290362001	319.37499999999994	330.18499999999995
1242000.0	0.3689148755717464	319.2783333333333	330.255
1245600.0	0.34537947135625796	319.9183333333333	330.115
1249200.0	0.34192862255928924	320.3433333333333	329.87666666666667
1252800.0	0.32970484755841273	320.3233333333333	329.9599999999999
1256400.0	0.3460534562616816	320.53	329.88666666666666
1260000.0	0.3441304686857427	320.40666666666664	329.99666666666667
1263600.0	0.3474437632652618	320.67666666666656	329.89
1267200.0	0.33792558548317264	320.24333333333334	329.9683333333333
1270800.0	0.3267469825990965	320.36	329.9183333333333
1274400.0	0.3420697853442543	320.03	330.2433333333333
1278000.0	0.3653606156978614	320.02666666666664	330.1683333333333
1281600.0	0.3782699179580438	319.33	330.1549999999999
1285200.0	0.3848445477135667	319.3516666666667	330.105
1288800.0	0.38964599830727237	319.10833333333335	330.2416666666666
1292400.0	0.38647869062005547	318.9966666666666	330.2733333333333
1296000.0	0.3928606919170772	318.8066666666666	330.3316666666666
1299600.0	0.3807204097070709	318.83166666666665	330.5033333333333
1303200.0	0.3925554980645477	318.78499999999997	330.5116666666666
1306800.0	0.40147315949859363	318.76666666666665	330.63166666666666
1310400.0	0.4127200479129224	318.88499999999993	330.34333333333325
1314000.0	0.3953059325753352	318.5899999999999	330.50833333333327
1317600.0	0.40684518467712516	318.4966666666666	330.2566666666666
1321200.0	0.41976887410483876	318.7933333333333	330.40166666666664
1324800.0	0.4063359035298442	318.4649999999999	330.3633333333333
1328400.0	0.3878157846463704	318.5283333333333	330.13166666666666
1332000.0	0.3384534409070442	319.19333333333327	330.26333333333326
1335600.0	0.32885047924416927	319.9316666666666	330.065
1339200.0	0.3284952304915932	320.6066666666667	329.88
1342800.0	0.31785581395221907	320.4216666666666	330.01166666666666
1346400.0	0.3219644885377526	320.4933333333333	330.13333333333327
1350000.0	0.3215851290577084	321.12833333333333	329.0666666666666
1353600.0	0.30546979205114555	320.1733333333333	329.21666666666664
1357200.0	0.3172803051047492	320.28666666666663	329.99499999999995
1360800.0	0.3219064271654325	320.34999999999997	329.46166666666664
1364400.0	0.36514570496379134	319.34666666666664	330.1633333333333
1368000.0	0.3775395305503232	319.65166666666664	330.2199999999999
1371600.0	0.3745512917959275	319.3983333333333	330.23333333333323
1375200.0	0.3827687582713165	319.14666666666665	330.60499999999996
1378800.0	0.3871451751402724	319.32333333333327	330.63999999999993
1382400.0	0.3758117645988196	319.16499999999996	330.275
1386000.0	0.3883394521978627	319.38166666666666	330.27333333333326
1389600.0	0.384421467463527	319.29833333333335	330.38999999999993
1393200.0	0.37503195227221553	319.0433333333333	330.3499999999999
1396800.0	0.3889349946985899	319.1216666666666	330.61833333333334
1400400.0	0.3965702227705365	319.3066666666667	330.4233333333333
1404000.0	0.3872405059698685	319.1116666666666	330.3683333333333
1407600.0	0.37891056666259815	319.03999999999996	330.29833333333335
1411200.0	0.3683074397645302	319.38333333333327	330.31833333333327
1414800.0	0.3708124685718951	319.6766666666667	330.21166666666664
1418400.0	0.34343882916268775	319.87833333333333	330.2316666666666
1422000.0	0.3386563513530514	319.94833333333327	330.0733333333333
1425600.0	0.3381837768810245	320.23833333333334	329.8566666666666
1429200.0	0.3348392414263198	320.19833333333327	329.9266666666666
1432800.0	0.31303735083223627	320.255	330.0999999999999
1436400.0	0.3397246839195504	320.755	329.8466666666666
1440000.0	0.3370295928019354	320.81499999999994	329.9133333333333
1443600.0	0.36236611089020876	319.31	329.2933333333333
1447200.0	0.3814977001032164	318.9866666666666	330.2983333333333
1450800.0	0.38593299360111843	319.0216666666666	330.505
1454400.0	0.39233328067167766	319.09499999999997	330.2633333333333
1458000.0	0.4062176477652625	318.80999999999995	330.4866666666666
1461600.0	0.4213340272629874	318.6066666666667	330.4283333333333
1465200.0	0.41252051458275185	318.81499999999994	330.5566666666666
1468800.0	0.41558726494799575	318.65166666666664	330.4733333333333
1472400.0	0.415274623554443	318.56833333333327	330.5616666666666
1476000.0	0.40860226809085176	318.51	330.70333333333326
1479600.0	0.40309865068954986	318.6716666666666	330.79
1483200.0	0.4134291950874548	318.5183333333333	330.6733333333333
1486800.0	0.4327706448424168	317.6116666666666	329.7983333333333
1490400.0	0.43025585715432957	317.80833333333334	330.3083333333333
1494000.0	0.4354068545628752	317.8016666666666	330.57666666666665
1497600.0	0.43011893939609586	318.0	330.6616666666667
1501200.0	0.41681875553371467	317.9183333333333	330.5516666666666
1504800.0	0.40609520599309373	317.88333333333327	330.7066666666666
1508400.0	0.3861391208271134	318.6183333333333	330.5649999999999
1512000.0	0.37837975609028535	318.78666666666663	330.45166666666665
1515600.0	0.3943404158119638	318.62666666666667	330.4083333333333
1519200.0	0.3957535138346077	318.53	330.3216666666666
1522800.0	0.38329611990864343	318.63999999999993	330.3583333333333
1526400.0	0.39993077254861537	319.07166666666666	330.44499999999994
1530000.0	0.40788620085280697	318.8983333333333	330.44499999999994
1533600.0	0.42383414845134865	318.5349999999999	330.4383333333333
1537200.0	0.41489197844126047	318.3033333333333	330.495
1540800.0	0.40981421179781297	318.29166666666663	330.405
1544400.0	0.41844108326154217	318.19499999999994	330.5583333333333
1548000.0	0.43784987754920135	317.91166666666663	330.57333333333327
1551600.0	0.4263536707582568	317.975	330.6066666666666
1555200.0	0.4178860134382173	317.88666666666666	330.65166666666664
1558800.0	0.4123537722904219	318.1733333333333	330.6416666666666
1562400.0	0.4220226866410196	317.8916666666666	330.55499999999995
1566000.0	0.42834201376994896	318.0683333333333	330.57499999999993
1569600.0	0.4344885355710725	318.15666666666664	330.5983333333333
1573200.0	0.4312046740112053	317.9216666666666	330.6449999999999
1576800.0	0.42153017549928784	317.92499999999995	330.59666666666664
1580400.0	0.4151009160414831	317.99499999999995	330.6383333333333
1584000.0	0.41708046140192223	318.0083333333333	330.7366666666667
1587600.0	0.4263570271986282	317.8766666666666	330.55833333333334
1591200.0	0.4135281742812056	318.2316666666666	330.6433333333333
1594800.0	0.36648122913324144	318.69	330.5333333333333
1598400.0	0.3934565407000564	318.7	330.45666666666665
1602000.0	0.4024112394822132	318.3433333333333	330.60833333333323
1605600.0	0.3796571882896107	318.4533333333333	330.43999999999994
1609200.0	0.38242201803362696	318.76666666666665	330.4233333333333
1612800.0	0.40404218100415307	318.5066666666666	330.5066666666666
1616400.0	0.42330589255549345	318.19833333333327	330.37666666666667
1620000.0	0.4192567766781581	318.1116666666666	330.575
1623600.0	0.4243179344294017	318.0066666666666	330.5833333333333
1627200.0	0.4168346461324332	317.99999999999994	330.5799999999999
1630800.0	0.43207953997489146	318.04166666666663	330.59499999999997
1634400.0	0.43881572470550273	317.6766666666666	330.53166666666664
1638000.0	0.42779165848992917	317.75	330.4783333333333
1641600.0	0.42236532607268873	317.9916666666667	330.56833333333327
1645200.0	0.42601215013547655	317.7416666666666	330.5616666666666
1648800.0	0.42756822739678185	318.02166666666665	330.80999999999995
1652400.0	0.4318981236728823	317.9283333333333	330.5833333333333
1656000.0	0.41786815982090103	317.775	330.5933333333333
1659600.0	0.4433994693612271	317.8416666666666	330.59000000000003
1663200.0	0.4381603677364786	317.88	330.53
1666800.0	0.43710193749237486	317.6816666666666	330.32666666666665
1670400.0	0.4325390440978059	317.7149999999999	330.25833333333327
1674000.0	0.4050511538760472	317.8433333333333	330.07166666666666
1677600.0	0.3849276401907743	318.04499999999996	329.515
1681200.0	0.3768589961257804	317.97999999999996	329.865
1684800.0	0.37720608555913965	318.35333333333324	330.07
1688400.0	0.3806661184055771	318.18999999999994	330.10333333333324
1692000.0	0.36430643867794815	318.6683333333333	330.3116666666666
1695600.0	0.3540901181873099	319.2049999999999	330.2983333333333
1699200.0	0.36247650870265247	319.12999999999994	329.09666666666664
1702800.0	0.38567818398244386	318.9	329.7433333333333
1706400.0	0.38620401261751797	318.85499999999996	330.3166666666666
1710000.0	0.41091827122455804	318.65666666666664	330.5083333333333
1713600.0	0.40722551426218967	318.3233333333333	330.62
1717200.0	0.4052590456985539	318.28666666666663	330.5349999999999
1720800.0	0.40686445444375086	317.9783333333333	330.60499999999996
1724400.0	0.4010461021912345	317.9716666666666	330.71333333333325
1728000.0	0.41170835397610456	317.97999999999996	330.70833333333326
1731600.0	0.4188971050684125	318.26166666666666	330.7883333333333
1735200.0	0.41875445803145384	318.02166666666665	330.62166666666667
1738800.0	0.41901004756247867	317.9916666666667	330.74499999999995
1742400.0	0.4028592428414983	317.9266666666667	330.8166666666666
1746000.0	0.39597148171439084	317.80999999999995	330.56499999999994
1749600.0	0.4061323658072151	317.52	330.3133333333333
1753200.0	0.41346643642766945	317.77666666666664	330.4383333333333
1756800.0	0.4223246714014908	318.08666666666664	330.5799999999999
1760400.0	0.39695832599384	318.525	330.60999999999996
1764000.0	0.37786191880827247	319.1083333333333	330.39666666666665
1767600.0	0.37611270375309075	319.26499999999993	330.405
1771200.0	0.38232945888154524	319.57499999999993	330.02833333333336
1774800.0	0.37714718758187504	319.46	330.2049999999999
1778400.0	0.4091967785543013	318.95666666666665	329.1683333333333
1782000.0	0.377167731711865	318.6866666666666	328.51666666666665
1785600.0	0.36977270646747884	318.79999999999995	328.9733333333333
1789200.0	0.3862258541569622	318.88499999999993	330.1583333333333
1792800.0	0.386506332780589	318.99666666666667	329.58833333333325
1796400.0	0.40336045288186717	318.8716666666666	329.72666666666663
1800000.0	0.3859013572779619	318.6166666666666	330.63499999999993
1803600.0	0.4102101333061673	318.77500000000003	330.69333333333327
1807200.0	0.4089993701280499	318.6933333333333	330.90666666666664
1810800.0	0.3981650989126999	318.6366666666667	330.53166666666664
1814400.0	0.39247827658102863	318.58666666666664	330.40833333333325
1818000.0	0.3980235125084717	318.6433333333333	330.32166666666666
1821600.0	0.38886089014400177	318.40666666666664	330.26
1825200.0	0.41442325760411064	318.63166666666666	330.0
1828800.0	0.41132278034138836	318.21666666666664	330.0983333333333
1832400.0	0.4118035810888348	318.2033333333333	329.8299999999999
1836000.0	0.3983571232944499	318.335	329.9816666666666
1839600.0	0.3813411633612962	318.94	330.495
1843200.0	0.38585709148985875	318.8916666666666	330.40666666666664
1846800.0	0.3648991778866964	318.9766666666667	330.51499999999993
1850400.0	0.353968299401063	319.52166666666665	330.49999999999994
1854000.0	0.35597659227744965	319.94833333333327	329.97166666666664
1857600.0	0.3494237856136789	319.8816666666666	330.03166666666664
1861200.0	0.35609963271955025	319.64333333333326	330.06499999999994
1864800.0	0.338820525366895	319.8583333333333	329.815
1868400.0	0.353625236996884	320.3566666666666	329.8783333333333
1872000.0	0.3465629511538425	320.6166666666666	329.695
1875600.0	0.3439054142005382	320.10166666666663	329.75999999999993
1879200.0	0.37200961439981295	319.62999999999994	329.9266666666667
1882800.0	0.3804807839162597	319.18499999999995	329.81333333333333
1886400.0	0.3733236673271446	319.3399999999999	330.48499999999996
1890000.0	0.37939305398296946	319.2016666666666	330.2333333333333
1893600.0	0.38000682524415463	318.905	330.13166666666666
1897200.0	0.37111703308216015	319.1583333333333	330.13666666666666
1900800.0	0.37834667056442883	318.82833333333326	330.1533333333333
1904400.0	0.38617531002633393	318.81833333333327	330.0033333333333
1908000.0	0.37556187556539966	319.0	329.9866666666667
1911600.0	0.35841610079708675	319.0716666666666	330.12333333333333
1915200.0	0.3830119924583385	318.99	330.21666666666664
1918800.0	0.3645359467636944	318.82833333333326	330.3483333333333
1922400.0	0.3807260273452588	319.12333333333333	330.14666666666665
1926000.0	0.39543899743234945	318.79166666666663	330.00499999999994
1929600.0	0.3968887655874414	318.7933333333333	329.8666666666667
1933200.0	0.37255410809035117	319.4116666666667	330.0983333333333
1936800.0	0.34872361382037625	319.3066666666666	329.5866666666666
1940400.0	0.3462364829983265	319.38166666666666	329.47166666666664
1944000.0	0.3315253758418527	320.03999999999996	329.85333333333335
1947600.0	0.32467201631723613	320.4316666666666	329.9
1951200.0	0.33769526113090503	320.2233333333333	330.08666666666664
1954800.0	0.34393158656302586	320.5966666666666	329.76833333333326
1958400.0	0.3446492862227054	320.11333333333323	329.75999999999993
1962000.0	0.3458350362163913	319.91666666666663	329.82499999999993
1965600.0	0.35450202062259556	319.965	329.7983333333333
1969200.0	0.34989937648082187	319.52166666666665	330.1316666666666
1972800.0	0.3650352568061314	319.28666666666663	329.995
1976400.0	0.3599796581767756	319.28999999999996	330.1333333333333
1980000.0	0.3786141951856453	318.955	330.3466666666666
1983600.0	0.39361060767579376	319.1016666666666	330.07333333333327
1987200.0	0.37112754672730003	319.00499999999994	330.46666666666664
1990800.0	0.3663633523325458	319.2216666666666	330.3633333333333
1994400.0	0.3664819168173097	318.9933333333333	330.38666666666666
1998000.0	0.37904067722412715	319.14	330.335
2001600.0	0.35240924537023954	319.00666666666666	330.47166666666664
2005200.0	0.37180360005380286	318.9699999999999	330.26833333333326
2008800.0	0.3778076624107116	319.1366666666666	330.28833333333336
2012400.0	0.398908268811368	319.2416666666667	330.5016666666666
2016000.0	0.3693239951890777	319.2166666666666	329.8783333333333
2019600.0	0.3554369462447426	319.1933333333333	330.39333333333326
2023200.0	0.33511054813311497	319.79999999999995	330.28
2026800.0	0.32324416075329476	320.0083333333333	329.75833333333327
2030400.0	0.3236159716482975	320.1533333333333	329.94833333333327
2034000.0	0.338630914406152	319.94999999999993	330.0666666666666
2037600.0	0.34100743598769845	319.78000000000003	329.955
2041200.0	0.32511849609491456	319.81999999999994	330.0166666666666
2044800.0	0.33794705809769016	319.7733333333333	329.9183333333333
2048400.0	0.33479969688310557	319.8816666666666	330.05333333333334
2052000.0	0.34348778570017346	319.5883333333333	330.29499999999996
2055600.0	0.37629250117497787	319.21666666666664	330.3633333333333
2059200.0	0.3477440584334909	319.05999999999995	330.2216666666666
2062800.0	0.3423578821689925	318.90833333333325	330.28666666666663
2066400.0	0.3559925913611949	318.6733333333333	330.3066666666667
2070000.0	0.36986410602032155	318.905	330.31499999999994
2073600.0	0.37905797267462454	318.9366666666666	330.1449999999999
2077200.0	0.3676523114159772	318.9699999999999	330.4783333333333
2080800.0	0.36261023566682865	318.6866666666666	330.41833333333335
2084400.0	0.3744886274598477	318.8066666666666	330.32166666666666
2088000.0	0.3755009649815472	318.9883333333333	330.30499999999995
2091600.0	0.3760435302616957	318.69999999999993	330.28166666666664
2095200.0	0.3642477628324356	318.8166666666666	330.3733333333333
2098800.0	0.36484105669555683	318.48833333333334	330.3066666666666
2102400.0	0.373604402775345	318.85499999999996	330.3733333333333
2106000.0	0.3504228064919634	318.70666666666665	330.2883333333333
2109600.0	0.34509887166178005	319.2683333333333	330.3383333333333
2113200.0	0.3483681797424766	319.4816666666666	330.03833333333324
2116800.0	0.3382327109729359	319.57833333333326	330.04999999999995
2120400.0	0.33674257332132584	319.99333333333334	329.8633333333333
2124000.0	0.33172535849893514	319.4133333333333	330.09
2127600.0	0.3341017671847163	319.6549999999999	329.90833333333325
2131200.0	0.3457615463792024	319.1183333333333	330.25
2134800.0	0.35283326056857156	318.8583333333333	330.41333333333336
2138400.0	0.36320918106869715	318.8766666666666	330.19499999999994
2142000.0	0.3594713840845241	318.75333333333333	330.3266666666666
2145600.0	0.39091992536158304	318.70333333333326	330.1499999999999
2149200.0	0.3722535869675619	318.54166666666663	330.43333333333334
2152800.0	0.3624255084365206	318.2983333333333	330.3266666666666
2156400.0	0.3530042686728502	318.48999999999995	330.54166666666663
2160000.0	0.3592290472375908	318.3933333333333	330.5283333333333
2163600.0	0.37061983002463045	318.34333333333325	330.58
2167200.0	0.38265712197599516	318.54999999999995	330.40166666666664
2170800.0	0.3753442739939017	318.2183333333333	330.3866666666666
2174400.0	0.35584553717743855	318.19666666666666	330.5283333333333
2178000.0	0.35657896183854254	318.3266666666666	330.49499999999995
2181600.0	0.3860484793552692	318.1583333333333	330.4416666666666
2185200.0	0.3717897604641205	318.1616666666666	330.7049999999999
2188800.0	0.3608153816254291	317.90166666666664	330.28999999999996
2192400.0	0.3508635481328148	318.49999999999994	330.5516666666666
2196000.0	0.3415427080971546	318.25666666666666	330.57
2199600.0	0.3631524512365309	318.47166666666664	330.44999999999993
2203200.0	0.38325241025548096	318.4733333333333	330.1716666666666
2206800.0	0.36950398814223373	318.03	330.84999999999997
2210400.0	0.3557162436376918	317.76666666666665	330.60999999999996
2214000.0	0.36122402771213946	318.84333333333325	330.5633333333333
2217600.0	0.3483155291109258	318.4966666666666	330.5483333333333
2221200.0	0.33374687031522987	318.59666666666664	330.505
2224800.0	0.35309923595701237	318.1066666666666	330.67999999999995
2228400.0	0.3672591360070198	317.98999999999995	330.5433333333333
2232000.0	0.35108848894509714	318.29499999999996	330.955
2235600.0	0.3716771315217519	318.2616666666666	330.53999999999996
2239200.0	0.362286056423781	317.8616666666666	330.1683333333333
2242800.0	0.3563588066634662	317.395	330.1733333333333
2246400.0	0.35058110126484493	317.1533333333333	330.3983333333333
2250000.0	0.35913069977258893	317.5766666666666	330.8433333333333
2253600.0	0.3629906634298969	317.7933333333333	330.89666666666665
2257200.0	0.36055515358413737	317.74333333333334	330.96666666666664
2260800.0	0.37078958480000396	317.35999999999996	331.1166666666666
2264400.0	0.3686396349722454	317.6033333333333	331.1933333333333
2268000.0	0.37829450297063405	317.68999999999994	331.1
2271600.0	0.39197464142328564	317.5333333333333	331.0033333333333
2275200.0	0.36816130667074165	317.34333333333325	330.96999999999997
2278800.0	0.34211610705189394	317.51666666666665	330.6833333333333
2282400.0	0.3132959781015035	318.10499999999996	330.3983333333333
2286000.0	0.2976941845131329	318.70333333333326	330.0883333333333
2289600.0	0.31047691996090154	319.5799999999999	330.045
2293200.0	0.2810748683010228	319.44	330.52
2296800.0	0.27957835258680763	319.81999999999994	330.1166666666666
2300400.0	0.278062095594792	319.72999999999996	330.1083333333333
2304000.0	0.272265199378926	318.94166666666666	330.1816666666666
2307600.0	0.2792727629448431	319.00666666666666	330.3433333333333
2311200.0	0.3064895807122252	319.43333333333334	330.4183333333333
2314800.0	0.3156101037707533	319.01166666666666	330.59
2318400.0	0.3046902063594472	318.5733333333333	330.55999999999995
2322000.0	0.32047668354045944	318.65	330.57333333333327
2325600.0	0.30255698277060306	319.82833333333326	330.67999999999995
2372400.0	0.6246229268162566	311.1516666666666	317.3666666666667
2376000.0	0.7318064207344588	304.94333333333327	317.29166666666663
2379600.0	0.3896152347328642	317.90166666666664	330.59999999999997
2383200.0	0.3754550787283629	317.7333333333333	330.23166666666657
2386800.0	0.3574869590586784	318.4866666666667	330.43499999999995
2390400.0	0.35872874924259873	318.8433333333333	330.34999999999997
2394000.0	0.3615184377766351	318.8066666666666	330.2083333333333
2397600.0	0.3616924936100182	318.4899999999999	330.2166666666667
2401200.0	0.36443652479911337	317.9883333333333	330.3666666666667
2404800.0	0.3759531427721692	317.84499999999997	330.455
2408400.0	0.37839810143445063	317.5066666666666	330.5383333333333
2412000.0	0.37868603767066333	317.4766666666666	330.57499999999993
2415600.0	0.38402435609426866	317.2383333333333	330.51666666666665
2419200.0	0.3940991508826134	317.31166666666667	330.63166666666666
2422800.0	0.40634370894698246	317.59499999999997	330.60833333333335
2426400.0	0.38236396591400823	317.525	330.62
2430000.0	0.3878188409625748	317.3583333333333	330.5899999999999
2433600.0	0.3810203021589928	316.92499999999995	330.655
2437200.0	0.3839601305865166	317.0283333333333	330.78
2440800.0	0.3888604704499967	317.105	330.735
2444400.0	0.38123071835738803	317.3933333333333	330.5966666666666
2448000.0	0.3887505284564442	317.45833333333326	330.46166666666664
2451600.0	0.37565070191563593	317.21666666666664	330.3716666666666
2455200.0	0.32772338010096425	318.455	330.0683333333333
2458800.0	0.32466804438923863	319.22666666666663	330.1283333333333
2462400.0	0.3324789030364707	319.6049999999999	330.1166666666666
2466000.0	0.32436838075300395	319.5433333333333	329.9799999999999
2469600.0	0.3410101149092577	319.325	330.0183333333333
2473200.0	0.3441349245424613	319.5516666666667	329.9533333333333
2476800.0	0.34551341971796146	319.4316666666666	330.16666666666663
2480400.0	0.35485567315044914	319.1816666666667	329.95833333333326
2484000.0	0.3626153257610475	319.175	330.11999999999995
2487600.0	0.3782561927325601	318.865	330.11499999999995
2491200.0	0.3802259347321083	318.5933333333333	330.19166666666666
2494800.0	0.37765111039700205	317.99999999999994	330.4266666666666
2498400.0	0.3672404092901167	318.21833333333325	330.50666666666666
2502000.0	0.3497644373548533	317.5716666666666	330.695
2505600.0	0.33806654501657385	317.87833333333333	330.71666666666664
2509200.0	0.32959415233218603	317.38	330.59
2512800.0	0.3394317259758634	317.1566666666666	331.12
2516400.0	0.3609353045777469	317.6066666666666	330.85999999999996
2520000.0	0.3576485884325098	317.6966666666666	330.8666666666666
2523600.0	0.36242444396932216	317.5033333333333	330.97999999999996
2527200.0	0.35302746386094236	317.31999999999994	331.00999999999993
2530800.0	0.36923679055820435	317.5933333333333	330.71666666666664
2534400.0	0.4156315775142895	317.96166666666664	330.1333333333333
2538000.0	0.405110056481501	318.98499999999996	329.78499999999997
2541600.0	0.349501359305002	317.19666666666666	328.81499999999994
2548800.0	0.483948002523997	320.3133333333333	330.69333333333327
2552400.0	0.37661633836133845	321.2833333333333	329.3833333333333
2556000.0	0.3480836862167693	321.58333333333326	329.29333333333335
2559600.0	0.3596216948005849	321.645	329.3383333333333
2563200.0	0.3514545709143151	321.66666666666663	329.3666666666666
2566800.0	0.34193499925254717	321.5949999999999	329.1466666666666
2570400.0	0.35771301998586763	320.9383333333333	328.9733333333333
2574000.0	0.3532170060130982	320.275	329.82
2577600.0	0.3779417734439272	320.3166666666666	329.96166666666664
2581200.0	0.3921757293385252	320.48999999999995	329.81499999999994
2584800.0	0.3946194214172747	320.3333333333333	330.025
