#1
double tab1(171,4)
# Date
# m_sec
# SSCALYECH1FTPRET__MSEC
# SSCALYECH1FTPDEP__MSEC
3600.0	0.0	295.8383333333333	295.90666666666664
14400.0	0.0	295.60499999999996	295.6599999999999
25200.0	0.0	295.4549999999999	295.48999999999995
54000.0	0.0	296.03999999999996	296.0716666666666
68400.0	0.0	296.02333333333326	296.0633333333333
90000.0	0.0	295.6116666666666	295.68499999999995
129600.0	0.0	297.485	297.4866666666666
140400.0	0.0	297.88	297.9383333333333
154800.0	0.0	296.97499999999997	296.99833333333333
162000.0	0.0	296.34499999999997	296.3366666666666
172800.0	0.0	296.0416666666666	296.06166666666655
180000.0	0.0	295.91666666666663	295.97499999999997
187200.0	0.0	295.84999999999997	295.8133333333333
190800.0	0.0	296.0666666666666	296.02166666666665
205200.0	0.0	296.9216666666666	296.9183333333333
216000.0	0.0	297.9916666666666	298.0533333333333
219600.0	0.0	297.99499999999995	298.00833333333327
226800.0	0.0	297.9183333333333	298.00499999999994
237600.0	0.0	297.405	297.4599999999999
248400.0	0.0	296.2933333333333	296.34
255600.0	0.0	295.95	295.99499999999995
259200.0	0.0	295.8166666666666	295.84999999999997
270000.0	0.0	295.59666666666664	295.6749999999999
277200.0	0.0	295.5133333333333	295.56833333333327
327600.0	0.0	295.53	295.60499999999996
342000.0	0.0	295.37666666666667	295.445
363600.0	0.0	295.24999999999994	295.34999999999997
367200.0	0.0	295.24999999999994	295.3416666666666
396000.0	0.0	295.4983333333333	295.5483333333333
399600.0	0.0	295.6083333333333	295.5899999999999
417600.0	0.0	295.47333333333336	295.4733333333333
428400.0	0.0	295.3733333333333	295.3599999999999
432000.0	0.0	295.3566666666667	295.3383333333333
435600.0	0.0	295.31499999999994	295.27333333333326
450000.0	0.0	295.2566666666666	295.2949999999999
464400.0	0.0	296.4	296.41999999999996
500400.0	0.0	296.835	296.88166666666666
522000.0	0.0	295.7216666666666	295.78166666666664
540000.0	0.0	295.45333333333326	295.5
550800.0	0.0	296.6733333333333	296.6383333333333
565200.0	0.0	298.0616666666666	298.06833333333327
579600.0	0.0	298.34499999999997	298.3216666666666
586800.0	0.0	297.4133333333333	297.4683333333333
590400.0	0.0	297.00999999999993	297.07
594000.0	0.0	296.7883333333333	296.8383333333333
604800.0	0.0	296.15666666666664	296.215
619200.0	0.0	295.8483333333333	295.9183333333333
662400.0	0.0	297.98499999999996	298.0199999999999
666000.0	0.0	298.13166666666666	298.2316666666666
676800.0	0.0	297.28166666666664	297.3216666666666
680400.0	0.0	296.8616666666667	296.90999999999997
687600.0	0.0	296.4266666666666	296.4733333333333
694800.0	0.0	296.11999999999995	296.16666666666663
698400.0	0.0	295.99999999999994	296.0516666666666
702000.0	0.0	295.91999999999996	295.96833333333325
730800.0	0.0	298.17499999999995	298.14
759600.0	0.0	297.80999999999995	297.84499999999997
770400.0	0.0	296.9733333333333	297.01666666666665
774000.0	0.0	296.62166666666667	296.645
788400.0	0.0	296.2133333333333	296.24833333333333
846000.0	0.0	297.72999999999996	297.7416666666666
867600.0	0.0	296.46166666666664	296.5283333333333
874800.0	0.0	296.2416666666666	296.3033333333333
878400.0	0.0	296.1183333333332	296.1733333333333
907200.0	0.0	295.98999999999995	296.03833333333324
918000.0	0.0	296.0433333333333	296.07833333333326
928800.0	0.0	296.0033333333333	296.0899999999999
936000.0	0.0	295.8433333333333	295.91166666666663
946800.0	0.0	295.6766666666666	295.7416666666666
972000.0	0.0	295.2933333333333	295.35
1029600.0	0.0	295.46166666666664	295.525
1072800.0	0.0	296.92499999999995	296.92999999999995
1083600.0	0.0	298.4233333333333	298.44333333333327
1105200.0	0.0	297.6733333333333	297.7283333333333
1108800.0	0.0	296.96	297.00666666666666
1137600.0	0.0	295.94833333333327	295.96166666666664
1162800.0	0.0	297.9266666666666	297.9533333333333
1180800.0	0.0	297.92499999999995	297.97499999999997
1188000.0	0.0	297.7199999999999	297.77
1198800.0	0.0	296.905	296.95166666666665
1202400.0	0.0	296.5116666666666	296.55499999999995
1213200.0	0.0	296.15833333333325	296.1916666666666
1224000.0	0.0	296.0466666666666	296.0716666666666
1245600.0	0.0	297.6133333333333	297.56833333333327
1249200.0	0.0	297.6816666666666	297.645
1285200.0	0.0	296.9833333333333	297.05333333333334
1335600.0	0.0	297.2616666666666	297.18999999999994
1360800.0	0.0	297.455	297.4383333333333
1400400.0	0.0	296.1099999999999	296.16499999999996
1458000.0	0.0	296.50666666666666	296.5533333333333
1465200.0	0.0	296.155	296.19999999999993
1483200.0	0.0	295.6416666666666	295.6533333333333
1519200.0	0.0	295.4283333333333	295.5133333333333
1530000.0	0.0	295.6499999999999	295.7416666666666
1533600.0	0.0	295.59666666666664	295.66499999999996
1537200.0	0.0	295.48499999999996	295.54166666666663
1544400.0	0.0	295.2583333333333	295.31499999999994
1548000.0	0.0	295.05999999999995	295.1116666666666
1551600.0	0.0	294.9283333333333	294.99499999999995
1555200.0	0.0	294.8633333333333	294.91999999999996
1562400.0	0.0	294.77	294.83166666666665
1576800.0	0.0	294.65	294.7366666666667
1623600.0	0.0	294.88333333333327	294.9416666666666
1656000.0	0.0	294.53999999999996	294.55166666666656
1670400.0	0.0	295.37	295.37499999999994
1684800.0	0.0	297.1816666666666	297.27
1706400.0	0.0	297.4333333333333	297.39666666666665
1710000.0	0.0	297.195	297.1283333333333
1717200.0	0.0	296.15666666666664	296.13166666666666
1720800.0	0.0	295.955	295.95166666666665
1728000.0	0.0	295.47666666666663	295.51166666666666
1746000.0	0.0	295.3066666666666	295.35166666666663
1782000.0	0.0	298.2433333333333	298.19333333333327
1789200.0	0.0	298.18666666666667	298.14166666666665
1792800.0	0.0	297.965	297.9383333333333
1796400.0	0.0	297.42333333333335	297.4216666666666
1803600.0	0.0	296.9916666666666	296.93333333333334
1814400.0	0.0	296.0299999999999	296.0566666666666
1818000.0	0.0	295.88999999999993	295.89666666666665
1821600.0	0.0	295.85999999999996	295.8566666666666
1836000.0	0.0	295.86999999999995	295.84999999999997
1846800.0	0.0	296.7883333333333	296.7533333333333
1854000.0	0.0	297.6116666666666	297.56499999999994
1864800.0	0.0	297.83666666666664	297.75999999999993
1875600.0	0.0	298.06833333333327	298.0566666666667
1879200.0	0.0	297.86499999999995	297.89166666666665
1882800.0	0.0	297.47166666666664	297.4983333333333
1890000.0	0.0	296.8533333333333	296.84999999999997
1893600.0	0.0	296.5716666666666	296.59333333333325
1897200.0	0.0	296.3433333333333	296.37499999999994
1900800.0	0.0	296.2783333333333	296.28
1911600.0	0.0	296.0533333333332	296.01833333333326
1915200.0	0.0	295.9316666666666	295.9866666666666
1929600.0	0.0	296.3816666666666	296.34
1954800.0	0.0	297.85333333333324	297.84499999999997
1965600.0	0.0	297.835	297.8383333333333
1969200.0	0.0	297.51833333333326	297.45666666666665
1980000.0	0.0	296.9616666666667	296.9033333333333
1983600.0	0.0	296.8083333333333	296.75499999999994
1994400.0	0.0	296.4466666666666	296.42499999999995
2001600.0	0.0	296.2966666666666	296.2733333333333
2023200.0	0.0	297.53	297.4933333333333
2030400.0	0.0	297.83166666666665	297.78166666666664
2041200.0	0.0	297.8299999999999	297.82499999999993
2070000.0	0.0	296.715	296.69333333333327
2084400.0	0.0	296.35999999999996	296.3733333333333
2091600.0	0.0	296.1733333333333	296.21666666666664
2109600.0	0.0	296.0983333333333	296.155
2120400.0	0.0	296.1866666666666	296.25666666666666
2163600.0	0.0	295.8883333333333	295.9616666666666
2181600.0	0.0	295.70333333333326	295.78666666666663
2224800.0	0.0	296.05166666666656	296.08666666666664
2239200.0	0.0	295.7383333333333	295.78999999999996
2278800.0	0.0	296.73499999999996	296.66666666666663
2300400.0	0.0	298.55499999999995	298.5166666666666
2354400.0	0.0	296.3666666666667	296.4266666666666
2365200.0	0.0	297.645	297.6266666666666
2376000.0	0.0	298.6716666666666	298.69999999999993
2379600.0	0.0	298.5083333333333	298.54999999999995
2394000.0	0.0	298.43833333333333	298.46999999999997
2404800.0	0.0	297.275	297.31999999999994
2408400.0	0.0	297.0466666666666	297.0933333333333
2415600.0	0.0	296.6366666666666	296.71
2455200.0	0.0	297.59666666666664	297.60166666666663
2466000.0	0.0	298.06833333333327	298.12333333333333
2469600.0	0.0	298.07666666666665	298.11833333333334
2491200.0	0.0	297.2699999999999	297.30999999999995
2494800.0	0.0	296.94333333333327	296.98333333333335
2509200.0	0.0	296.4083333333333	296.46666666666664
2538000.0	0.0	297.32499999999993	297.31333333333333
2566800.0	0.0	297.9033333333333	297.94833333333327
