#1
double tab1(719,7)
# Date
# THA-MESURE DE TEMPERATURE DEPART COMPTEUR FROID - SSTA GOTU (°C)
# THA-MESURE DE TEMPERATURE RETOUR COMPTEUR FROID - SSTA GOTU (°C)
# SSGOTUECH1FTPDEP__MSEC
# SSGOTUECH1FTPRET__MSEC
# Eau Glacée - Débit SST GOTU (m3/h)
# m_sec_m3
0.0	187.29999999999998	190.83333333333331	190.26166666666663	192.0933333333333	2.4895	4.802497879313666
3600.0	280.95	286.24999999999994	285.4033333333333	288.1166666666666	3.9159999999999995	7.652768707687754
7200.0	280.95	286.24999999999994	285.40666666666664	288.11999999999995	4.116	8.041147093791155
10800.0	280.95	286.24999999999994	285.39666666666665	288.1083333333333	3.776	7.381276715080327
14400.0	280.95	286.24999999999994	285.3833333333333	288.1166666666666	3.8919999999999995	7.549108555456308
18000.0	280.95	286.24999999999994	285.395	288.0799999999999	3.92	7.736840709353837
21600.0	280.95	286.24999999999994	285.39666666666665	288.0483333333333	3.726833333333333	7.449081428323603
25200.0	280.95	285.7583333333333	285.61999999999995	288.0516666666666	2.5839999999999996	5.134381142594762
28800.0	280.95	286.17499999999995	285.61999999999995	288.0716666666666	4.127999999999999	8.821384860526656
32400.0	280.95	286.24999999999994	285.395	288.07333333333327	4.043999999999999	8.005314121818445
36000.0	280.95	286.24999999999994	285.37666666666667	288.0949999999999	3.7439999999999998	7.302683185612946
39600.0	280.475	286.24999999999994	285.3733333333333	288.155	3.34	6.934512108863409
43200.0	280.45	286.24999999999994	285.3716666666666	288.1616666666666	3.332	6.927235400328778
46800.0	280.45	286.24999999999994	285.3833333333333	288.1499999999999	3.144	6.593082320247083
50400.0	280.45	286.24999999999994	285.41666666666663	288.0916666666666	3.072	6.66274744029092
54000.0	280.45	286.24999999999994	285.405	288.07333333333327	3.144	6.836426355409404
57600.0	280.45	286.24999999999994	285.39166666666665	288.0616666666666	3.3720000000000003	7.3304293810018315
61200.0	280.45	286.24999999999994	285.38333333333327	288.04999999999995	3.469333333333333	7.545102046176299
64800.0	280.45	286.24999999999994	285.405	288.07833333333326	3.228	7.005669432157083
68400.0	280.45	286.24999999999994	285.39	288.07833333333326	3.632	7.8428129252428045
72000.0	280.45	286.24999999999994	285.39166666666665	288.07333333333327	3.528	7.633339636061011
75600.0	280.45	286.24999999999994	285.42999999999995	288.06999999999994	3.9859999999999998	8.76055091146864
79200.0	280.45	286.24999999999994	285.405	288.07333333333327	4.292	9.337823301920155
82800.0	280.45	286.24999999999994	285.35333333333335	288.0816666666666	4.199999999999999	8.932598803158523
86400.0	280.45	286.24999999999994	285.3283333333333	288.0516666666666	4.260999999999999	9.075375047995344
90000.0	280.45	286.24999999999994	285.33333333333326	288.07333333333327	4.359999999999999	9.237566601474601
93600.0	280.45	286.24999999999994	285.35333333333324	288.0716666666666	4.175999999999999	8.913322672693466
97200.0	280.45	286.24999999999994	285.34999999999997	288.0716666666666	4.239999999999999	9.037041275781636
100800.0	280.45	286.24999999999994	285.30999999999995	288.06833333333327	4.130666666666666	8.686954504594125
104400.0	280.45	286.24999999999994	285.35166666666663	288.0766666666666	4.242999999999999	9.03564645678434
108000.0	280.45	286.24999999999994	285.35333333333335	288.0616666666666	4.4383333333333335	9.50805677036697
111600.0	280.45	286.24999999999994	285.3533333333333	288.06999999999994	4.4479999999999995	9.49900004494196
115200.0	280.45	286.24999999999994	285.32333333333327	288.06499999999994	4.34	9.184324714141166
118800.0	280.45	286.24999999999994	285.3183333333333	288.06999999999994	3.632	7.660299786438972
122400.0	280.45	286.24999999999994	285.37333333333333	288.0716666666666	3.3623333333333334	7.22761341511128
126000.0	280.45	286.24999999999994	285.36999999999995	288.04999999999995	3.444	7.458193130412187
129600.0	280.45	286.24999999999994	285.4216666666666	288.02166666666665	3.076	6.861846153846152
133200.0	280.45	286.24999999999994	285.41166666666663	288.0616666666666	2.972	6.511002696279183
136800.0	280.45	286.24999999999994	285.37499999999994	288.0633333333333	2.852	6.1562644037017185
140400.0	280.45	286.24999999999994	285.41499999999996	288.0616666666666	2.908	6.373270340461573
144000.0	280.45	286.24999999999994	285.39166666666665	288.0616666666666	3.204	6.961429336109808
147600.0	280.45	286.24999999999994	285.41499999999996	288.07333333333327	3.2023333333333333	6.992037316231636
151200.0	280.45	286.24999999999994	285.4266666666666	288.0633333333333	3.2	7.043965718649543
154800.0	280.45	286.24999999999994	285.41666666666663	288.05999999999995	3.1428333333333334	6.895290266299881
158400.0	280.45	286.24999999999994	285.41666666666663	288.0633333333333	3.416	7.487490962071446
162000.0	280.45	286.24999999999994	285.41166666666663	288.07333333333327	3.508	7.644849472760262
165600.0	280.45	286.24999999999994	285.40999999999997	288.0899999999999	3.652	7.913506682559473
169200.0	280.45	286.24999999999994	285.42999999999995	288.06999999999994	3.791999999999999	8.342111222111221
172800.0	280.45	286.24999999999994	285.3833333333333	288.08333333333326	3.6359999999999992	7.813174359268219
176400.0	280.45	286.24999999999994	285.405	288.07499999999993	3.6	7.820421614039969
180000.0	280.45	286.24999999999994	285.39666666666665	288.0799999999999	3.579	7.737666598494489
183600.0	280.45	286.24999999999994	285.3833333333333	288.07333333333327	3.676	7.926978811360588
187200.0	280.45	286.24999999999994	285.405	288.06999999999994	3.584	7.800719366107101
190800.0	280.45	286.24999999999994	285.41666666666663	288.03999999999996	3.6839999999999993	8.146548496902852
194400.0	280.5083333333333	286.24999999999994	285.38333333333327	288.04999999999995	3.7559999999999993	8.083530453852832
198000.0	280.95	286.24999999999994	285.405	288.0483333333333	3.895999999999999	7.812502436325914
201600.0	280.95	286.24999999999994	285.43999999999994	288.0483333333333	3.935999999999999	7.998027253359765
205200.0	280.95	286.24999999999994	285.41666666666663	288.05999999999995	3.92	7.865867044352896
208800.0	280.95	286.24999999999994	285.4266666666666	288.0616666666666	3.94	7.923008970755536
212400.0	280.95	286.24999999999994	285.4383333333333	288.0616666666666	3.556	7.191762670468185
216000.0	280.95	286.24999999999994	285.4233333333333	288.0716666666666	3.372	6.749104354709134
219600.0	280.95	286.24999999999994	285.41166666666663	288.085	3.46	6.864245258980814
223200.0	280.95	286.24999999999994	285.4283333333333	288.0799999999999	3.508	7.0254456029903585
226800.0	280.95	286.24999999999994	285.37333333333333	288.12666666666655	3.464	6.676287007110534
230400.0	280.95	286.24999999999994	285.37499999999994	288.13833333333326	3.596	6.902912513842743
234000.0	280.95	286.24999999999994	285.4749999999999	288.1033333333333	3.4440000000000004	6.95039758775176
237600.0	281.04166666666663	286.24999999999994	285.48499999999996	288.1183333333333	3.7731666666666666	7.453136535702768
241200.0	281.45	286.24999999999994	285.4933333333333	288.1033333333333	3.608	6.638237636063331
244800.0	281.45	286.24999999999994	285.5116666666666	288.10999999999996	3.544	6.550902451178474
248400.0	281.45	286.24999999999994	285.49999999999994	288.10999999999996	3.448	6.344156212849154
252000.0	281.45	286.24999999999994	285.49499999999995	288.1499999999999	3.268	5.909292107778593
255600.0	281.04999999999995	285.9	285.62666666666667	288.13833333333326	2.1159999999999997	4.057102827529507
259200.0	280.95	285.9833333333333	285.78	288.15999999999997	3.2039999999999997	6.786681292664858
262800.0	280.95	286.24999999999994	285.4616666666666	288.1716666666666	3.7800000000000002	7.402552401339234
266400.0	280.95	286.24999999999994	285.4283333333333	288.15999999999997	3.416	6.629029873154112
270000.0	280.95	286.24999999999994	285.44999999999993	288.1733333333333	3.516	6.842224463791178
273600.0	280.95	286.24999999999994	285.41499999999996	288.1733333333333	3.492	6.713483137564274
277200.0	280.95	286.05833333333334	285.45	288.15999999999997	2.7148333333333334	5.166430433757253
280800.0	280.95	285.76666666666665	285.8033333333333	288.1499999999999	2.544	5.261557029214027
284400.0	280.95	286.24999999999994	285.5849999999999	288.12499999999994	4.14	8.677997799405581
288000.0	280.95	285.9083333333333	285.56833333333327	288.11999999999995	2.861166666666666	5.567069638702108
291600.0	280.95	286.04166666666663	285.78	288.1599999999999	3.5999999999999996	7.722319461943164
295200.0	280.95	286.24999999999994	285.42333333333335	288.17499999999995	3.54	6.828970964486699
298800.0	280.95	286.24999999999994	285.4416666666666	288.15999999999997	3.416	6.6623672145925035
302400.0	280.95	286.24999999999994	285.44999999999993	288.1733333333333	3.564	6.935185358914991
306000.0	280.95	286.24999999999994	285.41999999999996	288.17999999999995	3.514	6.750538970520148
309600.0	280.95	286.24999999999994	285.4133333333333	288.15333333333325	3.476	6.723951716372094
313200.0	280.95	286.24999999999994	285.4266666666666	288.1616666666666	3.503	6.791377013588714
316800.0	280.95	286.24999999999994	285.4316666666666	288.1266666666666	3.464	6.812729827239663
320400.0	280.95	286.24999999999994	285.4383333333333	288.09999999999997	3.7279999999999998	7.428163572893093
324000.0	280.95	286.24999999999994	285.4583333333333	288.0716666666666	4.012	8.13835724850226
327600.0	280.95	286.24999999999994	285.43499999999995	288.07333333333327	3.8320000000000003	7.7040967849157
331200.0	280.95	286.24999999999994	285.40666666666664	288.0849999999999	3.6239999999999997	7.178680888737374
334800.0	280.95	286.24999999999994	285.46	288.0716666666666	3.653666666666666	7.413951789022131
338400.0	280.95	286.24999999999994	285.4466666666666	288.0933333333333	3.628	7.268133745468923
342000.0	280.95	286.24999999999994	285.4633333333333	288.08833333333325	3.7559999999999993	7.588748539890172
345600.0	280.95	286.24999999999994	285.42999999999995	288.09166666666664	3.636	7.246233972755841
349200.0	280.95	286.24999999999994	285.41666666666663	288.08333333333326	3.6959999999999997	7.347969511088218
352800.0	280.95	286.24999999999994	285.3883333333333	288.0766666666666	3.7873333333333328	7.468109086013925
356400.0	280.95	286.24999999999994	285.4	288.07333333333327	3.7874999999999996	7.5086172263594975
360000.0	280.95	286.24999999999994	285.3716666666666	288.0716666666666	3.959999999999999	7.778561132429268
363600.0	280.95	286.24999999999994	285.35999999999996	288.07833333333326	3.7719999999999994	7.356031388863757
367200.0	280.95	286.24999999999994	285.3733333333333	288.0766666666666	3.9959999999999996	7.837774115641897
370800.0	280.95	286.24999999999994	285.34999999999997	288.07333333333327	4.06	7.903007211853192
374400.0	280.95	286.24999999999994	285.33333333333326	288.09	4.067999999999999	7.832965712255632
378000.0	280.95	286.24999999999994	285.375	288.07333333333327	3.8519999999999994	7.569444194583523
381600.0	280.55833333333334	286.24999999999994	285.395	288.04999999999995	3.7239999999999993	7.978805836903659
385200.0	280.45	286.24999999999994	285.3716666666666	288.08333333333326	3.064	6.555828871306732
388800.0	280.45	286.24999999999994	285.405	288.04999999999995	3.0925	6.780923638903529
392400.0	280.45	286.24999999999994	285.40666666666664	288.0566666666666	3.024	6.619241345782402
396000.0	280.45	286.24999999999994	285.39666666666665	288.05499999999995	2.921	6.373590365551265
399600.0	280.45	286.24999999999994	285.3816666666666	288.04999999999995	3.092	6.719062110017509
403200.0	280.45	286.24999999999994	285.4	288.0383333333333	3.2319999999999998	7.105879333584581
406800.0	280.45	286.24999999999994	285.385	288.04999999999995	3.3000000000000003	7.184597952492632
410400.0	280.9	286.24999999999994	285.41999999999996	288.0716666666666	3.636	7.334844888949595
414000.0	280.95	286.24999999999994	285.405	288.07333333333327	3.364	6.685954508087331
417600.0	280.95	286.24999999999994	285.4366666666666	288.0616666666666	3.4868333333333332	7.043110654033567
421200.0	281.7583333333333	286.24999999999994	285.45	288.0716666666666	3.9894999999999996	6.830480377498024
424800.0	280.97499999999997	286.24999999999994	285.4333333333333	288.0616666666666	3.5375	7.099755262232532
428400.0	280.95	286.24999999999994	285.395	288.06499999999994	3.744	7.434230423229762
432000.0	280.95	286.24999999999994	285.40666666666664	288.0716666666666	3.5839999999999996	7.126568802217082
435600.0	280.95	286.24999999999994	285.37333333333333	288.0799999999999	3.7	7.246370611070477
439200.0	280.95	286.24999999999994	285.395	288.07333333333327	3.52	6.9648902515477165
442800.0	280.95	286.24999999999994	285.40666666666664	288.06999999999994	3.4943333333333326	6.956693840070712
446400.0	280.95	286.24999999999994	285.3816666666666	288.0616666666666	3.6479999999999997	7.215642788870341
450000.0	280.95	286.24999999999994	285.3833333333333	288.0616666666666	3.556	7.036902072739281
453600.0	280.95	286.24999999999994	285.41999999999996	288.06999999999994	3.416	6.83392724300582
457200.0	280.95	286.24999999999994	285.3833333333333	288.0533333333333	3.7079999999999993	7.358040076005564
460800.0	280.95	286.24999999999994	285.3583333333333	288.04999999999995	3.7479999999999993	7.381904864269318
464400.0	280.95	286.24999999999994	285.3666666666667	288.0666666666666	3.632	7.132058231802332
468000.0	280.95	286.24999999999994	285.34999999999997	288.1499999999999	3.312	6.269142857142855
471600.0	280.91999999999996	286.24999999999994	285.34999999999997	288.1449999999999	3.204	6.111558535327486
475200.0	280.0583333333333	286.24999999999994	285.3733333333333	288.04999999999995	2.98	6.8925730666711384
478800.0	279.84999999999997	286.24999999999994	285.3733333333333	288.06833333333327	2.924	6.943409591657025
482400.0	279.84999999999997	286.24999999999994	285.3616666666666	288.05499999999995	3.108	7.384027986495164
486000.0	280.28	286.24999999999994	285.34833333333336	288.07499999999993	3.54	7.743040878945985
489600.0	280.575	286.24999999999994	285.32666666666665	288.07333333333327	4.0040000000000004	8.274831334932049
493200.0	280.95	286.24999999999994	285.3816666666666	288.04999999999995	3.968	7.882457412319477
496800.0	280.95	286.24999999999994	285.4033333333333	288.07333333333327	3.952	7.850238008121695
500400.0	281.1166666666667	286.24999999999994	285.45166666666665	288.05999999999995	3.977666666666666	7.82474240039585
504000.0	281.45	286.1333333333333	285.45	288.08333333333326	3.819333333333333	6.852503396253117
507600.0	281.45	285.75	285.81833333333327	288.03999999999996	2.332	4.557136996945214
511200.0	281.45	286.26	285.6466666666666	288.0616666666666	4.512	9.029566906775091
514800.0	281.0833333333333	286.15	285.4	288.1016666666666	3.6583333333333328	6.880238413350834
518400.0	280.95	285.88333333333327	285.71666666666664	288.1499999999999	3.3120000000000003	6.740609659836803
522000.0	280.95	286.3166666666666	285.46166666666664	288.1783333333333	4.078666666666666	8.140364893830366
525600.0	280.95	285.84999999999997	285.63166666666666	288.16999999999996	2.5749999999999997	5.040687306801292
529200.0	280.95	285.84999999999997	285.7333333333333	288.1783333333333	3.4131666666666667	6.8394142314323645
532800.0	280.95	285.84999999999997	285.7266666666667	288.1733333333333	3.46	6.9343063744098075
536400.0	280.95	285.84999999999997	285.735	288.17499999999995	3.6039999999999996	7.240384803921566
540000.0	280.95	285.84999999999997	285.7283333333333	288.22666666666663	3.6879999999999997	7.231511541993301
543600.0	280.95	285.84999999999997	285.7383333333333	288.26166666666666	3.764	7.30883230259121
547200.0	281.34166666666664	285.84999999999997	285.7966666666666	288.27166666666665	3.568	6.506458215546102
550800.0	281.45	285.84999999999997	285.84	288.28499999999997	3.444	6.199699711521452
554400.0	281.45	286.34999999999997	285.51	288.34	4.704	8.17101740161742
558000.0	281.41666666666663	285.97499999999997	285.5616666666666	288.3383333333333	2.8879999999999995	4.744852650793069
561600.0	280.90999999999997	286.04999999999995	285.75333333333333	288.3616666666666	3.4619999999999997	6.8588464303351495
565200.0	280.34999999999997	286.10999999999996	285.42999999999995	288.3116666666666	3.552	7.14842561612862
568800.0	280.34999999999997	285.91666666666663	285.8033333333333	288.26166666666666	2.7359999999999998	6.261177209895528
572400.0	280.34999999999997	286.24999999999994	285.48499999999996	288.26166666666666	3.576	7.6120990617954725
576000.0	280.4833333333333	286.24999999999994	285.4266666666666	288.25	3.392	6.9283673270635635
579600.0	280.84999999999997	286.24999999999994	285.4366666666666	288.25	3.3240000000000003	6.382629013109432
583200.0	280.84999999999997	286.24999999999994	285.4816666666666	288.25	3.856	7.524655292884594
586800.0	281.3083333333333	286.24999999999994	285.47833333333324	288.1549999999999	4.148	7.6606685410807
590400.0	281.34999999999997	286.24999999999994	285.47666666666663	288.13333333333327	3.7365000000000004	6.893073951987475
594000.0	280.7666666666666	286.24999999999994	285.4483333333333	288.13833333333326	3.508	7.156565949348557
597600.0	280.2416666666667	286.24999999999994	285.3933333333333	288.1266666666666	3.4640000000000004	7.619549467764598
601200.0	280.15	286.24999999999994	285.37	288.1499999999999	3.6799999999999993	8.077145473231802
604800.0	280.15	286.24999999999994	285.3483333333333	288.1616666666666	3.795	8.233292243596594
608400.0	280.15	286.24999999999994	285.3399999999999	288.0933333333333	3.816	8.455531335139893
612000.0	280.15	286.24999999999994	285.33	288.0933333333333	3.656	8.069725489315417
615600.0	280.15	286.24999999999994	285.3133333333333	288.0516666666666	3.634333333333333	8.096912179990925
619200.0	280.15	286.24999999999994	285.3283333333333	288.0716666666666	3.632	8.07851813004196
622800.0	280.15	286.24999999999994	285.31666666666666	288.05999999999995	3.584	7.970917021969868
626400.0	280.15	286.24999999999994	285.30499999999995	288.015	3.472	7.817954416525461
630000.0	280.15	286.24999999999994	285.2933333333333	288.02666666666664	3.4703333333333335	7.752527711796186
633600.0	280.15	286.24999999999994	285.305	288.0383333333333	3.028	6.76389977818413
637200.0	280.15	285.95166666666665	285.5666666666666	287.9816666666666	2.6599999999999997	6.415350401963178
640800.0	280.15	286.28999999999996	285.40666666666664	287.96	3.56	8.767562122371691
644400.0	280.15	285.95	285.57666666666665	288.0466666666666	2.088	4.947224764398246
648000.0	280.14	285.95	285.62499999999994	288.07499999999993	2.6839999999999997	6.372071794871795
651600.0	279.5499999999999	286.03	285.5666666666666	288.1199999999999	3.2039999999999997	8.141294235004048
655200.0	279.4083333333333	286.54999999999995	285.10999999999996	288.1499999999999	4.255999999999999	10.03771188473548
658800.0	279.04999999999995	286.94333333333327	285.00666666666666	288.1499999999999	5.587999999999999	14.281026557258068
662400.0	279.4999999999999	286.40999999999997	284.7933333333333	288.13833333333326	4.806333333333333	9.980909877704173
666000.0	279.88333333333327	286.67999999999995	285.2	288.06999999999994	5.383333333333333	12.729437345926238
669600.0	280.04999999999995	286.09	285.16499999999996	287.99666666666667	2.496	5.342906320917081
673200.0	280.04999999999995	286.16666666666663	285.69833333333327	287.9266666666666	3.6479999999999997	10.139863231860943
676800.0	280.04999999999995	286.0716666666666	285.3666666666666	287.9383333333333	2.6159999999999997	6.153635932012921
680400.0	280.04999999999995	285.9416666666666	285.7099999999999	287.9316666666666	3.008	8.021379679811396
684000.0	280.04999999999995	286.29999999999995	285.32499999999993	287.99833333333333	3.8000000000000003	8.957805331718653
687600.0	280.04999999999995	285.75	285.5733333333333	288.05999999999995	1.8639999999999999	4.316416248030102
691200.0	280.04999999999995	286.31499999999994	285.41499999999996	288.0333333333333	4.131999999999999	9.979070816233019
694800.0	280.04999999999995	285.84999999999997	285.51166666666666	288.1266666666666	1.9943333333333333	4.44037719332778
698400.0	280.04999999999995	286.29166666666663	285.44499999999994	288.1266666666666	4.083999999999999	9.558123134472332
702000.0	280.04999999999995	285.8666666666666	285.49666666666667	288.10999999999996	2.516	5.645516007109849
705600.0	279.8499999999999	285.84999999999997	285.6383333333333	288.10499999999996	2.8211666666666666	6.8635156965363535
709200.0	279.5499999999999	286.15999999999997	285.5683333333333	288.09666666666664	3.566	9.360012097798188
712800.0	279.5499999999999	286.075	285.33666666666664	288.06999999999994	3.0839999999999996	7.379438220110556
716400.0	279.5499999999999	285.95	285.57499999999993	288.10166666666663	3.124	7.925887940542924
720000.0	279.5499999999999	285.95	285.5633333333332	288.10666666666657	3.028	7.629241465477974
723600.0	279.5499999999999	285.95	285.60499999999996	288.1033333333333	2.824	7.234033609680362
727200.0	279.5499999999999	285.95	285.6283333333333	288.1266666666666	2.88	7.382027346665632
730800.0	279.5499999999999	285.95	285.61499999999995	288.1733333333333	2.7359999999999998	6.850447467413114
734400.0	279.5499999999999	285.95	285.63999999999993	288.1599999999999	2.936	7.458706493316243
738000.0	279.33333333333326	285.95	285.58333333333326	288.17333333333323	2.6239999999999997	6.687053336811769
741600.0	279.04999999999995	286.2	285.53999999999996	288.1499999999999	3.1279999999999992	8.594848379775238
745200.0	279.04999999999995	286.04999999999995	285.32333333333327	288.15999999999997	3.0559999999999996	7.594415414283256
748800.0	279.1499999999999	286.32	285.43833333333333	288.1599999999999	3.9888333333333326	10.511993176263854
752400.0	279.5499999999999	285.98999999999995	285.27666666666664	288.1616666666666	3.0803333333333334	6.875607033293779
756000.0	279.8499999999999	285.84999999999997	285.71	288.12999999999994	2.592	6.431433781552533
759600.0	280.04999999999995	285.84999999999997	285.7033333333333	288.11999999999995	2.92	7.027053317920182
763200.0	280.38666666666666	286.33333333333326	285.42999999999995	288.0883333333333	4.199999999999999	9.429842157907133
766800.0	280.34999999999997	285.95833333333326	285.4883333333333	288.11499999999995	2.6308333333333334	5.624393029722414
770400.0	280.34999999999997	286.0833333333333	285.65666666666664	288.1533333333333	3.2479999999999993	7.462645238500371
774000.0	280.34999999999997	286.16666666666663	285.3666666666666	288.1716666666666	3.1719999999999997	6.61485596967384
777600.0	280.04999999999995	285.84999999999997	285.66166666666663	288.1616666666666	2.755	6.399766418770239
781200.0	279.5	285.84999999999997	285.66166666666663	288.1716666666666	2.7439999999999998	6.93705434429986
784800.0	279.34999999999997	285.84999999999997	285.66666666666663	288.16999999999996	2.6639999999999997	6.923528242769137
788400.0	279.5916666666666	285.84999999999997	285.70166666666665	288.1616666666666	2.936	7.474914008687386
792000.0	279.84999999999997	285.84999999999997	285.6766666666666	288.1883333333333	2.82	6.73826977173274
795600.0	279.84999999999997	285.84999999999997	285.6733333333333	288.2383333333333	2.7439999999999998	6.419413587385376
799200.0	279.84999999999997	285.84999999999997	285.69333333333327	288.25	2.456	5.765020370049897
802800.0	279.84999999999997	285.84999999999997	285.72666666666663	288.2733333333333	2.816	6.637517273277903
806400.0	279.84999999999997	286.3166666666666	285.465	288.26166666666666	4.008666666666667	9.313704586137032
810000.0	279.84999999999997	285.79999999999995	285.59999999999997	288.27	2.274833333333333	5.049308396725231
813600.0	279.84999999999997	286.20833333333326	285.5833333333333	288.2733333333333	3.6235	8.580647014629484
817200.0	279.84999999999997	286.01666666666665	285.46999999999997	288.24833333333333	2.4	5.31816340296435
820800.0	279.84999999999997	286.03	285.7516666666666	288.1916666666666	2.9611666666666667	7.528704208024612
824400.0	279.84999999999997	286.01	285.44333333333327	288.205	2.7129999999999996	6.071420616007426
828000.0	279.84999999999997	286.0333333333333	285.7366666666666	288.1816666666666	2.752	6.995095757154543
831600.0	279.84999999999997	286.24999999999994	285.3483333333333	288.1716666666666	3.2199999999999998	7.312470556227661
835200.0	279.84999999999997	286.24999999999994	285.32833333333326	288.1716666666666	3.124	7.038628130546968
838800.0	279.64166666666665	286.24999999999994	285.30999999999995	288.1783333333333	2.98	6.858323756873469
842400.0	279.34999999999997	286.24999999999994	285.34499999999997	288.1666666666666	2.84	6.94785803462582
846000.0	279.34999999999997	286.24999999999994	285.3616666666666	288.1083333333333	2.7079999999999997	6.806779712949522
849600.0	279.34999999999997	286.24999999999994	285.34	288.0483333333333	2.662333333333333	6.782541411044304
853200.0	279.44999999999993	286.24999999999994	285.3616666666666	288.03	2.82	7.18964875255041
856800.0	279.84999999999997	286.24999999999994	285.385	288.0466666666666	2.6719999999999997	6.42920992786515
860400.0	279.84999999999997	286.24999999999994	285.39666666666665	288.04499999999996	2.852	6.8999021570597705
864000.0	279.84999999999997	286.24999999999994	285.39666666666665	288.00666666666666	3.052	7.484409485251588
867600.0	279.84999999999997	286.24999999999994	285.34999999999997	288.0666666666666	2.936	6.915332125935274
871200.0	279.84999999999997	285.8333333333333	285.5716666666666	288.0233333333333	1.8668333333333333	4.6019253765767125
874800.0	279.84999999999997	286.2249999999999	285.5466666666666	288.03999999999996	3.4320000000000004	8.797049862893681
878400.0	279.84999999999997	286.21666666666664	285.34499999999997	288.0716666666666	2.836	6.64055744945872
882000.0	279.84999999999997	285.78999999999996	285.65666666666664	288.0616666666666	2.1279999999999997	5.371249518132137
885600.0	279.84999999999997	286.34999999999997	285.4083333333333	288.09333333333325	3.8468333333333327	9.388673128569184
889200.0	279.84999999999997	285.88	285.575	288.10499999999996	2.396	5.812283928796822
892800.0	279.84999999999997	286.34999999999997	285.37999999999994	288.0966666666666	4.095999999999999	9.858316668110874
896400.0	279.84999999999997	286.34999999999997	285.22999999999996	288.13499999999993	3.364	7.52616710534487
900000.0	279.84999999999997	285.92499999999995	285.45666666666665	288.0983333333333	2.1439999999999997	4.903126998437051
903600.0	279.84999999999997	285.84999999999997	285.69499999999994	288.0716666666666	2.7028333333333334	6.82234616688303
907200.0	279.84999999999997	286.16666666666663	285.62499999999994	288.08	3.2439999999999998	8.344007899559402
910800.0	279.65	286.15	285.32833333333326	288.0633333333333	2.9839999999999995	7.099426722227545
914400.0	279.34999999999997	286.1083333333333	285.5283333333333	288.1133333333333	3.272	8.571951470899497
918000.0	279.34999999999997	286.0916666666666	285.325	288.1616666666666	2.764	6.592759359169102
921600.0	279.34999999999997	286.16666666666663	285.54166666666663	288.1616666666666	3.1159999999999997	8.12255348325948
925200.0	279.34999999999997	286.2083333333333	285.2433333333333	288.11499999999995	2.828	6.760723285723283
928800.0	279.34999999999997	285.84999999999997	285.65	288.0766666666666	2.304	6.192417798750552
932400.0	279.8166666666666	285.84999999999997	285.69999999999993	288.07333333333327	2.674833333333333	6.799173417712652
936000.0	279.84999999999997	285.87499999999994	285.6716666666666	288.0616666666666	2.6919999999999997	6.786351505203357
939600.0	279.84999999999997	286.34999999999997	285.41166666666663	288.0999999999999	3.6559999999999997	8.891750389369193
943200.0	279.84999999999997	285.9333333333333	285.56499999999994	288.15999999999997	2.404	5.656033748276267
946800.0	279.84999999999997	285.84999999999997	285.7516666666666	288.17166666666657	2.6406666666666667	6.548622405316186
950400.0	279.84999999999997	285.84999999999997	285.71666666666664	288.1733333333333	2.6485	6.488715191088916
954000.0	279.84999999999997	286.32499999999993	285.5016666666666	288.1616666666666	3.432	8.379971121538638
957600.0	279.84999999999997	285.9783333333333	285.585	288.1716666666666	2.243	5.51501971726767
961200.0	279.84999999999997	286.41666666666663	285.31999999999994	288.2333333333333	4.059999999999999	9.220103993836341
964800.0	279.84999999999997	286.0333333333333	285.50166666666655	288.21999999999997	2.464	5.725553969331036
968400.0	279.84999999999997	286.45	285.2933333333333	288.18999999999994	4.191999999999999	9.564909070183834
972000.0	279.84999999999997	286.42499999999995	285.2099999999999	288.16666666666663	3.84	8.543733599792983
975600.0	279.84999999999997	286.0333333333333	285.4533333333333	288.13499999999993	2.896	6.744602904334844
979200.0	279.84999999999997	286.45	285.28166666666664	288.0666666666666	4.219499999999999	10.023078314466364
982800.0	279.84999999999997	286.4033333333333	285.19499999999994	288.05499999999995	3.662333333333333	8.411255691633144
986400.0	279.84999999999997	285.75	285.5866666666666	288.04499999999996	1.46	3.5372936465588776
990000.0	279.84999999999997	286.31999999999994	285.46666666666664	288.03499999999997	3.544	8.960976938652658
993600.0	279.84999999999997	285.9916666666666	285.4266666666666	288.04999999999995	2.54	5.974047230734029
997200.0	279.84999999999997	286.15	285.54166666666663	288.04499999999996	3.348	8.425054919334954
1000800.0	279.84999999999997	286.34999999999997	285.255	288.07833333333326	3.584	8.250932604411757
1004400.0	279.54166666666663	286.34999999999997	285.2333333333333	288.0616666666666	3.348	8.05871384351709
1008000.0	279.34999999999997	286.34999999999997	285.2099999999999	288.0849999999999	3.4640000000000004	8.434744441094193
1011600.0	279.34999999999997	286.34999999999997	285.2233333333333	288.05999999999995	3.452	8.519449334600587
1015200.0	279.5999999999999	285.9916666666666	285.36999999999995	288.03999999999996	2.176	5.256226393734952
1018800.0	279.84999999999997	285.84999999999997	285.6483333333333	288.01	2.452	6.2657977057418055
1022400.0	279.84999999999997	285.84999999999997	285.67999999999995	287.98833333333334	2.6359999999999997	6.853746206404076
1026000.0	279.84999999999997	285.84999999999997	285.6816666666666	288.015	2.456	6.315965080075028
1029600.0	279.84999999999997	285.84999999999997	285.6833333333333	288.0616666666666	2.6839999999999997	6.771840206824902
1033200.0	279.84999999999997	286.0583333333333	285.65	288.155	3.339166666666667	8.284605254591252
1036800.0	279.84999999999997	286.13333333333327	285.3133333333333	288.1716666666666	3.2998333333333334	7.295273341324448
1040400.0	279.84999999999997	286.37	285.41166666666663	288.21666666666664	4.068	9.457555131875171
1044000.0	279.84999999999997	286.12999999999994	285.22999999999996	288.19833333333327	3.2799999999999994	6.966671013801383
1047600.0	279.84999999999997	286.2833333333333	285.4183333333333	288.16999999999996	3.951999999999999	9.252672529081007
1051200.0	279.84999999999997	286.34999999999997	285.2233333333333	288.1549999999999	3.58	7.9389170132581475
1054800.0	279.84999999999997	286.34999999999997	285.2283333333333	288.03999999999996	3.5039999999999996	8.105017123043933
1058400.0	279.84999999999997	286.34999999999997	285.20666666666665	288.06999999999994	3.664	8.318863544225373
1062000.0	279.84999999999997	286.34999999999997	285.21333333333325	288.0183333333333	3.6759999999999997	8.517565025387674
1065600.0	279.84999999999997	286.34999999999997	285.1966666666666	288.00333333333333	3.336	7.74103735999299
1069200.0	279.84999999999997	286.34999999999997	285.1966666666666	287.955	3.428	8.07572974039941
1072800.0	279.84999999999997	286.15	285.25499999999994	287.96999999999997	2.692	6.22817819421806
1076400.0	279.84999999999997	286.04999999999995	285.57499999999993	287.97166666666664	2.8840000000000003	7.509217903518493
1080000.0	279.77	286.24999999999994	285.31499999999994	287.94666666666666	2.892	7.1311449097581345
1083600.0	279.25	286.24999999999994	285.31499999999994	287.95666666666665	2.6919999999999997	7.133725320749067
1087200.0	279.25	286.24999999999994	285.2833333333333	288.00666666666666	2.6839999999999997	6.893285759056636
1090800.0	279.25	286.24999999999994	285.2716666666667	288.0383333333333	2.776	7.023455991646125
1094400.0	279.25	286.24999999999994	285.2516666666666	288.02666666666664	2.6919999999999997	6.790885578619151
1098000.0	279.25	286.24999999999994	285.25	287.97166666666664	2.5	6.439673926151024
1101600.0	279.25	286.24999999999994	285.25	287.9533333333333	2.784	7.209847494553373
1105200.0	279.72999999999996	286.24999999999994	285.33	287.95	2.7760000000000002	6.902779495878728
1108800.0	279.84999999999997	286.24999999999994	285.3283333333333	287.97166666666664	2.836	6.866088392536151
1112400.0	279.84999999999997	286.24999999999994	285.3299999999999	287.96	2.816	6.854298078248933
1116000.0	279.84999999999997	286.24999999999994	285.34499999999997	287.9649999999999	3.18	7.771806552109571
1119600.0	279.84999999999997	286.24999999999994	285.3166666666666	287.96166666666664	3.619999999999999	8.757386923304887
1123200.0	279.84999999999997	286.24999999999994	285.32833333333326	287.9483333333333	3.536	8.64101573203887
1126800.0	279.84999999999997	286.24999999999994	285.2883333333333	287.96	3.2560000000000002	7.799619312114894
1130400.0	279.84999999999997	285.98333333333335	285.34499999999997	288.00666666666666	2.648	6.1132609064766115
1134000.0	279.84999999999997	285.84999999999997	285.7283333333333	287.97166666666664	2.6	7.000491674404716
1137600.0	279.84999999999997	286.24999999999994	285.3583333333333	287.9816666666666	3.424	8.36671856559271
1141200.0	279.84999999999997	285.8183333333333	285.58666666666664	287.99333333333334	2.2039999999999997	5.5275097300736995
1144800.0	279.84999999999997	286.1916666666666	285.3866666666666	288.04999999999995	3.4891666666666667	8.460993633904003
1148400.0	279.84999999999997	285.84999999999997	285.6166666666666	288.06999999999994	2.112	5.251368202612836
1152000.0	279.84999999999997	285.84999999999997	285.6599999999999	288.0833333333333	2.7479999999999998	6.806875120297524
1155600.0	279.84999999999997	285.84999999999997	285.6933333333333	288.0716666666666	2.618	6.605172607101512
1159200.0	279.84999999999997	285.84999999999997	285.6833333333333	288.1066666666666	2.768	6.855085517660153
1162800.0	279.84999999999997	285.84999999999997	285.6716666666666	288.16166666666663	2.828	6.817466235430215
1166400.0	279.84999999999997	286.34999999999997	285.45	288.1699999999999	3.7319999999999998	8.955490041587424
1170000.0	279.84999999999997	285.81	285.5483333333333	288.19499999999994	2.073	4.7109322598062215
1173600.0	279.575	286.3399999999999	285.4183333333333	288.19833333333327	3.9080000000000004	9.523974478808375
1177200.0	279.34999999999997	286.34999999999997	285.2333333333333	288.1966666666666	3.16	7.469014936274974
1180800.0	279.34999999999997	286.1083333333333	285.3133333333333	288.1733333333333	2.74	6.5073549591164985
1184400.0	279.34999999999997	286.0	285.6933333333333	288.1499999999999	2.72	7.407316753777583
1188000.0	279.7166666666666	286.34999999999997	285.35499999999996	288.08666666666664	3.696	8.9849622802526
1191600.0	279.84999999999997	286.34999999999997	285.29499999999996	288.03999999999996	3.464	8.205941674812639
1195200.0	279.84999999999997	286.26666666666665	285.3383333333333	288.0616666666666	3.2685	7.721211541224242
1198800.0	279.84999999999997	285.87499999999994	285.6633333333333	288.0583333333333	2.7085	6.845225394490631
1202400.0	279.84999999999997	286.34999999999997	285.4266666666666	288.0516666666666	4.359999999999999	10.85055970332267
1206000.0	279.84999999999997	286.34999999999997	285.29499999999996	288.0616666666666	3.959999999999999	9.309477646240886
1209600.0	279.84999999999997	286.34999999999997	285.26	288.08333333333326	4.267999999999999	9.827739940989497
1213200.0	279.84999999999997	286.12499999999994	285.31999999999994	288.13833333333326	3.816	8.51694853285354
1216800.0	279.84999999999997	285.84999999999997	285.6633333333333	288.0583333333333	3.3080000000000003	8.306797488623312
1220400.0	279.84999999999997	285.84999999999997	285.6766666666666	288.08	3.4080000000000004	8.509852693819473
1224000.0	279.84999999999997	285.84999999999997	285.6716666666666	288.06499999999994	3.314333333333333	8.313808249416574
1227600.0	279.84999999999997	286.24	285.505	288.0816666666666	4.247999999999999	10.574019414661432
1231200.0	280.16666666666663	285.86999999999995	285.5116666666666	288.16999999999996	3.0	6.447455906996584
1234800.0	280.34999999999997	286.275	285.52	288.1733333333333	4.528	10.129404580781676
1238400.0	280.34999999999997	286.04166666666663	285.4233333333333	288.18499999999995	3.1999999999999997	6.610513890488584
1242000.0	280.34999999999997	286.2166666666666	285.58	288.1766666666666	4.176	9.457636842468464
1245600.0	280.34999999999997	286.34999999999997	285.3433333333333	288.16833333333324	3.991999999999999	8.479704147301359
1249200.0	280.34999999999997	286.34999999999997	285.3283333333333	288.16166666666663	3.8359999999999994	8.125261405261401
1252800.0	280.34999999999997	286.34999999999997	285.33	288.16499999999996	3.348	7.095292430964389
1256400.0	279.88333333333327	286.34999999999997	285.33333333333326	288.1266666666666	3.304	7.649287317249851
1260000.0	279.84999999999997	286.34999999999997	285.32666666666665	288.07333333333327	3.248	7.688447718016058
1263600.0	279.84999999999997	286.34999999999997	285.3666666666667	288.02666666666664	3.324	8.127569952397536
1267200.0	279.84999999999997	286.34999999999997	285.2966666666666	288.0466666666666	3.232	7.639677950827887
1270800.0	279.84999999999997	286.3166666666666	285.31999999999994	288.05499999999995	3.192	7.569714841945373
1274400.0	279.84999999999997	285.84999999999997	285.585	288.04999999999995	1.6839999999999997	4.144216216216215
1278000.0	279.84999999999997	286.16666666666663	285.66999999999996	287.9866666666667	3.3919999999999995	9.275455083928037
1281600.0	280.25	286.34999999999997	285.315	288.0333333333333	3.8783333333333334	8.73876789985666
1285200.0	280.34999999999997	286.34999999999997	285.33833333333325	288.0633333333333	3.6719999999999997	8.089475259014836
1288800.0	280.34999999999997	286.29999999999995	285.3166666666666	288.1083333333333	3.6599999999999997	7.8021567349704135
1292400.0	280.34999999999997	285.84999999999997	285.5983333333333	288.1166666666666	2.564	5.621371857025213
1296000.0	280.34999999999997	286.3416666666666	285.5533333333333	288.07333333333327	4.4879999999999995	10.652101006833218
1299600.0	280.34999999999997	285.92499999999995	285.5233333333333	288.07333333333327	3.392	7.42879100240033
1303200.0	280.34999999999997	286.29166666666663	285.465	288.0899999999999	4.576	10.412441922326149
1306800.0	280.34999999999997	285.84	285.53	288.13833333333326	2.5228333333333333	5.333645692303183
1310400.0	280.34999999999997	286.2249999999999	285.48999999999995	288.1166666666666	3.976	8.919399758600171
1314000.0	280.34999999999997	286.24999999999994	285.3483333333333	288.13999999999993	3.528	7.458381875083994
1317600.0	280.34999999999997	286.24999999999994	285.35166666666663	288.13833333333326	3.6919999999999997	7.815780316885743
1321200.0	280.34999999999997	286.24999999999994	285.34499999999997	288.13499999999993	3.564	7.535532707810228
1324800.0	280.34999999999997	286.24999999999994	285.3366666666666	288.085	3.408	7.315491575716926
1328400.0	280.34999999999997	286.24999999999994	285.385	288.0616666666666	3.284	7.239453268128328
1332000.0	280.34999999999997	286.24999999999994	285.405	288.04999999999995	3.476	7.758088990826602
1335600.0	280.24999999999994	286.24999999999994	285.39166666666665	288.0283333333333	3.330666666666666	7.584216910780867
1339200.0	279.84999999999997	286.24999999999994	285.3433333333333	288.09666666666664	3.176	7.39868880861119
1342800.0	279.84999999999997	286.36999999999995	285.2983333333333	288.10166666666663	3.56	8.346948811629659
1346400.0	279.20833333333326	286.78	284.8599999999999	288.0816666666666	5.359999999999999	12.75906377684763
1350000.0	279.1499999999999	287.22166666666664	284.76833333333326	288.0333333333333	8.759	21.828912386221933
1353600.0	279.2249999999999	286.68333333333334	284.72999999999996	288.025	6.452999999999999	14.79007412720745
1357200.0	279.8333333333333	287.09999999999997	284.7	287.95666666666665	8.163999999999998	18.26790777662054
1360800.0	280.25833333333327	286.6583333333333	284.94	287.81833333333327	7.015999999999999	15.736016456016454
1364400.0	281.015	286.7933333333333	284.8616666666666	287.8066666666666	8.488666666666667	16.732480895635582
1368000.0	279.8433333333333	286.79999999999995	284.9633333333333	287.73999999999995	7.295999999999999	18.24693468878357
1371600.0	279.1966666666666	286.84999999999997	284.75	287.75	6.236	15.922236656629742
1375200.0	280.32499999999993	286.4833333333333	284.9616666666666	287.7883333333333	5.868	12.794919328044234
1378800.0	279.86	286.7366666666667	284.9283333333333	287.81499999999994	6.228000000000001	14.942634806200275
1382400.0	279.75	286.3666666666667	285.11	287.79499999999996	5.028	12.569218123455675
1386000.0	279.75	286.6333333333333	284.84666666666664	287.7966666666666	6.281833333333333	14.725093248764239
1389600.0	279.75	286.24999999999994	285.14166666666665	287.80499999999995	5.396	13.232844660141474
1393200.0	279.75	286.24999999999994	285.18499999999995	287.80499999999995	5.652	14.025995843476526
1396800.0	280.2099999999999	286.24999999999994	285.22666666666663	287.84666666666664	5.867999999999999	13.518527178225172
1400400.0	280.34999999999997	286.24999999999994	285.21999999999997	287.8399999999999	5.8759999999999994	13.239999440676229
1404000.0	280.34999999999997	286.24999999999994	285.21666666666664	287.8816666666666	6.040000000000001	13.3796188935274
1407600.0	280.34999999999997	286.24999999999994	285.245	287.92499999999995	5.988	13.200333273712776
1411200.0	280.34999999999997	286.24999999999994	285.2416666666666	287.9316666666666	4.651999999999999	10.20685683036381
1414800.0	280.34999999999997	286.24999999999994	285.3066666666666	287.945	3.9719999999999995	8.885632738389978
1418400.0	280.34999999999997	286.24999999999994	285.33833333333325	287.99333333333334	3.6950000000000003	8.212887885059267
1422000.0	280.34999999999997	286.24999999999994	285.35999999999996	288.00166666666667	3.5	7.818289036153546
1425600.0	280.34999999999997	286.24999999999994	285.35999999999996	287.99499999999995	3.3640000000000003	7.532276957374233
1429200.0	280.08333333333326	286.24999999999994	285.33166666666665	288.015	3.468	7.963678630284759
1432800.0	279.84999999999997	286.24999999999994	285.33333333333326	288.04999999999995	3.392	7.993131168226086
1436400.0	279.84999999999997	286.24999999999994	285.3133333333333	288.0066666666666	3.796	9.021358402985864
1440000.0	279.84999999999997	286.24999999999994	285.3083333333333	288.0383333333333	3.612	8.46675750078808
1443600.0	279.84999999999997	286.24999999999994	285.32833333333326	288.0383333333333	3.388	8.000691112168125
1447200.0	279.84999999999997	286.24999999999994	285.3283333333333	288.02666666666664	3.786333333333333	8.979888997832537
1450800.0	279.84999999999997	286.24999999999994	285.3349999999999	288.0383333333333	3.7279999999999998	8.832777949954638
1454400.0	280.3416666666666	286.24999999999994	285.35	288.0433333333333	4.295999999999999	9.424358580726006
1458000.0	280.71666666666664	286.24999999999994	285.36999999999995	288.02166666666665	4.196	8.75935657514066
1461600.0	281.0999999999999	286.24999999999994	285.41166666666663	288.02166666666665	3.48	6.867752096022785
1465200.0	280.68999999999994	286.24999999999994	285.4283333333333	288.0533333333333	3.2079999999999997	6.769506245057773
1468800.0	280.15	286.24999999999994	285.39	288.0466666666666	2.948	6.772741440335164
1472400.0	280.15	286.06666666666666	285.42999999999995	288.05499999999995	1.896	4.298644126268145
1476000.0	280.15	285.9916666666666	285.70666666666665	288.0483333333333	2.768	6.925837283230594
1479600.0	280.15	286.24999999999994	285.375	288.07166666666666	3.62	8.188943729136378
1483200.0	280.15	286.24999999999994	285.32333333333327	288.0383333333333	3.68	8.268737640930201
1486800.0	280.15	286.24999999999994	285.3399999999999	288.1066666666666	3.919999999999999	8.643849976601526
1490400.0	280.15	286.24999999999994	285.3283333333333	288.11499999999995	3.9639999999999995	8.679956674808164
1494000.0	280.15	286.24999999999994	285.31499999999994	288.0716666666666	3.996	8.843032611698643
1497600.0	280.15	286.24999999999994	285.29333333333335	288.02666666666664	4.5195	10.088749296606984
1501200.0	280.15	286.83	285.09499999999997	288.0383333333333	5.852	13.290989140537837
1504800.0	279.97999999999996	286.84999999999997	284.8816666666666	288.0633333333333	6.168	13.310475914542184
1508400.0	279.5499999999999	286.2433333333333	285.0133333333333	288.03166666666664	3.516	7.705848998673828
1512000.0	279.5499999999999	285.95833333333326	285.68499999999995	287.96999999999997	2.76	8.28918380360848
1515600.0	279.5499999999999	286.18999999999994	285.19499999999994	287.9366666666666	2.74	6.683409031410935
1519200.0	279.5499999999999	285.95	285.59499999999997	287.83833333333325	2.6599999999999997	7.589583059163832
1522800.0	279.5499999999999	285.95	285.5616666666666	287.9183333333333	2.532	6.876620544436765
1526400.0	279.5499999999999	285.95	285.5499999999999	287.96999999999997	2.508	6.631213891398172
1530000.0	279.5499999999999	285.95	285.56999999999994	288.005	2.416	6.355391946484632
1533600.0	279.5499999999999	285.95	285.5583333333333	288.0716666666666	2.7	6.876679578419125
1537200.0	279.7416666666666	285.95	285.6133333333333	288.08333333333326	2.944	7.384008251404923
1540800.0	280.04999999999995	285.95	285.585	288.0983333333333	3.0508333333333333	7.1606295689246195
1544400.0	280.04999999999995	286.4933333333333	285.3966666666666	288.1499999999999	4.408	10.341804580062734
1548000.0	280.04999999999995	286.24999999999994	285.2016666666666	288.1499999999999	3.7719999999999994	7.9385792105592
1551600.0	280.04999999999995	286.24999999999994	285.3066666666666	288.1499999999999	3.9799999999999995	8.681333188232628
1555200.0	280.04999999999995	286.24999999999994	285.3183333333333	288.13833333333326	4.475999999999999	9.846264832752727
1558800.0	280.04999999999995	286.24999999999994	285.3083333333333	288.0716666666666	4.4239999999999995	9.933271312667175
1562400.0	280.04999999999995	286.24999999999994	285.28333333333336	288.0616666666666	4.3999999999999995	9.819680617844426
1566000.0	279.92999999999995	286.24999999999994	285.2683333333333	288.0616666666666	4.036	9.121239246063366
1569600.0	279.45	286.24999999999994	285.2483333333333	288.04999999999995	3.8559999999999994	9.361029217638285
1573200.0	279.45	286.24999999999994	285.23499999999996	288.0466666666666	3.772	9.124424960913451
1576800.0	279.45	286.24999999999994	285.25666666666666	288.0083333333333	3.824	9.450179657497806
1580400.0	279.45	286.24999999999994	285.24499999999995	288.00166666666667	4.239999999999999	10.460139457241437
1584000.0	279.45	286.24999999999994	285.2383333333333	287.97333333333336	3.943999999999999	9.811757630533426
1587600.0	279.45	286.24999999999994	285.2483333333333	287.9733333333333	3.848	9.607708534879496
1591200.0	279.45	285.90999999999997	285.37999999999994	287.9816666666666	2.4776666666666665	6.17031652844813
1594800.0	279.45	286.18999999999994	285.59	287.9733333333333	3.208	9.065079193709948
1598400.0	279.45	286.025	285.395	287.96166666666664	2.2496666666666667	5.7397963431536505
1602000.0	279.45	285.9083333333333	285.72666666666663	287.97166666666664	2.52	7.311782563651701
1605600.0	279.45	286.24999999999994	285.37999999999994	288.015	3.06	7.939548580070104
1609200.0	279.45	285.7583333333333	285.5683333333333	288.0633333333333	1.6479999999999997	4.211156960898307
1612800.0	279.45	286.16666666666663	285.5566666666666	288.0666666666666	3.056	8.204915038271254
1616400.0	279.45	286.24999999999994	285.33166666666665	288.0666666666666	2.898333333333333	7.208286058022266
1620000.0	279.45	286.24999999999994	285.3516666666666	288.0716666666666	2.876	7.190244935318219
1623600.0	279.45	286.24999999999994	285.3383333333333	288.07333333333327	3.3640000000000003	8.371921100782753
1627200.0	279.5	286.24999999999994	285.3033333333333	288.0616666666666	3.472	8.49861612826363
1630800.0	279.95	286.24999999999994	285.3366666666666	288.04999999999995	3.508	8.151384266292615
1634400.0	279.95	286.24999999999994	285.3266666666666	288.0383333333333	3.76	8.73990289470734
1638000.0	279.95	286.24999999999994	285.2966666666666	287.9833333333333	3.516	8.25398263505561
1641600.0	279.95	286.24999999999994	285.28999999999996	287.9883333333333	3.5599999999999996	8.310685014626674
1645200.0	279.95	286.24999999999994	285.26	287.97166666666664	3.308	7.696952631301073
1648800.0	279.93333333333334	286.24999999999994	285.3016666666666	287.97166666666664	3.153	7.475380049478475
1652400.0	279.45	286.24999999999994	285.2583333333333	287.97499999999997	3.548	8.883386705507071
1656000.0	279.45	286.24999999999994	285.2416666666666	287.96	3.0536666666666665	7.635571955719554
1659600.0	279.45	286.24999999999994	285.26	287.96999999999997	3.084	7.737008558182321
1663200.0	279.45	286.24999999999994	285.24999999999994	287.9833333333333	3.476	8.647007830155173
1666800.0	279.45	286.24999999999994	285.25	287.93833333333333	3.468	8.772833122095474
1670400.0	279.45	286.21666666666664	285.245	287.94	3.1039999999999996	7.815960270623172
1674000.0	279.45	285.75	285.5816666666666	287.95	1.8519999999999999	5.036435694077546
1677600.0	279.45	286.1416666666666	285.54499999999996	287.9266666666666	3.408	9.590613561209375
1681200.0	279.45	286.24999999999994	285.2733333333333	287.95	3.1	7.873446610381571
1684800.0	279.45	286.24999999999994	285.28999999999996	287.9733333333333	3.128	7.928980115119784
1688400.0	279.45	286.17499999999995	285.2533333333333	287.9733333333333	2.5879999999999996	6.412977508039714
1692000.0	279.45	285.9333333333333	285.61166666666657	287.98833333333334	2.596	7.253178418049613
1695600.0	279.45	286.24999999999994	285.31999999999994	287.96999999999997	3.304	8.48783076043453
1699200.0	279.45	285.92499999999995	285.40666666666664	287.97166666666664	1.8479999999999999	4.673864125937827
1702800.0	279.45	286.17499999999995	285.4783333333333	287.97166666666664	3.156	8.53701118962846
1706400.0	279.45	286.24999999999994	285.2516666666666	287.9833333333333	2.6148333333333333	6.517870475613002
1710000.0	279.45	286.24999999999994	285.28666666666663	287.97166666666664	2.5799999999999996	6.53236089882628
1713600.0	279.74999999999994	286.24999999999994	285.3349999999999	287.96166666666664	2.78	6.875333728697518
1717200.0	280.31999999999994	286.24999999999994	285.3616666666666	287.96166666666664	3.282	7.473021801191801
1720800.0	281.0333333333333	286.24999999999994	285.38333333333327	287.96999999999997	3.8679999999999994	7.789707482077568
1724400.0	281.15	286.24999999999994	285.36333333333323	287.96166666666664	3.8400000000000003	7.538970001472567
1728000.0	281.15	286.24999999999994	285.37166666666667	287.9733333333333	4.06	7.96023576148879
1731600.0	281.15	286.24999999999994	285.34999999999997	287.96999999999997	4.22	8.216578483896665
1735200.0	281.15	286.24999999999994	285.3616666666666	287.9733333333333	4.247999999999999	8.296956091718435
1738800.0	281.15	286.24999999999994	285.34666666666664	287.9983333333333	4.164	8.013153119954996
1742400.0	281.15	286.24999999999994	285.38833333333326	287.9633333333333	3.9079999999999995	7.743580306727501
1746000.0	281.15	286.24999999999994	285.37333333333333	287.96166666666664	3.9159999999999995	7.720765877660109
1749600.0	281.15	286.05833333333334	285.41999999999996	287.95	3.4559999999999995	6.7220967741935445
1753200.0	281.15	285.97499999999997	285.75	287.9966666666666	3.4959999999999996	7.55059240399639
1756800.0	281.15	286.24999999999994	285.4366666666666	287.99333333333334	4.0	7.993763695944258
1760400.0	281.15	286.24999999999994	285.44999999999993	288.04999999999995	3.6755	7.210216706895588
1764000.0	281.15	286.24999999999994	285.4583333333333	288.07333333333327	3.733	7.2818395542967576
1767600.0	281.15	286.24999999999994	285.45333333333326	288.0716666666666	3.8119999999999994	7.4283517887973485
1771200.0	280.96999999999997	286.24999999999994	285.4316666666666	288.07333333333327	3.38	6.762816898681484
1774800.0	280.54999999999995	286.24999999999994	285.395	288.06833333333327	3.216	6.860640831793619
1778400.0	280.54999999999995	286.24999999999994	285.4183333333333	288.0716666666666	3.18	6.842922658768179
1782000.0	280.59999999999997	286.24999999999994	285.3933333333333	288.0666666666666	3.1260000000000003	6.617898794033521
1785600.0	280.85999999999996	286.24999999999994	285.41499999999996	288.07333333333327	3.428	6.935364183182889
1789200.0	280.45	286.24999999999994	285.3483333333333	288.0633333333333	2.856	6.102985627462185
1792800.0	280.45	286.24999999999994	285.3683333333333	288.04999999999995	3.004	6.497197884877789
1796400.0	280.20833333333326	286.24999999999994	285.36833333333334	288.03	3.1491666666666664	7.139413100706235
1800000.0	279.95	286.19999999999993	285.34	288.03166666666664	2.352	5.487599791247293
1803600.0	279.95	285.75	285.7216666666666	288.0283333333333	1.5799999999999998	4.101302882867766
1807200.0	280.2533333333333	285.75	285.8066666666666	288.04999999999995	2.64	6.478737976144668
1810800.0	281.04166666666663	285.8866666666666	285.66166666666663	288.04999999999995	2.6319999999999997	5.34021200952639
1814400.0	281.15	285.84999999999997	285.71666666666664	288.05999999999995	2.908	5.83292843172921
1818000.0	280.87499999999994	285.84999999999997	285.7283333333333	288.06999999999994	3.096	6.573005492641661
1821600.0	280.6499999999999	285.84999999999997	285.7149999999999	288.09499999999997	3.036	6.639483643995831
1825200.0	280.6499999999999	285.84999999999997	285.6533333333333	288.14666666666665	3.436	7.170681669912779
1828800.0	280.6499999999999	285.84999999999997	285.67999999999995	288.1833333333333	3.616	7.516771007583091
1832400.0	280.6499999999999	285.84999999999997	285.69499999999994	288.2033333333333	3.404	7.059534909045685
1836000.0	280.6499999999999	285.84999999999997	285.7283333333333	288.25	3.4400000000000004	7.101198566751137
1839600.0	280.6499999999999	285.84999999999997	285.7366666666666	288.25	3.476	7.1917262299767515
1843200.0	280.6499999999999	285.9916666666666	285.75666666666666	288.27166666666665	3.548	7.579711375771731
1846800.0	280.6499999999999	286.34999999999997	285.4316666666666	288.2783333333333	4.0954999999999995	8.209924047864508
1850400.0	280.6499999999999	286.34999999999997	285.41166666666663	288.27666666666664	3.7479999999999998	7.460415974079555
1854000.0	280.6499999999999	286.04999999999995	285.4883333333333	288.25	2.78	5.461361933917196
1857600.0	280.6499999999999	286.025	285.7316666666667	288.22666666666663	3.2279999999999998	7.014815983507973
1861200.0	280.6499999999999	286.34166666666664	285.3983333333333	288.1733333333333	3.7085000000000004	7.618882955713558
1864800.0	280.6499999999999	285.84999999999997	285.5799999999999	288.1216666666666	2.532	5.235398189689097
1868400.0	280.6499999999999	286.29999999999995	285.44666666666666	288.1816666666666	4.643999999999999	9.618132113113617
1872000.0	280.6499999999999	286.34999999999997	285.2583333333333	288.2416666666667	4.319999999999999	8.255172413793103
1875600.0	280.6499999999999	286.34999999999997	285.34999999999997	288.1716666666666	4.067999999999999	8.21755000625445
1879200.0	280.6499999999999	286.34999999999997	285.3816666666666	288.16166666666663	3.7199999999999998	7.629018924232916
1882800.0	280.6499999999999	286.34999999999997	285.395	288.1599999999999	3.9639999999999995	8.175823077077546
1886400.0	280.6499999999999	286.34999999999997	285.36499999999995	288.1499999999999	3.852	7.884380168120369
1890000.0	281.0583333333333	286.0916666666666	285.5483333333333	288.0983333333333	3.4	6.722974513943637
1893600.0	281.15	286.4033333333333	285.49666666666667	288.05499999999995	4.679499999999999	9.651300556920122
1897200.0	280.97499999999997	285.95	285.51666666666665	288.0933333333333	3.044	5.900647185201287
1900800.0	280.6499999999999	286.23333333333335	285.62499999999994	288.13833333333326	4.412	9.809247179907103
1904400.0	280.6499999999999	286.3416666666666	285.3033333333333	288.1499999999999	4.4159999999999995	8.860750035946696
1908000.0	280.6499999999999	286.2466666666666	285.47499999999997	288.1599999999999	4.944000000000001	10.977673608888578
1911600.0	280.6499999999999	285.93499999999995	285.87833333333333	288.1733333333333	3.88	9.43677688011215
1915200.0	281.23	285.72999999999996	285.5983333333333	288.1816666666666	2.952	5.114778983136835
1918800.0	281.25	286.0783333333333	285.63666666666666	288.1766666666666	5.276	10.263184624819845
1922400.0	281.25	285.75	285.75833333333327	288.1599999999999	2.968	5.680804448969962
1926000.0	281.25	285.75	285.76666666666665	288.19833333333327	3.9720000000000004	7.360193323969831
1929600.0	281.25	285.75	285.79999999999995	288.2283333333333	4.271999999999999	7.919960241472646
1933200.0	281.25	285.75	285.79499999999996	288.26166666666666	4.14	7.5551754449620026
1936800.0	281.25	285.75	285.79999999999995	288.25333333333333	4.2909999999999995	7.87384983083468
1940400.0	281.25	285.76166666666666	285.79999999999995	288.30499999999995	3.8440000000000003	6.93439040469768
1944000.0	280.55999999999995	286.45	285.47166666666664	288.3399999999999	4.6	9.46211262033481
1947600.0	280.9833333333333	285.95	285.5833333333333	288.34	3.6673333333333327	6.6213487173352235
1951200.0	281.15	285.95	285.7183333333333	288.35999999999996	4.188	7.612507726178476
1954800.0	281.04999999999995	286.1666666666667	285.65666666666664	288.33	4.555999999999999	8.758475759534587
1958400.0	280.6499999999999	286.45	285.34999999999997	288.25333333333333	4.599666666666667	9.202183449905785
1962000.0	280.92499999999995	286.45	285.2983333333333	288.2933333333333	4.762	8.789999036994862
1965600.0	281.15	285.975	285.5733333333333	288.26166666666666	3.3440000000000003	6.020516397465305
1969200.0	281.15	286.3	285.56833333333327	288.21666666666664	5.004	9.747841691448514
1972800.0	281.15	286.33333333333326	285.3566666666667	288.1666666666666	4.796	8.88491592886851
1976400.0	281.15	285.95	285.6533333333333	288.13833333333326	3.18	6.1541030789641615
1980000.0	281.15	285.95	285.75	288.18499999999995	3.9234999999999998	7.734686206638211
1983600.0	281.15	286.04999999999995	285.7183333333333	288.1966666666666	4.4365	8.801944795239281
1987200.0	281.15	286.2416666666666	285.38499999999993	288.1833333333333	4.555999999999999	8.394062316048972
1990800.0	281.15	286.26666666666665	285.59166666666664	288.2116666666666	5.044	9.903490298707732
1994400.0	281.15	286.1333333333333	285.395	288.22166666666664	4.332	7.674106052915862
1998000.0	281.15	285.95	285.70166666666665	288.2383333333333	4.203999999999999	7.960271713372193
2001600.0	281.15	285.95	285.6966666666666	288.22166666666664	4.284	8.144822071018229
2005200.0	281.15	285.95	285.6883333333333	288.19999999999993	4.284	8.186770825063036
2008800.0	281.15	285.95	285.6866666666666	288.205	4.3759999999999994	8.344838222929923
2012400.0	281.15	285.95	285.7033333333333	288.26	3.7583333333333333	7.061349297409938
2016000.0	281.15	285.95	285.73	288.26833333333326	4.052	7.66044455907684
2019600.0	281.15	286.21666666666664	285.63666666666666	288.25	4.672	9.090351141986694
2023200.0	281.15	286.0333333333333	285.51333333333326	288.30999999999995	3.56	6.2327087359320785
2026800.0	281.15	285.95	285.7416666666667	288.3033333333333	3.792	7.105075768252705
2030400.0	281.15	285.95	285.72666666666663	288.3266666666666	3.568	6.590751709328989
2034000.0	281.15	285.95	285.72666666666663	288.255	3.3600000000000003	6.378570231377251
2037600.0	281.15	285.95	285.73833333333334	288.2833333333333	3.3440000000000003	6.309516209426689
2041200.0	281.15	285.8566666666667	285.10166666666663	288.33	6.332	9.343446718986307
2044800.0	281.15	285.25	284.905	288.3383333333333	4.355499999999999	5.20755964420491
2048400.0	281.15	285.25	285.0	288.32	4.9639999999999995	6.1323810294960195
2052000.0	281.15	285.25	285.0033333333333	288.1316666666666	4.811999999999999	6.311807444975512
2055600.0	281.15	285.25	284.99666666666667	287.9433333333333	4.784	6.660165086579257
2059200.0	281.15	285.25	284.9383333333333	287.84999999999997	4.712	6.6359705205850315
2062800.0	281.15	285.25	284.94166666666666	287.82499999999993	4.784999999999999	6.8049954150076
2066400.0	281.15	285.25	284.93333333333334	287.79999999999995	5.08	7.271591162080839
2070000.0	281.15	285.25	284.9383333333333	287.76333333333326	4.92	7.14204964601673
2073600.0	281.15	285.25	284.9233333333333	287.72666666666663	4.5360000000000005	6.63859101499499
2077200.0	281.15	285.25	284.91999999999996	287.7383333333333	4.634833333333333	6.742590762603005
2080800.0	281.15	285.25	284.9033333333333	287.71666666666664	4.827999999999999	7.040092685555461
2084400.0	281.15	285.25	284.8833333333333	287.715	4.848	7.019552793295637
2088000.0	281.15	285.25	284.8716666666666	287.695	4.643999999999999	6.746599975965049
2091600.0	281.15	285.25	284.84999999999997	287.66166666666663	4.691999999999999	6.845133437990578
2095200.0	281.15	285.25	284.84999999999997	287.64	4.771999999999999	7.013063805449855
2098800.0	281.15	285.25	284.8366666666666	287.62833333333333	4.72	6.931831022614768
2102400.0	281.15	285.25	284.8383333333333	287.6183333333333	4.9959999999999996	7.370112563701968
2106000.0	281.15	285.25	284.8383333333333	287.645	4.616	6.744481175863844
2109600.0	281.15	285.25	284.8533333333333	287.625	4.4959999999999996	6.650190901477368
2113200.0	281.15	285.25	284.8349999999999	287.62666666666667	4.619999999999999	6.787809877480709
2116800.0	281.15	285.25	284.8383333333333	287.65	4.42	6.44618006721612
2120400.0	281.15	285.25	284.81999999999994	287.62833333333333	4.64	6.777444102958123
2124000.0	281.15	285.25	284.8533333333333	287.63666666666666	4.504	6.6372613204665445
2127600.0	281.15	285.25	284.82666666666665	287.64	4.4799999999999995	6.5288314044416635
2131200.0	281.15	285.25	284.84999999999997	287.65	4.648	6.806783391542116
2134800.0	281.15	285.25	284.82	287.6033333333333	4.6995	6.923596008336432
2138400.0	281.15	285.25	284.87999999999994	287.615	4.706333333333333	7.057963190427856
2142000.0	281.15	285.25	284.8633333333333	287.62666666666667	4.912	7.293093958292548
2145600.0	281.15	285.25	284.8083333333333	287.65	4.66	6.722794592546009
2149200.0	281.15	285.25	284.8283333333333	287.6166666666667	4.536	6.672259375651902
2152800.0	281.15	285.25	284.8266666666666	287.61499999999995	4.659999999999999	6.8537686274608856
2156400.0	281.15	285.25	284.8299999999999	287.62666666666667	4.984	7.307376378903461
2160000.0	281.15	285.25	284.83166666666665	287.6166666666666	5.144	7.574765624505741
2163600.0	281.15	285.25	284.8266666666666	287.6083333333333	5.068	7.473343019553544
2167200.0	281.15	285.25	284.84	287.6033333333333	4.398833333333333	6.528774230421749
2170800.0	281.15	285.25	284.80999999999995	287.6183333333333	4.4319999999999995	6.475425829193262
2174400.0	281.15	285.25	284.82333333333327	287.62166666666667	4.4479999999999995	6.519043845323971
2178000.0	281.15	285.25	284.8133333333333	287.62166666666667	4.308	6.292301624163324
2181600.0	281.15	285.25	284.8083333333333	287.6116666666666	4.044	5.916126129748519
2185200.0	281.15	285.25	284.80999999999995	287.5816666666666	4.083999999999999	6.042912910880531
2188800.0	281.15	285.25	284.81499999999994	287.57333333333327	4.267999999999999	6.344929520619449
2192400.0	281.15	285.25	284.82499999999993	287.5633333333333	4.483999999999999	6.715474245353282
2196000.0	281.15	285.25	284.8066666666666	287.5583333333333	4.504	6.713503189269525
2199600.0	281.15	285.25	284.84	287.5716666666666	4.343999999999999	6.5209447695733775
2203200.0	281.15	285.25	284.8116666666666	287.5633333333333	4.4799999999999995	6.681088065379269
2206800.0	280.6833333333332	285.25	284.82	287.57333333333327	4.319999999999999	7.167291508650616
2210400.0	280.6499999999999	285.25	284.8033333333333	287.6033333333333	4.319999999999999	7.097749783707227
2214000.0	281.0666666666666	285.25	284.80999999999995	287.6133333333333	4.335999999999999	6.472528021145605
2217600.0	281.15	285.25	284.81833333333327	287.5716666666666	4.16	6.194565083940645
2221200.0	281.15	285.25	284.83833333333325	287.54999999999995	4.308	6.514148415563576
2224800.0	281.15	285.25	284.8033333333333	287.59666666666664	4.111999999999999	6.032194503683863
2228400.0	281.15	285.25	284.7966666666666	287.59666666666664	4.0	5.859257008186553
2232000.0	281.15	285.25	284.81333333333333	287.5933333333333	4.311999999999999	6.362291183224203
2235600.0	281.15	285.25	284.8316666666666	287.59499999999997	4.24	6.294078005727444
2239200.0	281.15	285.25	284.8399999999999	287.55999999999995	4.447333333333333	6.704352034624001
2242800.0	281.15	285.25	284.80499999999995	287.585	4.204	6.204066293064374
2246400.0	281.15	285.25	284.8266666666666	287.575	4.3919999999999995	6.552676093670834
2250000.0	281.15	285.25	284.8233333333333	287.54999999999995	4.4479999999999995	6.691233140458126
2253600.0	281.15	285.25	284.7966666666666	287.57333333333327	4.4159999999999995	6.522359872416118
2257200.0	281.15	285.25	284.8366666666666	287.54999999999995	4.821666666666666	7.286831423749885
2260800.0	281.15	285.25	284.84999999999997	287.54999999999995	4.72	7.167407407407403
2264400.0	281.15	285.25	284.7966666666666	287.5433333333333	4.576	6.829038113866794
2268000.0	281.15	285.25	284.80999999999995	287.5333333333333	4.512	6.804599770763479
2271600.0	281.15	285.25	284.8266666666666	287.54999999999995	4.584	6.902239970342563
2275200.0	281.15	285.25	284.79999999999995	287.59666666666664	5.043333333333333	7.398566953220457
2278800.0	281.15	285.25	284.8066666666666	287.51666666666665	5.271999999999999	7.976548085901025
2282400.0	281.15	285.25	284.87333333333333	287.5366666666666	4.98	7.67462397414636
2286000.0	281.15	285.25	284.80499999999995	287.54999999999995	4.6	6.8721466288255915
2289600.0	281.15	285.25	284.8283333333333	287.5666666666666	4.451999999999999	6.6693057134436415
2293200.0	281.15	285.25	284.7966666666666	287.5799999999999	4.3919999999999995	6.470811218272155
2296800.0	281.15	285.25	284.8566666666666	287.54999999999995	4.856	7.393289891395151
2300400.0	281.15	285.25	284.85499999999996	287.5616666666666	5.121333333333333	7.759785375118707
2304000.0	281.15	285.25	284.8133333333333	287.6166666666667	4.7635	6.967112672412074
2307600.0	281.15	285.25	284.8283333333333	287.60499999999996	4.6884999999999994	6.925672782942179
2311200.0	281.54999999999995	285.25	284.8616666666666	287.59499999999997	5.335999999999999	7.201003774871454
2314800.0	281.3566666666667	285.25	284.78666666666663	287.58166666666665	5.4479999999999995	7.572085367519538
2318400.0	280.5999999999999	285.25	284.74999999999994	287.59499999999997	4.347999999999999	7.106837077715415
2322000.0	280.15	285.25	284.72666666666663	287.5966666666667	3.7680000000000002	6.697436546992237
2325600.0	280.15	285.25	284.7366666666666	287.585	3.909166666666666	7.001127912022054
2329200.0	280.15	285.25	284.73999999999995	287.54166666666663	4.952	9.014478873245778
2332800.0	280.15	285.25	284.7316666666666	287.52	6.0920000000000005	11.146249538280685
2336400.0	280.15	285.34333333333336	284.7	287.56999999999994	7.615999999999999	14.059053604734517
2340000.0	280.15	284.95	284.9316666666667	287.5383333333333	4.9719999999999995	9.21059374054584
2343600.0	280.15	284.9583333333333	284.93999999999994	287.5616666666666	5.232	9.595039890807623
2347200.0	280.465	285.45	284.73499999999996	287.55999999999995	6.563999999999999	11.650795254869092
2350800.0	281.12499999999994	285.45	284.63666666666666	287.54999999999995	6.723999999999999	9.961356128749756
2354400.0	281.34999999999997	285.45	284.65999999999997	287.5716666666666	7.491999999999999	10.551735221966492
2358000.0	281.34999999999997	285.45	284.65	287.57333333333327	7.805999999999999	10.957606777458988
2361600.0	281.34999999999997	285.45	284.6833333333333	287.53666666666663	7.652333333333333	10.998850830601626
2365200.0	281.34999999999997	285.45	284.72666666666663	287.5333333333333	7.1338333333333335	10.416952403903688
2368800.0	281.34999999999997	285.45	284.73999999999995	287.5033333333333	5.916	8.77711154933332
2372400.0	281.29999999999995	285.59666666666664	284.7716666666666	287.4983333333333	6.774166666666666	10.833600400639906
2376000.0	279.8066666666666	285.77	284.2383333333333	287.4783333333333	7.176	13.371821808197534
2379600.0	281.025	285.48	284.75	287.4816666666666	6.095999999999999	10.206779096419966
2383200.0	280.04999999999995	285.75	284.34999999999997	287.46166666666664	6.248	11.444270251079987
2386800.0	280.04999999999995	285.03	284.60166666666663	287.4283333333333	2.6319999999999997	4.647585031363449
2390400.0	279.7249999999999	285.275	284.8233333333333	287.3866666666666	3.8	8.308492455253218
2394000.0	279.5499999999999	285.29999999999995	284.5516666666666	287.38333333333327	3.1969999999999996	6.510788267393165
2397600.0	279.6199999999999	285.2333333333333	284.7716666666666	287.3616666666666	3.7119999999999997	8.078116416892048
2401200.0	279.8166666666666	285.45	284.5383333333333	287.41499999999996	4.188	8.195518848972956
2404800.0	279.65	285.45	284.52666666666664	287.45333333333326	4.105166666666666	8.136245202256703
2408400.0	279.7083333333333	285.45	284.5616666666666	287.4483333333333	4.055999999999999	8.068310551013774
2412000.0	280.15	285.45	284.52666666666664	287.4383333333332	4.768	8.681112088697342
2415600.0	280.15	285.45	284.5383333333333	287.41666666666663	4.831499999999999	8.902359344374714
2419200.0	280.15	285.19166666666666	284.55999999999995	287.42499999999995	3.82	6.765809227865388
2422800.0	280.15	285.16666666666663	284.8366666666666	287.4383333333333	4.381666666666667	8.524195032300868
2426400.0	280.15	285.34166666666664	284.4966666666666	287.4066666666666	4.4799999999999995	8.011857871091108
2430000.0	280.15	284.95	284.84166666666664	287.4033333333333	3.253166666666667	6.124859338533684
2433600.0	280.15	285.39166666666665	284.6833333333333	287.43999999999994	4.696	8.945240961332708
2437200.0	280.15	285.1166666666667	284.625	287.46166666666664	3.1999999999999997	5.633314502040097
2440800.0	280.15	285.16666666666663	284.87499999999994	287.46166666666664	4.24	8.25038957321748
2444400.0	280.15	285.4	284.54499999999996	287.4833333333333	4.4719999999999995	8.021233025154942
2448000.0	280.15	285.03999999999996	284.865	287.46166666666664	2.848	5.537076790676669
2451600.0	280.15	285.45	284.56999999999994	287.49499999999995	4.536	8.25353918767266
2455200.0	280.15	285.19166666666666	284.60333333333324	287.50166666666667	3.1799999999999997	5.533281606344374
2458800.0	280.15	285.1416666666666	284.91666666666663	287.51666666666665	3.476	6.72599391708844
2462400.0	279.97499999999997	285.39166666666665	284.57833333333326	287.5199999999999	4.108	7.575841048591352
2466000.0	279.65	284.95	284.84499999999997	287.485	2.5799999999999996	5.237027564659144
2469600.0	279.4083333333333	285.47499999999997	284.5666666666666	287.47499999999997	4.919999999999999	10.382586228395557
2473200.0	279.1499999999999	285.04999999999995	284.745	287.5083333333333	2.788	5.992316291544052
2476800.0	279.1499999999999	285.04999999999995	284.8766666666666	287.48499999999996	3.008	6.805009952152336
2480400.0	279.57499999999993	285.04999999999995	284.85499999999996	287.5133333333333	3.792	7.8039450851402705
2484000.0	279.65	285.5249999999999	284.64666666666665	287.5166666666666	5.208	10.668001062100041
2487600.0	279.65	285.7366666666666	284.27666666666664	287.5483333333333	7.18	13.802320338318713
2491200.0	280.04999999999995	285.0866666666666	284.81499999999994	287.56499999999994	3.32	6.416513720055452
2494800.0	280.15	285.43999999999994	284.51499999999993	287.55999999999995	5.22	9.179667827093144
2498400.0	280.15	285.25	284.7066666666666	287.48999999999995	4.716666666666666	8.650897217478933
2502000.0	280.15	285.25	284.67999999999995	287.44	5.692	10.517863877607427
2505600.0	280.15	285.25	284.67999999999995	287.46666666666664	5.768	10.56417683244708
2509200.0	280.15	285.25	284.65	287.45	5.152	9.383999999999997
2512800.0	280.15	285.25	284.59999999999997	287.49999999999994	4.624	8.13112543685929
2516400.0	280.15	285.25	284.6633333333333	287.46999999999997	4.808	8.754126762479029
2520000.0	280.15	285.01	284.65666666666664	287.4966666666666	4.944	8.569398117256014
2523600.0	280.15	285.07	284.96	287.47333333333336	4.6000000000000005	9.182525646563082
2527200.0	280.15	284.8666666666666	284.7699999999999	287.45	4.048	7.110271755039873
2530800.0	280.15	285.24666666666667	284.7866666666667	287.4733333333333	6.667999999999999	12.842144771459566
2534400.0	280.15	284.84999999999997	284.895	287.4883333333333	3.812	6.963631961937226
2538000.0	280.3999999999999	284.84999999999997	285.0383333333333	287.54999999999995	4.728	8.403160339414962
2541600.0	280.6499999999999	284.84999999999997	285.0533333333333	287.5466666666666	4.536	7.642628930320981
2545200.0	280.6499999999999	284.84999999999997	285.03999999999996	287.55999999999995	4.4799999999999995	7.4696333076286034
2548800.0	280.4	284.84999999999997	285.0433333333333	287.62666666666667	4.252	7.321061192254175
2552400.0	280.04999999999995	284.84999999999997	285.02	287.6383333333333	3.784	6.938573060504539
2556000.0	279.6749999999999	285.3333333333333	284.6683333333333	287.66999999999996	5.867999999999999	11.080904290647139
2559600.0	279.5499999999999	284.8666666666667	284.81833333333327	287.655	2.9399999999999995	5.519665033331654
2563200.0	280.0066666666666	284.84999999999997	285.0433333333333	287.6583333333333	4.196666666666666	7.7556468650638575
2566800.0	280.4833333333333	284.84999999999997	285.01666666666665	287.6633333333333	4.5360000000000005	7.473458417615312
2570400.0	280.15	285.01666666666665	285.0183333333333	287.6266666666666	4.319999999999999	8.060918572529342
2574000.0	280.15	285.34999999999997	284.8066666666666	287.65	5.072	9.291544449997222
2577600.0	280.15	285.34999999999997	284.7783333333333	287.65	4.595999999999999	8.3231548938866
2581200.0	280.9833333333333	285.34999999999997	284.74999999999994	287.65	5.1080000000000005	7.663944827586204
2584800.0	280.96999999999997	285.34999999999997	284.72666666666663	287.6733333333333	5.072	7.537311752287119
