#1
double tab1(1210,7)
# Date
# THA-MESURE DE TEMPERATURE DEPART COMPTEUR FROID - SSTA CALY (°C)
# THA-MESURE DE TEMPERATURE RETOUR COMPTEUR FROID - SSTA CALY (°C)
# SSCALYECH1FTPDEP__MSEC
# SSCALYECH1FTPRET__MSEC
# Eau Glacée - Débit SST Caly (m3/h)
# m_sec_m3
0.0	293.04999999999995	294.45	296.01	295.95	0.0	-0.0
3000.0	293.04999999999995	294.45	295.95	295.89	0.0	-0.0
3600.0	293.04999999999995	294.45	295.92999999999995	295.84999999999997	0.0	-0.0
7200.0	293.04999999999995	294.45	295.84999999999997	295.84	0.0	-0.0
7800.0	293.04999999999995	294.45	295.84999999999997	295.75	0.0	-0.0
8400.0	293.04999999999995	294.45	295.84999999999997	295.75	0.0	-0.0
9000.0	293.04999999999995	294.45	295.79999999999995	295.75	0.0	-0.0
12000.0	293.04999999999995	294.45	295.75	295.73999999999995	0.0	-0.0
12600.0	293.04999999999995	294.45	295.75	295.65	0.0	-0.0
13200.0	293.04999999999995	294.45	295.73999999999995	295.65	0.0	-0.0
15600.0	293.04999999999995	294.45	295.58	295.65	0.0	0.0
18000.0	293.04999999999995	294.09999999999997	295.65	295.58	0.0	-0.0
18600.0	293.04999999999995	293.95	295.65	295.54999999999995	0.0	-0.0
19200.0	293.04999999999995	293.95	295.59	295.54999999999995	0.0	-0.0
22800.0	293.04999999999995	293.95	295.54999999999995	295.48999999999995	0.0	-0.0
23400.0	293.04999999999995	293.95	295.52	295.45	0.0	-0.0
28800.0	292.54999999999995	293.95	295.4	295.45	0.0	0.0
29400.0	292.54999999999995	293.95	295.42999999999995	295.44	0.0	0.0
30000.0	292.54999999999995	293.95	295.45	295.34999999999997	0.0	-0.0
30600.0	292.54999999999995	293.95	295.44	295.34999999999997	0.0	-0.0
37800.0	292.54999999999995	293.95	295.40999999999997	295.34999999999997	0.0	-0.0
38400.0	292.54999999999995	293.95	295.45	295.44	0.0	-0.0
44400.0	292.54999999999995	293.95	295.72999999999996	295.65999999999997	0.0	-0.0
48600.0	292.54999999999995	293.95	295.88	295.84999999999997	0.0	-0.0
49200.0	292.54999999999995	293.95	295.95	295.91999999999996	0.0	-0.0
54600.0	292.54999999999995	293.95	296.03	296.04999999999995	0.0	0.0
55200.0	292.54999999999995	293.95	296.01	296.04999999999995	0.0	0.0
57000.0	292.54999999999995	293.95	296.14	296.04999999999995	0.0	-0.0
57600.0	292.54999999999995	293.95	296.15	296.09999999999997	0.0	-0.0
72000.0	292.54999999999995	293.95	296.04999999999995	296.03999999999996	0.0	-0.0
72600.0	292.54999999999995	293.95	296.04999999999995	295.95	0.0	-0.0
73200.0	292.54999999999995	293.95	295.97999999999996	295.95	0.0	-0.0
77400.0	292.54999999999995	293.95	295.95	295.90999999999997	0.0	-0.0
78000.0	292.54999999999995	293.95	295.95	295.84999999999997	0.0	-0.0
82200.0	292.54999999999995	293.95	295.82	295.76	0.0	-0.0
87000.0	292.54999999999995	293.95	295.75	295.65999999999997	0.0	-0.0
87600.0	292.54999999999995	293.95	295.7	295.65	0.0	-0.0
93600.0	292.54999999999995	293.95	295.65	295.59999999999997	0.0	-0.0
94200.0	292.54999999999995	293.95	295.64	295.54999999999995	0.0	-0.0
102000.0	292.54999999999995	293.95	295.54999999999995	295.45	0.0	-0.0
102600.0	292.54999999999995	293.95	295.54999999999995	295.45	0.0	-0.0
103200.0	292.54999999999995	293.95	295.51	295.45	0.0	-0.0
114000.0	292.54999999999995	293.95	295.53999999999996	295.45	0.0	-0.0
114600.0	292.54999999999995	293.95	295.54999999999995	295.5	0.0	-0.0
121800.0	292.54999999999995	293.95	296.47999999999996	296.54999999999995	0.0	0.0
126600.0	292.54999999999995	293.95	297.17999999999995	297.25	0.0	0.0
131400.0	293.04999999999995	294.45	297.78	297.84	0.0	0.0
133200.0	293.04999999999995	294.45	297.78	297.75	0.0	-0.0
133800.0	293.04999999999995	294.79999999999995	297.84999999999997	297.75	0.0	-0.0
141000.0	293.04999999999995	294.95	297.84999999999997	297.77	0.0	-0.0
141600.0	293.04999999999995	294.95	297.84999999999997	297.78999999999996	0.0	-0.0
143400.0	293.04999999999995	294.95	298.01	298.02	0.0	0.0
144000.0	293.04999999999995	294.95	297.96999999999997	297.89	0.0	-0.0
145200.0	293.54999999999995	294.95	298.01	297.95	0.0	-0.0
145800.0	293.54999999999995	294.95	297.94	297.85999999999996	0.0	-0.0
148200.0	293.54999999999995	294.95	298.0	297.95	0.0	-0.0
148800.0	293.54999999999995	294.95	297.90999999999997	297.89	0.0	-0.0
151800.0	293.54999999999995	294.95	297.90999999999997	297.87	0.0	-0.0
152400.0	293.54999999999995	294.95	297.78	297.73999999999995	0.0	-0.0
153000.0	293.54999999999995	294.95	297.66999999999996	297.60999999999996	0.0	-0.0
153600.0	293.54999999999995	294.95	297.54999999999995	297.47999999999996	0.0	-0.0
155400.0	293.54999999999995	294.95	297.32	297.26	0.0	-0.0
156000.0	293.54999999999995	294.95	297.25	297.19	0.0	-0.0
156600.0	293.54999999999995	294.95	297.07	297.13	0.0	0.0
157800.0	293.54999999999995	294.95	297.03	296.96999999999997	0.0	-0.0
158400.0	293.54999999999995	294.95	297.0	296.95	0.0	-0.0
159000.0	293.54999999999995	294.95	296.89	296.87	0.0	-0.0
160200.0	293.54999999999995	294.95	296.75	296.73999999999995	0.0	-0.0
160800.0	293.54999999999995	294.95	296.71	296.65	0.0	-0.0
163800.0	293.54999999999995	294.95	296.47999999999996	296.54999999999995	0.0	0.0
164400.0	293.54999999999995	294.95	296.51	296.45	0.0	-0.0
165000.0	293.54999999999995	294.95	296.38	296.45	0.0	0.0
165600.0	293.54999999999995	294.95	296.40999999999997	296.45	0.0	0.0
174000.0	293.04999999999995	294.45	296.15	296.12	0.0	-0.0
174600.0	293.04999999999995	294.45	296.09	296.04999999999995	0.0	-0.0
175800.0	293.04999999999995	294.45	296.0	296.04999999999995	0.0	0.0
176400.0	293.04999999999995	294.45	296.03	296.04999999999995	0.0	0.0
177600.0	293.04999999999995	294.45	296.04999999999995	296.03	0.0	-0.0
178200.0	293.04999999999995	294.45	296.04999999999995	295.95	0.0	-0.0
178800.0	293.04999999999995	294.45	296.03	295.95	0.0	-0.0
183600.0	293.04999999999995	294.45	295.95	295.87	0.0	-0.0
184200.0	293.04999999999995	294.45	295.9	295.84999999999997	0.0	-0.0
184800.0	293.04999999999995	294.45	295.87	295.84999999999997	0.0	-0.0
185400.0	293.04999999999995	294.45	295.9	295.84999999999997	0.0	-0.0
189000.0	293.04999999999995	294.45	295.81	295.84999999999997	0.0	0.0
189600.0	293.04999999999995	294.45	295.82	295.84999999999997	0.0	0.0
190800.0	293.04999999999995	294.45	295.78	295.84999999999997	0.0	0.0
191400.0	293.04999999999995	294.45	295.78999999999996	295.84999999999997	0.0	0.0
192600.0	293.04999999999995	294.45	295.78	295.84999999999997	0.0	0.0
193800.0	293.04999999999995	294.45	295.82	295.84999999999997	0.0	0.0
194400.0	293.04999999999995	294.45	295.82	295.84999999999997	0.0	0.0
195600.0	293.04999999999995	294.45	295.78	295.84999999999997	0.0	0.0
208200.0	293.04999999999995	294.45	297.14	297.15	0.0	0.0
208800.0	293.04999999999995	294.45	297.45	297.42999999999995	0.0	-0.0
209400.0	293.04999999999995	294.45	297.46999999999997	297.34	0.0	-0.0
213000.0	293.04999999999995	294.45	297.84999999999997	297.90999999999997	0.0	0.0
217200.0	293.54999999999995	294.95	298.16999999999996	298.15	0.0	-0.0
217800.0	293.54999999999995	294.95	298.19	298.09	0.0	-0.0
218400.0	293.54999999999995	294.95	298.06	298.04999999999995	0.0	-0.0
219600.0	293.54999999999995	294.95	298.03	297.96	0.0	-0.0
222600.0	293.54999999999995	294.95	297.95	297.84999999999997	0.0	-0.0
223200.0	293.54999999999995	294.95	297.91999999999996	297.84999999999997	0.0	-0.0
225600.0	293.54999999999995	294.95	298.03999999999996	298.13	0.0	0.0
226200.0	293.54999999999995	294.95	298.04999999999995	298.13	0.0	0.0
228600.0	293.54999999999995	295.34999999999997	297.95	297.87	0.0	-0.0
229200.0	293.54999999999995	295.45	297.96	297.85999999999996	0.0	-0.0
229800.0	293.54999999999995	295.45	298.04999999999995	297.95	0.0	-0.0
230400.0	293.54999999999995	295.45	298.04999999999995	297.96	0.0	-0.0
231000.0	293.54999999999995	295.45	298.04999999999995	298.0	0.0	-0.0
231600.0	293.54999999999995	295.45	297.96999999999997	297.87	0.0	-0.0
232200.0	293.54999999999995	295.45	297.95	297.89	0.0	-0.0
232800.0	293.54999999999995	295.45	297.95	297.87	0.0	-0.0
233400.0	293.54999999999995	295.45	297.90999999999997	297.84999999999997	0.0	-0.0
235800.0	293.54999999999995	295.45	297.83	297.75	0.0	-0.0
241200.0	293.54999999999995	295.45	297.15	297.10999999999996	0.0	-0.0
241800.0	293.54999999999995	295.45	297.07	297.03999999999996	0.0	-0.0
243600.0	293.54999999999995	295.45	296.84999999999997	296.81	0.0	-0.0
244200.0	293.54999999999995	295.45	296.78	296.75	0.0	-0.0
246000.0	293.54999999999995	295.45	296.65	296.62	0.0	-0.0
246600.0	293.54999999999995	295.15	296.59	296.54999999999995	0.0	-0.0
247200.0	293.54999999999995	294.95	296.54999999999995	296.52	0.0	-0.0
247800.0	293.54999999999995	294.95	296.48999999999995	296.45	0.0	-0.0
250800.0	293.54999999999995	294.95	296.33	296.26	0.0	-0.0
252000.0	293.54999999999995	294.95	296.25	296.22999999999996	0.0	-0.0
252600.0	293.54999999999995	294.95	296.25	296.15	0.0	-0.0
253200.0	293.54999999999995	294.95	296.16999999999996	296.15	0.0	-0.0
254400.0	293.54999999999995	294.95	296.14	296.07	0.0	-0.0
256800.0	293.5	294.9	296.04999999999995	296.03999999999996	0.0	-0.0
257400.0	293.04999999999995	294.45	296.0	295.95	0.0	-0.0
259200.0	293.04999999999995	294.45	295.95	295.94	0.0	-0.0
259800.0	293.04999999999995	294.45	295.95	295.84999999999997	0.0	-0.0
260400.0	293.04999999999995	294.45	295.88	295.84999999999997	0.0	-0.0
262200.0	293.04999999999995	294.45	295.78999999999996	295.84999999999997	0.0	0.0
262800.0	293.04999999999995	294.45	295.78	295.84999999999997	0.0	0.0
263400.0	293.04999999999995	294.45	295.84999999999997	295.75	0.0	-0.0
264000.0	293.04999999999995	294.45	295.84999999999997	295.75	0.0	-0.0
264600.0	293.04999999999995	294.45	295.76	295.75	0.0	-0.0
267600.0	293.04999999999995	294.45	295.75	295.7	0.0	-0.0
268200.0	293.04999999999995	294.45	295.72999999999996	295.65	0.0	-0.0
273000.0	293.04999999999995	294.45	295.65	295.58	0.0	-0.0
273600.0	293.04999999999995	294.45	295.65	295.54999999999995	0.0	-0.0
274200.0	293.04999999999995	294.45	295.65	295.54999999999995	0.0	-0.0
274800.0	293.04999999999995	294.45	295.62	295.54999999999995	0.0	-0.0
279000.0	293.04999999999995	293.95	295.48999999999995	295.54999999999995	0.0	0.0
280800.0	293.04999999999995	293.95	295.54999999999995	295.53	0.0	-0.0
281400.0	293.04999999999995	293.95	295.54999999999995	295.45	0.0	-0.0
282000.0	293.04999999999995	293.95	295.54999999999995	295.45	0.0	-0.0
282600.0	293.04999999999995	293.95	295.54999999999995	295.45	0.0	-0.0
283200.0	293.04999999999995	293.95	295.46999999999997	295.45	0.0	-0.0
303000.0	292.54999999999995	293.95	295.53	295.46	0.0	-0.0
310200.0	292.54999999999995	293.95	295.63	295.54999999999995	0.0	-0.0
310800.0	292.54999999999995	293.95	295.65	295.54999999999995	0.0	-0.0
311400.0	292.54999999999995	293.95	295.65	295.62	0.0	-0.0
328800.0	292.54999999999995	293.95	295.62	295.54999999999995	0.0	-0.0
329400.0	292.54999999999995	293.95	295.65	295.54999999999995	0.0	-0.0
330000.0	292.54999999999995	293.95	295.65	295.54999999999995	0.0	-0.0
330600.0	292.54999999999995	293.95	295.65	295.54999999999995	0.0	-0.0
331200.0	292.54999999999995	293.95	295.58	295.54999999999995	0.0	-0.0
336600.0	292.54999999999995	293.95	295.54999999999995	295.53	0.0	-0.0
337200.0	292.54999999999995	293.95	295.54999999999995	295.45	0.0	-0.0
337800.0	292.54999999999995	293.95	295.46	295.45	0.0	-0.0
344400.0	292.54999999999995	293.95	295.45	295.40999999999997	0.0	-0.0
345000.0	292.54999999999995	293.95	295.45	295.34999999999997	0.0	-0.0
345600.0	292.54999999999995	293.95	295.45	295.34999999999997	0.0	-0.0
346200.0	292.54999999999995	293.95	295.45	295.34999999999997	0.0	-0.0
346800.0	292.54999999999995	293.95	295.40999999999997	295.34999999999997	0.0	-0.0
364800.0	292.54999999999995	293.95	295.34999999999997	295.32	0.0	-0.0
365400.0	292.54999999999995	293.95	295.34999999999997	295.25	0.0	-0.0
366000.0	292.54999999999995	293.95	295.34999999999997	295.25	0.0	-0.0
366600.0	292.54999999999995	293.95	295.34999999999997	295.25	0.0	-0.0
367200.0	292.54999999999995	293.95	295.34999999999997	295.25	0.0	-0.0
367800.0	292.54999999999995	293.95	295.34999999999997	295.25	0.0	-0.0
368400.0	292.54999999999995	293.95	295.34999999999997	295.25	0.0	-0.0
369000.0	292.54999999999995	293.95	295.34999999999997	295.25	0.0	-0.0
369600.0	292.54999999999995	293.95	295.34999999999997	295.25	0.0	-0.0
370200.0	292.54999999999995	293.95	295.34999999999997	295.25	0.0	-0.0
370800.0	292.54999999999995	293.95	295.34999999999997	295.25	0.0	-0.0
371400.0	292.54999999999995	293.95	295.29999999999995	295.25	0.0	-0.0
385800.0	292.54999999999995	293.95	295.34999999999997	295.25	0.0	-0.0
386400.0	292.54999999999995	293.95	295.34999999999997	295.32	0.0	-0.0
389400.0	292.54999999999995	293.95	295.37	295.34999999999997	0.0	-0.0
390000.0	292.54999999999995	293.95	295.45	295.34999999999997	0.0	-0.0
390600.0	292.54999999999995	293.95	295.45	295.44	0.0	-0.0
394200.0	292.54999999999995	293.95	295.52	295.46	0.0	-0.0
399600.0	292.54999999999995	293.95	295.57	295.54999999999995	0.0	-0.0
400200.0	292.54999999999995	293.95	295.65	295.60999999999996	0.0	-0.0
400800.0	292.54999999999995	293.95	295.65	295.58	0.0	-0.0
402600.0	292.54999999999995	293.95	295.59	295.65	0.0	0.0
403200.0	292.54999999999995	293.95	295.54999999999995	295.56	0.0	0.0
403800.0	292.54999999999995	293.95	295.54999999999995	295.59999999999997	0.0	0.0
404400.0	292.54999999999995	293.95	295.54999999999995	295.65	0.0	0.0
405000.0	292.54999999999995	293.95	295.59	295.65	0.0	0.0
405600.0	292.54999999999995	293.95	295.58	295.65	0.0	0.0
406200.0	292.54999999999995	293.95	295.59	295.65	0.0	0.0
407400.0	292.54999999999995	293.95	295.54999999999995	295.65	0.0	0.0
408000.0	292.54999999999995	293.95	295.54999999999995	295.65	0.0	0.0
408600.0	292.54999999999995	293.95	295.54999999999995	295.58	0.0	0.0
409200.0	292.54999999999995	293.95	295.54999999999995	295.59	0.0	0.0
409800.0	292.54999999999995	293.95	295.57	295.64	0.0	0.0
416400.0	292.54999999999995	293.95	295.51	295.54999999999995	0.0	0.0
417000.0	292.54999999999995	293.95	295.46	295.54999999999995	0.0	0.0
419400.0	292.54999999999995	293.95	295.45	295.52	0.0	0.0
420000.0	292.54999999999995	293.95	295.45	295.52	0.0	0.0
420600.0	292.54999999999995	293.95	295.52	295.45	0.0	-0.0
421200.0	292.54999999999995	293.95	295.47999999999996	295.45	0.0	-0.0
421800.0	292.54999999999995	293.95	295.54999999999995	295.45	0.0	-0.0
426600.0	292.54999999999995	293.95	295.39	295.45	0.0	0.0
427200.0	292.54999999999995	293.95	295.34999999999997	295.45	0.0	0.0
427800.0	292.54999999999995	293.95	295.4	295.45	0.0	0.0
429000.0	292.54999999999995	293.95	295.4	295.45	0.0	0.0
429600.0	292.54999999999995	293.95	295.41999999999996	295.45	0.0	0.0
430200.0	292.54999999999995	293.95	295.34999999999997	295.45	0.0	0.0
430800.0	292.54999999999995	293.95	295.34999999999997	295.35999999999996	0.0	0.0
432000.0	292.54999999999995	293.95	295.40999999999997	295.34999999999997	0.0	-0.0
435600.0	292.54999999999995	293.95	295.28	295.34999999999997	0.0	0.0
436800.0	292.54999999999995	293.95	295.34999999999997	295.28	0.0	-0.0
437400.0	292.54999999999995	293.95	295.28999999999996	295.34999999999997	0.0	0.0
438600.0	292.54999999999995	293.95	295.25	295.31	0.0	0.0
439200.0	292.54999999999995	293.95	295.25	295.32	0.0	0.0
439800.0	292.54999999999995	293.95	295.25	295.31	0.0	0.0
440400.0	292.54999999999995	293.95	295.25	295.32	0.0	0.0
441000.0	292.54999999999995	293.95	295.25	295.31	0.0	0.0
443400.0	292.54999999999995	293.95	295.25	295.28	0.0	0.0
444000.0	292.54999999999995	293.95	295.25	295.28999999999996	0.0	0.0
444600.0	292.54999999999995	293.95	295.25	295.27	0.0	0.0
445200.0	292.54999999999995	293.95	295.25	295.29999999999995	0.0	0.0
445800.0	292.54999999999995	293.95	295.32	295.25	0.0	-0.0
447000.0	292.54999999999995	293.95	295.34	295.25	0.0	-0.0
447600.0	292.54999999999995	293.95	295.29999999999995	295.25	0.0	-0.0
449400.0	292.54999999999995	293.95	295.31	295.25	0.0	-0.0
452400.0	292.54999999999995	293.95	295.29999999999995	295.25	0.0	-0.0
453000.0	292.54999999999995	293.95	295.34	295.25	0.0	-0.0
453600.0	292.54999999999995	293.95	295.29999999999995	295.25	0.0	-0.0
454200.0	292.54999999999995	293.95	295.27	295.25	0.0	-0.0
454800.0	292.54999999999995	293.95	295.25	295.28999999999996	0.0	0.0
455400.0	292.54999999999995	293.95	295.33	295.34999999999997	0.0	0.0
459000.0	292.54999999999995	293.95	295.52	295.45	0.0	-0.0
459600.0	292.54999999999995	293.95	295.54999999999995	295.53999999999996	0.0	-0.0
462000.0	292.54999999999995	293.95	295.73999999999995	295.66999999999996	0.0	-0.0
467400.0	292.54999999999995	293.95	296.48999999999995	296.57	0.0	0.0
468000.0	292.54999999999995	293.95	296.59999999999997	296.67999999999995	0.0	0.0
468600.0	292.54999999999995	293.95	297.04999999999995	296.95	0.0	-0.0
469200.0	292.54999999999995	293.95	297.09	296.98999999999995	0.0	-0.0
469800.0	292.54999999999995	293.95	297.15	297.04999999999995	0.0	-0.0
470400.0	292.54999999999995	293.95	297.15	297.09	0.0	-0.0
477000.0	293.04999999999995	294.45	297.75	297.84	0.0	0.0
477600.0	293.04999999999995	294.45	297.75	297.79999999999995	0.0	0.0
479400.0	293.04999999999995	294.95	297.75	297.67999999999995	0.0	-0.0
480000.0	293.04999999999995	294.95	297.75	297.65	0.0	-0.0
480600.0	293.04999999999995	294.95	297.72999999999996	297.65	0.0	-0.0
499200.0	293.04999999999995	294.95	297.25	297.19	0.0	-0.0
501600.0	293.04999999999995	294.95	297.04999999999995	297.03	0.0	-0.0
502200.0	293.04999999999995	294.95	297.04999999999995	296.95	0.0	-0.0
502800.0	293.04999999999995	294.95	296.96999999999997	296.95	0.0	-0.0
504000.0	293.04999999999995	294.95	296.84999999999997	296.78999999999996	0.0	-0.0
504600.0	293.04999999999995	294.95	296.73999999999995	296.72999999999996	0.0	-0.0
505800.0	293.04999999999995	294.95	296.63	296.56	0.0	-0.0
508200.0	293.04999999999995	294.95	296.45	296.44	0.0	-0.0
508800.0	293.04999999999995	294.95	296.4	296.34999999999997	0.0	-0.0
510000.0	293.04999999999995	294.95	296.34999999999997	296.31	0.0	-0.0
510600.0	293.04999999999995	294.95	296.27	296.25	0.0	-0.0
511800.0	293.04999999999995	294.95	296.25	296.23999999999995	0.0	-0.0
512400.0	293.04999999999995	294.95	296.21	296.15	0.0	-0.0
513000.0	293.04999999999995	294.95	296.15	296.14	0.0	-0.0
513600.0	293.04999999999995	294.95	296.10999999999996	296.04999999999995	0.0	-0.0
515400.0	293.04999999999995	294.45	296.04999999999995	296.03999999999996	0.0	-0.0
516000.0	293.04999999999995	294.45	296.04999999999995	295.95	0.0	-0.0
516600.0	293.04999999999995	294.45	295.97999999999996	295.95	0.0	-0.0
519000.0	293.04999999999995	294.45	295.94	295.88	0.0	-0.0
525000.0	293.04999999999995	294.45	295.75	295.67999999999995	0.0	-0.0
525600.0	293.04999999999995	294.45	295.71999999999997	295.65	0.0	-0.0
528000.0	293.04999999999995	294.45	295.65	295.62	0.0	-0.0
528600.0	293.04999999999995	294.45	295.65	295.54999999999995	0.0	-0.0
533400.0	293.04999999999995	293.95	295.54999999999995	295.48999999999995	0.0	-0.0
534000.0	293.04999999999995	293.95	295.53	295.45	0.0	-0.0
538800.0	292.54999999999995	293.95	295.45	295.37	0.0	-0.0
539400.0	292.54999999999995	293.95	295.40999999999997	295.34999999999997	0.0	-0.0
543000.0	292.54999999999995	293.95	295.39	295.34999999999997	0.0	-0.0
543600.0	292.54999999999995	293.95	295.45	295.34999999999997	0.0	-0.0
544200.0	292.54999999999995	293.95	295.45	295.39	0.0	-0.0
549600.0	292.54999999999995	293.95	295.84999999999997	295.90999999999997	0.0	0.0
550200.0	292.54999999999995	293.95	295.94	295.95	0.0	0.0
553200.0	292.54999999999995	293.95	296.54999999999995	296.60999999999996	0.0	0.0
553800.0	292.54999999999995	293.95	296.65999999999997	296.66999999999996	0.0	0.0
554400.0	292.54999999999995	293.95	296.75	296.81	0.0	0.0
555000.0	292.54999999999995	293.95	296.85999999999996	296.87	0.0	0.0
556200.0	292.54999999999995	293.95	297.07	297.13	0.0	0.0
559200.0	293.04999999999995	294.45	297.45	297.48999999999995	0.0	0.0
559800.0	293.04999999999995	294.45	297.53999999999996	297.56	0.0	0.0
560400.0	293.04999999999995	294.45	297.66999999999996	297.60999999999996	0.0	-0.0
562800.0	293.04999999999995	294.45	297.75	297.78999999999996	0.0	0.0
563400.0	293.04999999999995	294.45	297.82	297.84999999999997	0.0	0.0
566400.0	293.04999999999995	294.95	297.91999999999996	297.84999999999997	0.0	-0.0
568200.0	293.04999999999995	294.95	297.98999999999995	297.95	0.0	-0.0
568800.0	293.04999999999995	294.95	298.04999999999995	298.02	0.0	-0.0
573000.0	293.54999999999995	294.95	298.32	298.34999999999997	0.0	0.0
573600.0	293.54999999999995	295.25	298.31	298.34999999999997	0.0	0.0
583200.0	293.54999999999995	295.45	298.45	298.53999999999996	0.0	0.0
583800.0	293.54999999999995	295.45	298.45	298.5	0.0	0.0
585600.0	293.54999999999995	295.45	298.34999999999997	298.31	0.0	-0.0
586200.0	293.54999999999995	295.45	298.34999999999997	298.32	0.0	-0.0
588000.0	293.54999999999995	295.45	297.75	297.71	0.0	-0.0
588600.0	293.54999999999995	295.45	297.67999999999995	297.58	0.0	-0.0
589200.0	293.54999999999995	295.45	297.54999999999995	297.52	0.0	-0.0
589800.0	293.54999999999995	295.45	297.48999999999995	297.45	0.0	-0.0
590400.0	293.54999999999995	295.45	297.45	297.41999999999996	0.0	-0.0
591000.0	293.54999999999995	295.45	297.39	297.28999999999996	0.0	-0.0
591600.0	293.54999999999995	295.45	297.25	297.21999999999997	0.0	-0.0
592200.0	293.54999999999995	295.45	297.19	297.15	0.0	-0.0
594000.0	293.54999999999995	295.45	297.03	296.96	0.0	-0.0
596400.0	293.54999999999995	295.45	296.83	296.77	0.0	-0.0
597600.0	293.54999999999995	295.45	296.72999999999996	296.66999999999996	0.0	-0.0
598800.0	293.54999999999995	295.45	296.65	296.63	0.0	-0.0
599400.0	293.54999999999995	295.2	296.59999999999997	296.54999999999995	0.0	-0.0
603000.0	293.54999999999995	294.95	296.45	296.34999999999997	0.0	-0.0
603600.0	293.54999999999995	294.95	296.38	296.34999999999997	0.0	-0.0
605400.0	293.54999999999995	294.95	296.34999999999997	296.25	0.0	-0.0
606000.0	293.54999999999995	294.95	296.28999999999996	296.25	0.0	-0.0
607800.0	293.54999999999995	294.95	296.25	296.15	0.0	-0.0
608400.0	293.54999999999995	294.95	296.19	296.15	0.0	-0.0
610800.0	293.04999999999995	294.45	296.15	296.09	0.0	-0.0
611400.0	293.04999999999995	294.45	296.06	296.04999999999995	0.0	-0.0
613800.0	293.04999999999995	294.45	296.04999999999995	295.96	0.0	-0.0
614400.0	293.04999999999995	294.45	296.0	295.95	0.0	-0.0
618600.0	293.04999999999995	294.45	295.94	295.87	0.0	-0.0
622800.0	293.04999999999995	294.45	295.84999999999997	295.81	0.0	-0.0
623400.0	293.04999999999995	294.45	295.84999999999997	295.75	0.0	-0.0
624000.0	293.04999999999995	294.45	295.82	295.75	0.0	-0.0
628800.0	293.04999999999995	294.45	295.77	295.75	0.0	-0.0
629400.0	293.04999999999995	294.45	295.84999999999997	295.79999999999995	0.0	-0.0
631200.0	293.04999999999995	294.45	295.87	295.84999999999997	0.0	-0.0
631800.0	293.04999999999995	294.45	295.95	295.85999999999996	0.0	-0.0
636000.0	293.04999999999995	294.45	296.34999999999997	296.33	0.0	-0.0
636600.0	293.04999999999995	294.45	296.45	296.4	0.0	-0.0
642600.0	293.04999999999995	294.45	297.54999999999995	297.60999999999996	0.0	0.0
643200.0	293.04999999999995	294.45	297.57	297.65	0.0	0.0
665400.0	293.54999999999995	295.45	298.25	298.2	0.0	-0.0
666000.0	293.54999999999995	295.45	298.25	298.15	0.0	-0.0
666600.0	293.54999999999995	295.45	298.25	298.15	0.0	-0.0
667200.0	293.54999999999995	295.45	298.25	298.15	0.0	-0.0
667800.0	293.54999999999995	295.45	298.25	298.15	0.0	-0.0
668400.0	293.54999999999995	295.45	298.25	298.15	0.0	-0.0
669000.0	293.54999999999995	295.45	298.25	298.15	0.0	-0.0
669600.0	293.54999999999995	295.45	298.25	298.15	0.0	-0.0
670200.0	293.54999999999995	295.45	298.23999999999995	298.14	0.0	-0.0
670800.0	293.54999999999995	295.45	298.15	298.04999999999995	0.0	-0.0
671400.0	293.54999999999995	295.45	298.15	298.12	0.0	-0.0
676200.0	293.54999999999995	295.45	297.73999999999995	297.66999999999996	0.0	-0.0
679200.0	293.54999999999995	295.45	297.34999999999997	297.31	0.0	-0.0
679800.0	293.54999999999995	295.45	297.27	297.25	0.0	-0.0
680400.0	293.54999999999995	295.45	297.25	297.2	0.0	-0.0
681000.0	293.54999999999995	295.45	297.16999999999996	297.15	0.0	-0.0
681600.0	293.54999999999995	295.45	297.15	297.10999999999996	0.0	-0.0
682200.0	293.54999999999995	295.45	297.07	297.04999999999995	0.0	-0.0
682800.0	293.54999999999995	295.45	297.04999999999995	297.0	0.0	-0.0
683400.0	293.54999999999995	295.45	296.96999999999997	296.94	0.0	-0.0
684000.0	293.54999999999995	295.45	296.9	296.84999999999997	0.0	-0.0
686400.0	293.54999999999995	295.45	296.75	296.67999999999995	0.0	-0.0
687000.0	293.54999999999995	295.45	296.71999999999997	296.65	0.0	-0.0
688200.0	293.54999999999995	295.0	296.65	296.56	0.0	-0.0
688800.0	293.54999999999995	294.95	296.59999999999997	296.54999999999995	0.0	-0.0
689400.0	293.54999999999995	294.95	296.54999999999995	296.53999999999996	0.0	-0.0
690000.0	293.54999999999995	294.95	296.54999999999995	296.45	0.0	-0.0
690600.0	293.54999999999995	294.95	296.47999999999996	296.45	0.0	-0.0
691200.0	293.54999999999995	294.95	296.45	296.41999999999996	0.0	-0.0
691800.0	293.54999999999995	294.95	296.45	296.34999999999997	0.0	-0.0
692400.0	293.54999999999995	294.95	296.35999999999996	296.34999999999997	0.0	-0.0
695400.0	293.54999999999995	294.95	296.25	296.21999999999997	0.0	-0.0
696000.0	293.54999999999995	294.95	296.25	296.15	0.0	-0.0
696600.0	293.54999999999995	294.95	296.15999999999997	296.15	0.0	-0.0
698400.0	293.54999999999995	294.95	296.15	296.10999999999996	0.0	-0.0
699000.0	293.54999999999995	294.54999999999995	296.14	296.04999999999995	0.0	-0.0
701400.0	293.04999999999995	294.45	296.04999999999995	296.03999999999996	0.0	-0.0
702000.0	293.04999999999995	294.45	296.04999999999995	295.95	0.0	-0.0
702600.0	293.04999999999995	294.45	295.96999999999997	295.95	0.0	-0.0
705600.0	293.04999999999995	294.45	295.95	295.9	0.0	-0.0
706200.0	293.04999999999995	294.45	295.94	295.84999999999997	0.0	-0.0
709800.0	293.04999999999995	294.45	295.84999999999997	295.83	0.0	-0.0
710400.0	293.04999999999995	294.45	295.84999999999997	295.75	0.0	-0.0
711000.0	293.04999999999995	294.45	295.84999999999997	295.75	0.0	-0.0
711600.0	293.04999999999995	294.45	295.79999999999995	295.75	0.0	-0.0
721200.0	293.04999999999995	294.45	296.03	295.95	0.0	-0.0
721800.0	293.04999999999995	294.45	296.04999999999995	295.95	0.0	-0.0
722400.0	293.04999999999995	294.45	296.14	296.13	0.0	-0.0
725400.0	293.04999999999995	294.45	296.84	296.81	0.0	-0.0
726000.0	293.04999999999995	294.45	297.04999999999995	296.95	0.0	-0.0
726600.0	293.04999999999995	294.45	297.14	297.13	0.0	-0.0
729600.0	293.04999999999995	294.45	297.57	297.64	0.0	0.0
732600.0	293.04999999999995	294.75	298.04999999999995	298.10999999999996	0.0	0.0
733200.0	293.04999999999995	294.95	298.07	298.15	0.0	0.0
734400.0	293.45	294.95	298.22999999999996	298.31	0.0	0.0
735000.0	293.54999999999995	294.95	298.37	298.39	0.0	0.0
735600.0	293.54999999999995	294.95	298.54999999999995	298.45	0.0	-0.0
743400.0	293.54999999999995	295.45	298.28999999999996	298.34999999999997	0.0	0.0
762600.0	293.54999999999995	295.45	297.69	297.63	0.0	-0.0
763200.0	293.54999999999995	295.45	297.58	297.53999999999996	0.0	-0.0
763800.0	293.54999999999995	295.45	297.51	297.45	0.0	-0.0
764400.0	293.54999999999995	295.45	297.45	297.44	0.0	-0.0
765000.0	293.54999999999995	295.45	297.40999999999997	297.34999999999997	0.0	-0.0
768000.0	293.54999999999995	295.45	297.25	297.23999999999995	0.0	-0.0
768600.0	293.54999999999995	295.45	297.2	297.15	0.0	-0.0
774000.0	293.54999999999995	295.45	296.83	296.76	0.0	-0.0
775800.0	293.54999999999995	294.95	296.75	296.69	0.0	-0.0
776400.0	293.54999999999995	294.95	296.65999999999997	296.65	0.0	-0.0
777600.0	293.54999999999995	294.95	296.65	296.63	0.0	-0.0
778200.0	293.54999999999995	294.95	296.59999999999997	296.54999999999995	0.0	-0.0
782400.0	293.54999999999995	294.95	296.38	296.45	0.0	0.0
783000.0	293.54999999999995	294.95	296.45	296.39	0.0	-0.0
783600.0	293.54999999999995	294.95	296.35999999999996	296.34999999999997	0.0	-0.0
787200.0	293.54999999999995	294.95	296.28	296.26	0.0	-0.0
787800.0	293.54999999999995	294.95	296.28999999999996	296.25	0.0	-0.0
790800.0	293.54999999999995	294.95	296.19	296.25	0.0	0.0
792000.0	293.54999999999995	294.95	296.25	296.21999999999997	0.0	-0.0
792600.0	293.54999999999995	294.95	296.25	296.15	0.0	-0.0
793200.0	293.54999999999995	294.84999999999997	296.22999999999996	296.15	0.0	-0.0
797400.0	293.54999999999995	294.45	296.09	296.15	0.0	0.0
798000.0	293.54999999999995	294.45	296.14	296.15	0.0	0.0
804600.0	293.54999999999995	294.45	296.4	296.34999999999997	0.0	-0.0
805200.0	293.54999999999995	294.45	296.45	296.44	0.0	-0.0
808800.0	293.54999999999995	294.45	296.75	296.77	0.0	0.0
809400.0	293.54999999999995	294.45	296.79999999999995	296.84999999999997	0.0	0.0
812400.0	293.54999999999995	294.45	297.22999999999996	297.25	0.0	0.0
813000.0	293.54999999999995	294.45	297.29999999999995	297.34999999999997	0.0	0.0
823200.0	293.54999999999995	295.45	298.46	298.45	0.0	-0.0
823800.0	293.75	295.45	298.51	298.45	0.0	-0.0
829200.0	294.04999999999995	295.45	298.45	298.52	0.0	0.0
829800.0	294.04999999999995	295.45	298.66999999999996	298.65	0.0	-0.0
830400.0	294.04999999999995	295.45	298.64	298.58	0.0	-0.0
832200.0	294.04999999999995	295.45	298.73999999999995	298.65999999999997	0.0	-0.0
832800.0	294.04999999999995	295.45	298.69	298.53	0.0	-0.0
834000.0	294.04999999999995	295.45	298.54999999999995	298.59999999999997	0.0	0.0
834600.0	294.04999999999995	295.84999999999997	298.60999999999996	298.57	0.0	-0.0
846600.0	294.04999999999995	295.95	298.13	298.07	0.0	-0.0
847800.0	294.04999999999995	295.95	297.95	297.92999999999995	0.0	-0.0
848400.0	294.04999999999995	295.95	297.9	297.84999999999997	0.0	-0.0
849000.0	294.04999999999995	295.95	297.83	297.84999999999997	0.0	0.0
849600.0	294.04999999999995	295.95	297.75	297.79999999999995	0.0	0.0
852000.0	294.04999999999995	295.95	297.54999999999995	297.5	0.0	-0.0
852600.0	294.04999999999995	295.95	297.46999999999997	297.45	0.0	-0.0
862800.0	294.04999999999995	295.45	296.84999999999997	296.76	0.0	-0.0
863400.0	294.04999999999995	295.45	296.79999999999995	296.75	0.0	-0.0
868200.0	293.54999999999995	294.95	296.54999999999995	296.47999999999996	0.0	-0.0
871200.0	293.54999999999995	294.95	296.41999999999996	296.34999999999997	0.0	-0.0
874200.0	293.54999999999995	294.95	296.34	296.28	0.0	-0.0
878400.0	293.54999999999995	294.95	296.21	296.15	0.0	-0.0
881400.0	293.54999999999995	294.45	296.15	296.14	0.0	-0.0
882000.0	293.54999999999995	294.45	296.15	296.04999999999995	0.0	-0.0
882600.0	293.54999999999995	294.45	296.14	296.04999999999995	0.0	-0.0
887400.0	293.04999999999995	294.45	296.04999999999995	296.03999999999996	0.0	-0.0
888000.0	293.04999999999995	294.45	296.04999999999995	295.95	0.0	-0.0
888600.0	293.04999999999995	294.45	295.96999999999997	295.95	0.0	-0.0
895200.0	293.04999999999995	294.45	295.90999999999997	295.84999999999997	0.0	-0.0
907800.0	293.04999999999995	294.45	295.96	295.95	0.0	-0.0
908400.0	293.04999999999995	294.45	296.04999999999995	295.95	0.0	-0.0
909000.0	293.04999999999995	294.45	296.04999999999995	295.95	0.0	-0.0
909600.0	293.04999999999995	294.45	296.04999999999995	295.95	0.0	-0.0
910200.0	293.04999999999995	294.45	296.04999999999995	295.95	0.0	-0.0
910800.0	293.04999999999995	294.45	296.04999999999995	295.98999999999995	0.0	-0.0
918600.0	293.04999999999995	294.45	296.03999999999996	296.04999999999995	0.0	0.0
919200.0	293.04999999999995	294.45	295.98999999999995	296.04999999999995	0.0	0.0
921600.0	293.04999999999995	294.45	296.09	296.04999999999995	0.0	-0.0
922200.0	293.04999999999995	294.45	296.15	296.06	0.0	-0.0
927600.0	293.04999999999995	294.45	296.15	296.06	0.0	-0.0
928200.0	293.04999999999995	294.45	296.09	296.04999999999995	0.0	-0.0
932400.0	293.04999999999995	294.45	296.04999999999995	295.95	0.0	-0.0
933000.0	293.04999999999995	294.45	296.04999999999995	295.95	0.0	-0.0
933600.0	293.04999999999995	294.45	296.04999999999995	295.95	0.0	-0.0
934200.0	293.04999999999995	294.45	295.98999999999995	295.95	0.0	-0.0
939000.0	293.04999999999995	294.45	295.95	295.88	0.0	-0.0
939600.0	293.04999999999995	294.45	295.90999999999997	295.84999999999997	0.0	-0.0
945600.0	293.04999999999995	294.45	295.82	295.75	0.0	-0.0
949800.0	293.04999999999995	294.45	295.75	295.67999999999995	0.0	-0.0
950400.0	293.04999999999995	294.45	295.71	295.65	0.0	-0.0
954600.0	293.04999999999995	294.09999999999997	295.65	295.58	0.0	-0.0
955200.0	293.04999999999995	293.95	295.60999999999996	295.54999999999995	0.0	-0.0
959400.0	293.04999999999995	293.95	295.54999999999995	295.53999999999996	0.0	-0.0
960000.0	293.04999999999995	293.95	295.51	295.45	0.0	-0.0
966600.0	292.54999999999995	293.95	295.45	295.38	0.0	-0.0
974400.0	292.54999999999995	293.95	295.34999999999997	295.32	0.0	-0.0
975000.0	292.54999999999995	293.95	295.34999999999997	295.25	0.0	-0.0
975600.0	292.54999999999995	293.95	295.32	295.25	0.0	-0.0
991200.0	292.54999999999995	293.95	295.28	295.25	0.0	-0.0
991800.0	292.54999999999995	293.95	295.34999999999997	295.31	0.0	-0.0
1002000.0	292.54999999999995	293.95	295.59	295.54999999999995	0.0	-0.0
1002600.0	292.54999999999995	293.95	295.65	295.54999999999995	0.0	-0.0
1003200.0	292.54999999999995	293.95	295.65	295.58	0.0	-0.0
1005600.0	292.54999999999995	293.95	295.67999999999995	295.65	0.0	-0.0
1006200.0	292.54999999999995	293.95	295.75	295.71999999999997	0.0	-0.0
1009200.0	292.54999999999995	293.95	295.84999999999997	295.78	0.0	-0.0
1020600.0	292.54999999999995	293.95	295.83	295.76	0.0	-0.0
1024200.0	292.54999999999995	293.95	295.75	295.72999999999996	0.0	-0.0
1024800.0	292.54999999999995	293.95	295.7	295.65	0.0	-0.0
1032000.0	292.54999999999995	293.95	295.54999999999995	295.5	0.0	-0.0
1032600.0	292.54999999999995	293.95	295.54999999999995	295.45	0.0	-0.0
1033200.0	292.54999999999995	293.95	295.5	295.45	0.0	-0.0
1041000.0	292.54999999999995	293.95	295.45	295.37	0.0	-0.0
1041600.0	292.54999999999995	293.95	295.4	295.34999999999997	0.0	-0.0
1045800.0	292.54999999999995	293.95	295.34	295.27	0.0	-0.0
1052400.0	292.54999999999995	293.95	295.25	295.19	0.0	-0.0
1053000.0	292.54999999999995	293.95	295.22999999999996	295.15	0.0	-0.0
1073400.0	292.54999999999995	293.95	297.15	297.21	0.0	0.0
1076400.0	292.54999999999995	294.48999999999995	297.88	297.95	0.0	0.0
1077600.0	293.09	294.54999999999995	297.91999999999996	297.84999999999997	0.0	-0.0
1080600.0	293.15	294.54999999999995	298.15	298.2	0.0	0.0
1081200.0	293.15	294.65	298.26	298.27	0.0	0.0
1084800.0	293.25	295.04999999999995	298.42999999999995	298.40999999999997	0.0	-0.0
1085400.0	293.65	295.04999999999995	298.4	298.34999999999997	0.0	-0.0
1087200.0	293.65	295.04999999999995	298.45	298.46999999999997	0.0	0.0
1087800.0	293.65	295.04999999999995	298.47999999999996	298.54999999999995	0.0	0.0
1091400.0	293.65	295.54999999999995	298.64	298.48999999999995	0.0	-0.0
1092000.0	293.65	295.54999999999995	298.59	298.40999999999997	0.0	-0.0
1092600.0	293.65	295.54999999999995	298.46	298.45	0.0	-0.0
1100400.0	293.65	295.54999999999995	298.54999999999995	298.45	0.0	-0.0
1101000.0	293.65	295.54999999999995	298.48999999999995	298.45	0.0	-0.0
1103400.0	293.65	295.54999999999995	298.34999999999997	298.31	0.0	-0.0
1104000.0	293.65	295.54999999999995	298.34999999999997	298.25	0.0	-0.0
1108200.0	293.65	295.54999999999995	297.57	297.56	0.0	-0.0
1108800.0	293.65	295.54999999999995	297.51	297.45	0.0	-0.0
1109400.0	293.65	295.54999999999995	297.44	297.37	0.0	-0.0
1111200.0	293.65	295.54999999999995	297.15	297.09999999999997	0.0	-0.0
1111800.0	293.65	295.54999999999995	297.07	297.03999999999996	0.0	-0.0
1112400.0	293.65	295.54999999999995	297.0	296.95	0.0	-0.0
1114200.0	293.65	295.54999999999995	296.83	296.77	0.0	-0.0
1117800.0	293.65	295.04999999999995	296.54999999999995	296.53	0.0	-0.0
1118400.0	293.65	295.04999999999995	296.48999999999995	296.45	0.0	-0.0
1121400.0	293.2	295.04999999999995	296.33	296.26	0.0	-0.0
1125600.0	293.15	294.54999999999995	296.15	296.09999999999997	0.0	-0.0
1126200.0	293.15	294.54999999999995	296.07	296.04999999999995	0.0	-0.0
1128600.0	293.15	294.54999999999995	296.03	295.96999999999997	0.0	-0.0
1132200.0	293.15	294.54999999999995	295.92999999999995	295.85999999999996	0.0	-0.0
1135800.0	293.15	294.54999999999995	295.84999999999997	295.83	0.0	-0.0
1136400.0	293.15	294.54999999999995	295.84999999999997	295.75	0.0	-0.0
1137000.0	293.15	294.54999999999995	295.76	295.75	0.0	-0.0
1140600.0	293.15	294.04999999999995	295.75	295.71999999999997	0.0	-0.0
1141200.0	293.15	294.04999999999995	295.69	295.65	0.0	-0.0
1152600.0	292.65	294.04999999999995	295.98999999999995	296.04999999999995	0.0	0.0
1157400.0	292.65	294.04999999999995	296.72999999999996	296.77	0.0	0.0
1158000.0	292.65	294.04999999999995	296.97999999999996	296.95	0.0	-0.0
1160400.0	292.65	294.04999999999995	297.33	297.39	0.0	0.0
1163400.0	293.15	294.54999999999995	297.77	297.81	0.0	0.0
1164000.0	293.15	294.54999999999995	297.90999999999997	297.81	0.0	-0.0
1165800.0	293.15	294.54999999999995	297.88	297.90999999999997	0.0	0.0
1166400.0	293.15	294.54999999999995	298.02	297.97999999999996	0.0	-0.0
1170600.0	293.65	295.04999999999995	298.12	298.06	0.0	-0.0
1178400.0	293.65	295.04999999999995	298.02	297.98999999999995	0.0	-0.0
1179000.0	293.65	295.04999999999995	297.95	297.90999999999997	0.0	-0.0
1184400.0	293.65	295.04999999999995	297.85999999999996	297.84999999999997	0.0	-0.0
1185000.0	293.65	295.04999999999995	297.95	297.84999999999997	0.0	-0.0
1185600.0	293.65	295.04999999999995	297.95	297.89	0.0	-0.0
1191000.0	293.65	295.04999999999995	297.75	297.73999999999995	0.0	-0.0
1191600.0	293.65	295.04999999999995	297.71	297.65	0.0	-0.0
1192200.0	293.65	295.04999999999995	297.65	297.64	0.0	-0.0
1192800.0	293.65	295.04999999999995	297.60999999999996	297.54999999999995	0.0	-0.0
1193400.0	293.65	295.04999999999995	297.54999999999995	297.47999999999996	0.0	-0.0
1194000.0	293.65	295.04999999999995	297.45	297.40999999999997	0.0	-0.0
1194600.0	293.65	295.04999999999995	297.38	297.34999999999997	0.0	-0.0
1196400.0	293.65	295.04999999999995	297.21999999999997	297.15	0.0	-0.0
1197000.0	293.65	295.04999999999995	297.15	297.09	0.0	-0.0
1202400.0	293.65	295.04999999999995	296.71999999999997	296.65999999999997	0.0	-0.0
1203600.0	293.65	295.04999999999995	296.65	296.63	0.0	-0.0
1204200.0	293.65	295.04999999999995	296.59	296.54999999999995	0.0	-0.0
1206000.0	293.65	295.04999999999995	296.53999999999996	296.46999999999997	0.0	-0.0
1207800.0	293.65	295.04999999999995	296.45	296.40999999999997	0.0	-0.0
1208400.0	293.65	295.04999999999995	296.38	296.34999999999997	0.0	-0.0
1210200.0	293.65	295.04999999999995	296.31	296.34999999999997	0.0	0.0
1210800.0	293.65	295.04999999999995	296.31	296.28	0.0	-0.0
1213800.0	293.15	294.54999999999995	296.21	296.15	0.0	-0.0
1216800.0	293.15	294.54999999999995	296.15	296.09	0.0	-0.0
1217400.0	293.15	294.54999999999995	296.12	296.04999999999995	0.0	-0.0
1221000.0	293.15	294.54999999999995	296.04999999999995	296.03	0.0	-0.0
1221600.0	293.15	294.54999999999995	296.04999999999995	295.95	0.0	-0.0
1222200.0	293.15	294.54999999999995	295.96	295.95	0.0	-0.0
1227600.0	293.15	294.54999999999995	295.95	295.9	0.0	-0.0
1228200.0	293.15	294.54999999999995	295.87	295.84999999999997	0.0	-0.0
1242600.0	293.15	294.54999999999995	296.54999999999995	296.59999999999997	0.0	0.0
1243200.0	293.15	294.54999999999995	296.79999999999995	296.82	0.0	0.0
1246200.0	293.15	294.54999999999995	297.28999999999996	297.34999999999997	0.0	0.0
1247400.0	293.15	294.54999999999995	297.39	297.45	0.0	0.0
1248600.0	293.15	294.54999999999995	297.51	297.48999999999995	0.0	-0.0
1249200.0	293.15	294.54999999999995	297.52	297.54999999999995	0.0	0.0
1252800.0	293.15	294.54999999999995	297.84999999999997	297.95	0.0	0.0
1253400.0	293.15	294.84999999999997	297.84999999999997	297.89	0.0	0.0
1264200.0	293.65	295.04999999999995	297.75	297.76	0.0	0.0
1264800.0	293.65	295.04999999999995	297.75	297.54999999999995	0.0	-0.0
1265400.0	293.65	295.04999999999995	297.75	297.72999999999996	0.0	-0.0
1287000.0	293.65	295.04999999999995	296.82	296.75	0.0	-0.0
1288800.0	293.65	295.04999999999995	296.75	296.69	0.0	-0.0
1290600.0	293.65	295.04999999999995	296.65	296.63	0.0	-0.0
1291200.0	293.65	295.04999999999995	296.59999999999997	296.54999999999995	0.0	-0.0
1297800.0	293.65	295.04999999999995	296.34999999999997	296.33	0.0	-0.0
1298400.0	293.65	295.04999999999995	296.34	296.25	0.0	-0.0
1302600.0	293.2	294.54999999999995	296.12	296.06	0.0	-0.0
1305000.0	293.15	294.54999999999995	296.03999999999996	295.96999999999997	0.0	-0.0
1308000.0	293.15	294.54999999999995	295.95	295.90999999999997	0.0	-0.0
1308600.0	293.15	294.54999999999995	295.88	295.84999999999997	0.0	-0.0
1311600.0	293.15	294.54999999999995	295.84999999999997	295.82	0.0	-0.0
1312200.0	293.15	294.54999999999995	295.78999999999996	295.75	0.0	-0.0
1315200.0	293.15	294.54999999999995	295.75	295.71999999999997	0.0	-0.0
1315800.0	293.15	294.54999999999995	295.75	295.65	0.0	-0.0
1316400.0	293.15	294.54999999999995	295.71999999999997	295.65	0.0	-0.0
1326000.0	293.15	294.04999999999995	295.85999999999996	295.84999999999997	0.0	-0.0
1326600.0	293.15	294.04999999999995	295.95	295.89	0.0	-0.0
1333800.0	293.15	294.04999999999995	296.87	296.94	0.0	0.0
1334400.0	293.15	294.04999999999995	296.95	297.01	0.0	0.0
1335000.0	293.15	294.04999999999995	297.03	297.04999999999995	0.0	0.0
1339200.0	293.15	294.54999999999995	297.40999999999997	297.46999999999997	0.0	0.0
1339800.0	293.15	294.54999999999995	297.46999999999997	297.54999999999995	0.0	0.0
1351200.0	293.65	295.04999999999995	297.40999999999997	297.54999999999995	0.0	0.0
1364400.0	293.65	295.04999999999995	297.54999999999995	297.5	0.0	-0.0
1365000.0	293.65	295.04999999999995	297.46999999999997	297.40999999999997	0.0	-0.0
1366200.0	293.65	295.04999999999995	297.32	297.25	0.0	-0.0
1367400.0	293.65	295.04999999999995	297.21999999999997	297.15999999999997	0.0	-0.0
1370400.0	293.65	295.04999999999995	297.04999999999995	297.01	0.0	-0.0
1371000.0	293.65	295.04999999999995	296.96999999999997	296.95	0.0	-0.0
1372200.0	293.65	295.04999999999995	296.94	296.88	0.0	-0.0
1380000.0	293.65	295.04999999999995	296.64	296.57	0.0	-0.0
1391400.0	293.65	295.04999999999995	296.34999999999997	296.32	0.0	-0.0
1392000.0	293.65	295.04999999999995	296.28999999999996	296.25	0.0	-0.0
1402200.0	293.15	294.54999999999995	296.15	296.13	0.0	-0.0
1402800.0	293.15	294.54999999999995	296.15	296.04999999999995	0.0	-0.0
1403400.0	293.15	294.54999999999995	296.15	296.04999999999995	0.0	-0.0
1404000.0	293.15	294.54999999999995	296.15	296.04999999999995	0.0	-0.0
1404600.0	293.15	294.54999999999995	296.15	296.13	0.0	-0.0
1405800.0	293.15	294.54999999999995	296.23999999999995	296.25	0.0	0.0
1406400.0	293.15	294.54999999999995	296.29999999999995	296.34999999999997	0.0	0.0
1415400.0	293.15	294.54999999999995	296.54999999999995	296.59999999999997	0.0	0.0
1416000.0	293.15	294.54999999999995	296.65999999999997	296.66999999999996	0.0	0.0
1419600.0	293.15	294.54999999999995	297.13	297.2	0.0	0.0
1422600.0	293.15	294.54999999999995	297.45	297.48999999999995	0.0	0.0
1423200.0	293.15	294.54999999999995	297.38	297.40999999999997	0.0	0.0
1424400.0	293.15	294.54999999999995	297.59	297.52	0.0	-0.0
1434000.0	293.65	295.04999999999995	297.65	297.58	0.0	-0.0
1435200.0	293.65	295.04999999999995	297.73999999999995	297.65	0.0	-0.0
1435800.0	293.65	295.04999999999995	297.75	297.71	0.0	-0.0
1437600.0	293.65	295.04999999999995	297.59	297.72999999999996	0.0	0.0
1438800.0	293.65	295.04999999999995	297.75	297.67999999999995	0.0	-0.0
1441200.0	293.65	295.04999999999995	297.76	297.75	0.0	-0.0
1441800.0	293.65	295.04999999999995	297.81	297.75	0.0	-0.0
1444200.0	293.65	295.04999999999995	297.71999999999997	297.65	0.0	-0.0
1446600.0	293.65	295.04999999999995	297.52	297.46	0.0	-0.0
1449000.0	293.65	295.04999999999995	297.45	297.42999999999995	0.0	-0.0
1449600.0	293.65	295.04999999999995	297.45	297.34999999999997	0.0	-0.0
1450200.0	293.65	295.04999999999995	297.35999999999996	297.34999999999997	0.0	-0.0
1451400.0	293.65	295.04999999999995	297.22999999999996	297.15999999999997	0.0	-0.0
1455000.0	293.65	295.04999999999995	296.95	296.88	0.0	-0.0
1459200.0	293.65	295.04999999999995	296.65	296.62	0.0	-0.0
1459800.0	293.65	295.04999999999995	296.59	296.54999999999995	0.0	-0.0
1461600.0	293.65	295.04999999999995	296.52	296.45	0.0	-0.0
1465800.0	293.65	295.04999999999995	296.34999999999997	296.28999999999996	0.0	-0.0
1466400.0	293.65	295.04999999999995	296.26	296.25	0.0	-0.0
1468200.0	293.65	295.04999999999995	296.25	296.19	0.0	-0.0
1468800.0	293.65	295.04999999999995	296.15999999999997	296.15	0.0	-0.0
1471200.0	293.65	294.95	296.13	296.06	0.0	-0.0
1474200.0	293.15	294.54999999999995	296.04999999999995	295.98999999999995	0.0	-0.0
1474800.0	293.15	294.54999999999995	295.96	295.95	0.0	-0.0
1477200.0	293.15	294.54999999999995	295.95	295.92999999999995	0.0	-0.0
1477800.0	293.15	294.54999999999995	295.9	295.84999999999997	0.0	-0.0
1480200.0	293.15	294.54999999999995	295.84999999999997	295.79999999999995	0.0	-0.0
1480800.0	293.15	294.54999999999995	295.76	295.75	0.0	-0.0
1483800.0	293.15	294.54999999999995	295.75	295.71	0.0	-0.0
1484400.0	293.15	294.54999999999995	295.66999999999996	295.65	0.0	-0.0
1486800.0	293.15	294.54999999999995	295.64	295.65	0.0	0.0
1487400.0	293.15	294.54999999999995	295.54999999999995	295.60999999999996	0.0	0.0
1491600.0	293.15	294.04999999999995	295.54999999999995	295.47999999999996	0.0	-0.0
1492200.0	293.15	294.04999999999995	295.52	295.45	0.0	-0.0
1497000.0	293.15	294.04999999999995	295.41999999999996	295.34999999999997	0.0	-0.0
1501800.0	292.65	294.04999999999995	295.34999999999997	295.28	0.0	-0.0
1502400.0	292.65	294.04999999999995	295.34999999999997	295.25	0.0	-0.0
1503000.0	292.65	294.04999999999995	295.34999999999997	295.25	0.0	-0.0
1522200.0	292.65	294.04999999999995	295.45	295.34999999999997	0.0	-0.0
1522800.0	292.65	294.04999999999995	295.45	295.41999999999996	0.0	-0.0
1531800.0	292.65	294.04999999999995	295.72999999999996	295.65	0.0	-0.0
1532400.0	292.65	294.04999999999995	295.75	295.65	0.0	-0.0
1533000.0	292.65	294.04999999999995	295.75	295.65	0.0	-0.0
1533600.0	292.65	294.04999999999995	295.75	295.65	0.0	-0.0
1534200.0	292.65	294.04999999999995	295.75	295.65	0.0	-0.0
1534800.0	292.65	294.04999999999995	295.71999999999997	295.65	0.0	-0.0
1537200.0	292.65	294.04999999999995	295.65	295.62	0.0	-0.0
1537800.0	292.65	294.04999999999995	295.59	295.54999999999995	0.0	-0.0
1540800.0	292.65	294.04999999999995	295.53	295.46	0.0	-0.0
1543200.0	292.65	294.04999999999995	295.42999999999995	295.35999999999996	0.0	-0.0
1545600.0	292.65	294.04999999999995	295.33	295.27	0.0	-0.0
1548000.0	292.65	294.04999999999995	295.25	295.16999999999996	0.0	-0.0
1548600.0	292.65	294.04999999999995	295.2	295.15	0.0	-0.0
1550400.0	292.65	294.04999999999995	295.15	295.14	0.0	-0.0
1551000.0	292.65	294.04999999999995	295.15	295.04999999999995	0.0	-0.0
1551600.0	292.65	294.04999999999995	295.07	295.04999999999995	0.0	-0.0
1553400.0	292.65	294.04999999999995	295.04999999999995	295.02	0.0	-0.0
1554000.0	292.65	294.04999999999995	295.04999999999995	294.95	0.0	-0.0
1554600.0	292.65	293.54999999999995	295.04999999999995	294.95	0.0	-0.0
1555200.0	292.65	293.54999999999995	294.97999999999996	294.95	0.0	-0.0
1558200.0	292.65	293.54999999999995	294.95	294.84999999999997	0.0	-0.0
1558800.0	292.65	293.54999999999995	294.89	294.84999999999997	0.0	-0.0
1565400.0	292.65	293.54999999999995	294.84999999999997	294.83	0.0	-0.0
1566000.0	292.65	293.54999999999995	294.79999999999995	294.75	0.0	-0.0
1577400.0	292.15	293.54999999999995	294.75	294.69	0.0	-0.0
1578000.0	292.15	293.54999999999995	294.75	294.65	0.0	-0.0
1578600.0	292.15	293.54999999999995	294.75	294.65	0.0	-0.0
1579200.0	292.15	293.54999999999995	294.75	294.65	0.0	-0.0
1579800.0	292.15	293.54999999999995	294.75	294.65	0.0	-0.0
1580400.0	292.15	293.54999999999995	294.75	294.65	0.0	-0.0
1581000.0	292.15	293.54999999999995	294.7	294.65	0.0	-0.0
1596000.0	292.15	293.54999999999995	294.71999999999997	294.65	0.0	-0.0
1596600.0	292.15	293.54999999999995	294.75	294.69	0.0	-0.0
1602600.0	292.15	293.54999999999995	294.77	294.75	0.0	-0.0
1603200.0	292.15	293.54999999999995	294.84999999999997	294.81	0.0	-0.0
1608000.0	292.15	293.54999999999995	294.89	294.84999999999997	0.0	-0.0
1608600.0	292.15	293.54999999999995	294.95	294.92999999999995	0.0	-0.0
1622400.0	292.15	293.54999999999995	295.04999999999995	294.96999999999997	0.0	-0.0
1623000.0	292.15	293.54999999999995	295.01	294.95	0.0	-0.0
1627200.0	292.15	293.54999999999995	294.95	294.89	0.0	-0.0
1636800.0	292.15	293.54999999999995	294.84999999999997	294.81	0.0	-0.0
1637400.0	292.15	293.54999999999995	294.84	294.75	0.0	-0.0
1640400.0	292.15	293.54999999999995	294.67999999999995	294.75	0.0	0.0
1642800.0	292.15	293.54999999999995	294.75	294.71999999999997	0.0	-0.0
1643400.0	292.15	293.54999999999995	294.75	294.65	0.0	-0.0
1644000.0	292.15	293.54999999999995	294.65999999999997	294.65	0.0	-0.0
1647600.0	292.15	293.54999999999995	294.58	294.65	0.0	0.0
1650600.0	292.15	293.54999999999995	294.59999999999997	294.65	0.0	0.0
1651200.0	292.15	293.15	294.54999999999995	294.57	0.0	0.0
1659600.0	292.15	293.04999999999995	294.47999999999996	294.46999999999997	0.0	-0.0
1660200.0	292.15	293.04999999999995	294.54999999999995	294.45	0.0	-0.0
1660800.0	292.15	293.04999999999995	294.54999999999995	294.45	0.0	-0.0
1661400.0	292.15	293.04999999999995	294.54999999999995	294.45	0.0	-0.0
1662000.0	292.15	293.04999999999995	294.47999999999996	294.45	0.0	-0.0
1674000.0	291.65	293.04999999999995	295.65999999999997	295.75	0.0	0.0
1678200.0	291.7	293.09999999999997	296.46	296.46999999999997	0.0	0.0
1678800.0	292.15	293.54999999999995	296.54999999999995	296.65	0.0	0.0
1679400.0	292.15	293.54999999999995	296.69	296.71999999999997	0.0	0.0
1686600.0	292.65	294.04999999999995	297.21	297.15	0.0	-0.0
1687200.0	292.65	294.04999999999995	297.25	297.15	0.0	-0.0
1687800.0	292.65	294.04999999999995	297.25	297.15	0.0	-0.0
1688400.0	292.65	294.04999999999995	297.15999999999997	297.15	0.0	-0.0
1696200.0	292.65	294.54999999999995	297.34999999999997	297.28999999999996	0.0	-0.0
1696800.0	292.65	294.54999999999995	297.4	297.2	0.0	-0.0
1697400.0	292.65	294.54999999999995	297.35999999999996	297.34999999999997	0.0	-0.0
1704000.0	292.65	294.54999999999995	297.45	297.48999999999995	0.0	0.0
1704600.0	292.65	294.54999999999995	297.52	297.54999999999995	0.0	0.0
1705800.0	292.65	294.54999999999995	297.65	297.58	0.0	-0.0
1709400.0	293.15	294.54999999999995	297.59999999999997	297.65	0.0	0.0
1710000.0	293.15	294.54999999999995	297.38	297.47999999999996	0.0	0.0
1710600.0	293.15	294.54999999999995	297.34999999999997	297.4	0.0	0.0
1713600.0	293.15	294.54999999999995	296.88	296.94	0.0	0.0
1714200.0	293.15	294.54999999999995	296.81	296.84999999999997	0.0	0.0
1714800.0	293.15	294.54999999999995	296.75	296.84999999999997	0.0	0.0
1716000.0	293.15	294.54999999999995	296.58	296.51	0.0	-0.0
1716600.0	293.15	294.54999999999995	296.45	296.52	0.0	0.0
1718400.0	293.15	294.54999999999995	296.28999999999996	296.34999999999997	0.0	0.0
1719000.0	293.15	294.54999999999995	296.25	296.32	0.0	0.0
1719600.0	293.15	294.54999999999995	296.25	296.19	0.0	-0.0
1720200.0	293.15	294.54999999999995	296.21999999999997	296.23999999999995	0.0	0.0
1720800.0	293.15	294.54999999999995	296.15	296.19	0.0	0.0
1722600.0	293.15	294.54999999999995	295.97999999999996	296.04999999999995	0.0	0.0
1723800.0	293.15	294.54999999999995	295.94	295.95	0.0	0.0
1724400.0	293.15	294.54999999999995	295.89	295.90999999999997	0.0	0.0
1725000.0	293.15	294.54999999999995	295.94	295.84	0.0	-0.0
1725600.0	292.95	294.54999999999995	295.81	295.78999999999996	0.0	-0.0
1726200.0	292.65	294.54999999999995	295.75	295.84	0.0	0.0
1729200.0	292.65	294.54999999999995	295.65	295.62	0.0	-0.0
1729800.0	292.65	294.54999999999995	295.59	295.54999999999995	0.0	-0.0
1731000.0	292.65	294.04999999999995	295.54999999999995	295.48999999999995	0.0	-0.0
1731600.0	292.65	294.04999999999995	295.46	295.45	0.0	-0.0
1733400.0	292.65	294.04999999999995	295.45	295.4	0.0	-0.0
1734000.0	292.65	294.04999999999995	295.37	295.34999999999997	0.0	-0.0
1735800.0	292.65	294.04999999999995	295.40999999999997	295.34999999999997	0.0	-0.0
1736400.0	292.65	294.04999999999995	295.34999999999997	295.32	0.0	-0.0
1737000.0	292.65	294.04999999999995	295.31	295.25	0.0	-0.0
1740600.0	292.65	294.04999999999995	295.25	295.15	0.0	-0.0
1741200.0	292.65	294.04999999999995	295.22999999999996	295.15	0.0	-0.0
1749600.0	292.65	293.54999999999995	295.15	295.21999999999997	0.0	0.0
1752000.0	292.65	293.54999999999995	295.52	295.45	0.0	-0.0
1753800.0	292.65	293.54999999999995	295.65	295.62	0.0	-0.0
1754400.0	292.65	293.54999999999995	295.65	295.60999999999996	0.0	-0.0
1755600.0	292.65	293.54999999999995	295.65	295.71	0.0	0.0
1756200.0	292.65	293.54999999999995	295.77	295.78	0.0	0.0
1761000.0	292.65	293.54999999999995	296.59	296.63	0.0	0.0
1761600.0	292.65	293.54999999999995	296.71999999999997	296.82	0.0	0.0
1762200.0	292.65	293.54999999999995	296.89	296.98999999999995	0.0	0.0
1762800.0	292.65	293.54999999999995	297.02	297.12	0.0	0.0
1764600.0	292.65	294.15	297.38	297.44	0.0	0.0
1768200.0	292.75	294.59999999999997	297.67999999999995	297.77	0.0	0.0
1768800.0	293.15	294.65	296.95	297.7	0.0	0.0
1769400.0	293.15	294.65	297.7	297.87	0.0	0.0
1770000.0	293.15	294.65	297.9	297.79999999999995	0.0	-0.0
1775400.0	293.15	295.15	298.03999999999996	298.10999999999996	0.0	0.0
1776600.0	293.15	295.15	298.01	297.95	0.0	-0.0
1780200.0	293.15	295.15	298.19	298.15	0.0	-0.0
1780800.0	293.15	295.15	298.17999999999995	298.15	0.0	-0.0
1783200.0	293.65	295.15	298.19	298.37	0.0	0.0
1783800.0	293.65	295.15	298.17999999999995	298.21	0.0	0.0
1784400.0	293.65	295.15	298.19	298.25	0.0	0.0
1785000.0	293.65	295.15	298.15	298.25	0.0	0.0
1785600.0	293.65	295.15	298.21	298.25	0.0	0.0
1789800.0	293.65	295.15	298.23999999999995	298.25	0.0	0.0
1790400.0	293.65	295.15	298.19	298.25	0.0	0.0
1791000.0	293.65	295.15	298.19	298.25	0.0	0.0
1792800.0	293.65	295.15	298.15	298.21	0.0	0.0
1794000.0	293.65	295.15	298.04999999999995	298.10999999999996	0.0	0.0
1795200.0	293.65	295.15	298.03	298.04999999999995	0.0	0.0
1795800.0	293.65	295.15	298.01	297.98999999999995	0.0	-0.0
1796400.0	293.65	295.15	297.87	297.95	0.0	0.0
1797000.0	293.65	295.15	297.94	297.95	0.0	0.0
1798200.0	293.65	295.15	297.72999999999996	297.73999999999995	0.0	0.0
1798800.0	293.65	295.15	297.54999999999995	297.65	0.0	0.0
1799400.0	293.65	295.15	297.47999999999996	297.51	0.0	0.0
1800000.0	293.65	295.15	297.39	297.33	0.0	-0.0
1800600.0	293.65	295.15	297.22999999999996	297.21999999999997	0.0	-0.0
1801200.0	293.65	295.15	297.15	297.09	0.0	-0.0
1801800.0	293.65	295.15	297.06	297.04999999999995	0.0	-0.0
1806000.0	293.65	295.15	296.95	297.04999999999995	0.0	0.0
1806600.0	293.65	295.15	296.95	297.04999999999995	0.0	0.0
1807200.0	293.65	295.15	296.95	297.04999999999995	0.0	0.0
1807800.0	293.65	295.15	296.95	297.04999999999995	0.0	0.0
1808400.0	293.65	295.15	296.73999999999995	296.7	0.0	-0.0
1811400.0	293.65	295.15	296.25	296.32	0.0	0.0
1813200.0	293.15	294.65	296.25	296.17999999999995	0.0	-0.0
1815600.0	293.15	294.65	296.15	296.09	0.0	-0.0
1817400.0	293.15	294.65	296.04999999999995	296.02	0.0	-0.0
1818000.0	293.15	294.65	295.98999999999995	295.95	0.0	-0.0
1818600.0	293.15	294.65	295.95	296.01	0.0	0.0
1821000.0	293.15	294.65	295.95	295.92999999999995	0.0	-0.0
1821600.0	293.15	294.65	295.89	295.84999999999997	0.0	-0.0
1825200.0	293.15	294.65	295.84999999999997	295.79999999999995	0.0	-0.0
1826400.0	293.15	294.65	295.75	295.79999999999995	0.0	0.0
1827000.0	293.15	294.54999999999995	295.75	295.77	0.0	0.0
1827600.0	293.15	294.15	295.75	295.79999999999995	0.0	0.0
1830000.0	293.15	294.15	295.75	295.7	0.0	-0.0
1830600.0	293.15	294.15	295.75	295.65	0.0	-0.0
1831200.0	293.15	294.15	295.7	295.65	0.0	-0.0
1834200.0	293.15	294.15	295.65999999999997	295.65	0.0	-0.0
1834800.0	293.15	294.15	295.75	295.7	0.0	-0.0
1839000.0	293.15	294.15	295.75	295.82	0.0	0.0
1839600.0	293.15	294.15	295.75	295.78999999999996	0.0	0.0
1840200.0	293.15	294.15	295.75	295.78	0.0	0.0
1848000.0	293.15	294.15	296.44	296.47999999999996	0.0	0.0
1848600.0	293.15	294.15	296.58	296.54999999999995	0.0	-0.0
1849200.0	293.15	294.15	296.67999999999995	296.75	0.0	0.0
1850400.0	293.15	294.15	296.78	296.81	0.0	0.0
1851000.0	293.15	294.15	296.90999999999997	296.95	0.0	0.0
1851600.0	293.15	294.15	297.13	297.19	0.0	0.0
1852200.0	293.15	294.15	297.09	297.15	0.0	0.0
1852800.0	293.15	294.15	297.22999999999996	297.29999999999995	0.0	0.0
1855200.0	293.15	294.25	297.34999999999997	297.37	0.0	0.0
1855800.0	293.15	294.65	297.4	297.45	0.0	0.0
1856400.0	293.15	294.65	297.45	297.53	0.0	0.0
1857000.0	293.15	294.65	297.5	297.59999999999997	0.0	0.0
1857600.0	293.15	294.65	297.63	297.65	0.0	0.0
1858800.0	293.15	294.65	297.65999999999997	297.72999999999996	0.0	0.0
1861800.0	293.15	294.65	297.75	297.71	0.0	-0.0
1862400.0	293.15	294.65	297.75	297.71999999999997	0.0	-0.0
1863000.0	293.15	294.65	297.65	297.75	0.0	0.0
1863600.0	293.15	294.65	297.65	297.75	0.0	0.0
1864200.0	293.15	294.7	297.65999999999997	297.75	0.0	0.0
1868400.0	293.65	295.15	297.84999999999997	297.87	0.0	0.0
1869000.0	293.65	295.15	297.84999999999997	297.95	0.0	0.0
1869600.0	293.65	295.15	297.9	297.95	0.0	0.0
1877400.0	293.65	295.15	298.14	298.15	0.0	0.0
1878000.0	293.65	295.15	298.09999999999997	298.15	0.0	0.0
1878600.0	293.65	295.15	298.14	298.07	0.0	-0.0
1879200.0	293.65	295.15	298.0	298.04999999999995	0.0	0.0
1879800.0	293.65	295.15	297.96	298.03999999999996	0.0	0.0
1880400.0	293.65	295.15	298.0	297.95	0.0	-0.0
1881000.0	293.65	295.15	297.92999999999995	297.95	0.0	0.0
1881600.0	293.65	295.15	297.84999999999997	297.95	0.0	0.0
1882200.0	293.65	295.15	297.89	297.90999999999997	0.0	0.0
1882800.0	293.65	295.15	297.95	297.84999999999997	0.0	-0.0
1883400.0	293.65	295.15	297.88	297.78	0.0	-0.0
1884000.0	293.65	295.15	297.84999999999997	297.75	0.0	-0.0
1885200.0	293.65	295.15	297.62	297.59	0.0	-0.0
1885800.0	293.65	295.15	297.54999999999995	297.45	0.0	-0.0
1886400.0	293.65	295.15	297.48999999999995	297.45	0.0	-0.0
1888200.0	293.65	295.15	297.33	297.34	0.0	0.0
1888800.0	293.65	295.15	297.15	297.25	0.0	0.0
1889400.0	293.65	295.15	297.15	297.21	0.0	0.0
1891800.0	293.65	295.15	296.95	296.89	0.0	-0.0
1892400.0	293.65	295.15	296.84	296.83	0.0	-0.0
1893600.0	293.65	295.15	296.75	296.82	0.0	0.0
1894200.0	293.65	295.15	296.75	296.7	0.0	-0.0
1894800.0	293.65	295.15	296.65999999999997	296.66999999999996	0.0	0.0
1895400.0	293.65	295.15	296.65	296.7	0.0	0.0
1897200.0	293.65	295.15	296.54999999999995	296.53999999999996	0.0	-0.0
1897800.0	293.65	295.15	296.51	296.45	0.0	-0.0
1899600.0	293.65	295.15	296.44	296.37	0.0	-0.0
1900200.0	293.65	295.15	296.34999999999997	296.39	0.0	0.0
1900800.0	293.65	295.15	296.34999999999997	296.38	0.0	0.0
1902000.0	293.65	295.15	296.34999999999997	296.28	0.0	-0.0
1904400.0	293.65	294.65	296.25	296.19	0.0	-0.0
1905000.0	293.65	294.65	296.22999999999996	296.23999999999995	0.0	0.0
1905600.0	293.65	294.65	296.15	296.19	0.0	0.0
1907400.0	293.65	294.65	296.15	296.21999999999997	0.0	0.0
1909200.0	293.65	294.65	296.09999999999997	296.15	0.0	0.0
1909800.0	293.65	294.65	296.04999999999995	296.13	0.0	0.0
1911000.0	293.15	294.65	296.04999999999995	296.07	0.0	0.0
1912200.0	293.15	294.65	296.07	296.04999999999995	0.0	-0.0
1914600.0	293.15	294.65	296.03	296.04999999999995	0.0	0.0
1915200.0	293.15	294.65	295.95	296.04999999999995	0.0	0.0
1915800.0	293.15	294.65	296.01	296.04999999999995	0.0	0.0
1916400.0	293.15	294.65	296.0	296.04999999999995	0.0	0.0
1917000.0	293.15	294.65	296.04999999999995	296.03999999999996	0.0	-0.0
1917600.0	293.15	294.65	296.04999999999995	295.95	0.0	-0.0
1918200.0	293.15	294.65	295.96999999999997	295.95	0.0	-0.0
1918800.0	293.15	294.65	295.95	295.90999999999997	0.0	-0.0
1919400.0	293.15	294.65	295.95	295.84999999999997	0.0	-0.0
1920000.0	293.15	294.65	295.95	295.89	0.0	-0.0
1928400.0	293.15	294.65	296.04999999999995	296.08	0.0	0.0
1929000.0	293.15	294.65	296.12	296.15	0.0	0.0
1932000.0	293.15	294.65	296.25	296.28	0.0	0.0
1932600.0	293.15	294.65	296.31	296.34999999999997	0.0	0.0
1933200.0	293.15	294.65	296.37	296.45	0.0	0.0
1933800.0	293.15	294.65	296.45	296.51	0.0	0.0
1934400.0	293.15	294.65	296.53999999999996	296.54999999999995	0.0	0.0
1935600.0	293.15	294.65	296.73999999999995	296.76	0.0	0.0
1936200.0	293.15	294.65	296.79999999999995	296.84999999999997	0.0	0.0
1944600.0	293.15	294.65	297.65	297.69	0.0	0.0
1945200.0	293.15	294.65	297.71999999999997	297.75	0.0	0.0
1945800.0	293.15	294.65	297.78	297.84999999999997	0.0	0.0
1948200.0	293.65	295.15	297.88	297.95	0.0	0.0
1948800.0	293.65	295.15	297.95	297.9	0.0	-0.0
1949400.0	293.65	295.15	297.84	297.84999999999997	0.0	0.0
1950000.0	293.65	295.15	297.79999999999995	297.84999999999997	0.0	0.0
1956000.0	293.65	295.15	297.77	297.72999999999996	0.0	-0.0
1956600.0	293.65	295.15	297.65	297.54999999999995	0.0	-0.0
1958400.0	293.65	295.15	297.95	297.96999999999997	0.0	0.0
1959000.0	293.65	295.15	297.95	298.04999999999995	0.0	0.0
1959600.0	293.65	295.15	297.95	297.96999999999997	0.0	0.0
1960200.0	293.65	295.15	297.97999999999996	297.95	0.0	-0.0
1960800.0	293.65	295.15	298.04999999999995	297.95	0.0	-0.0
1961400.0	293.65	295.15	298.04999999999995	298.03999999999996	0.0	-0.0
1964400.0	293.65	295.15	297.96	298.02	0.0	0.0
1967400.0	293.65	295.15	297.9	297.95	0.0	0.0
1968000.0	293.65	295.15	297.91999999999996	297.85999999999996	0.0	-0.0
1969200.0	293.65	295.15	297.83	297.76	0.0	-0.0
1969800.0	293.65	295.15	297.7	297.75	0.0	0.0
1970400.0	293.65	295.15	297.71999999999997	297.66999999999996	0.0	-0.0
1971000.0	293.65	295.15	297.60999999999996	297.65	0.0	0.0
1971600.0	293.65	295.15	297.53999999999996	297.57	0.0	0.0
1972200.0	293.65	295.15	297.45	297.54999999999995	0.0	0.0
1972800.0	293.65	295.15	297.44	297.46999999999997	0.0	0.0
1974000.0	293.65	295.15	297.34999999999997	297.41999999999996	0.0	0.0
1974600.0	293.65	295.15	297.34999999999997	297.45	0.0	0.0
1975200.0	293.65	295.15	297.34999999999997	297.38	0.0	0.0
1978200.0	293.65	295.15	297.15	297.13	0.0	-0.0
1978800.0	293.65	295.15	297.09	297.10999999999996	0.0	0.0
1979400.0	293.65	295.15	297.07	297.08	0.0	0.0
1981200.0	293.65	295.15	297.0	297.04999999999995	0.0	0.0
1981800.0	293.65	295.15	296.95	297.03	0.0	0.0
1983000.0	293.65	295.15	296.92999999999995	296.95	0.0	0.0
1983600.0	293.65	295.15	296.84999999999997	296.95	0.0	0.0
1984200.0	293.65	295.15	296.84999999999997	296.94	0.0	0.0
1985400.0	293.65	295.15	296.84	296.84999999999997	0.0	0.0
1986000.0	293.65	295.15	296.75	296.84999999999997	0.0	0.0
1986600.0	293.65	295.15	296.75	296.84999999999997	0.0	0.0
1987200.0	293.65	295.15	296.75	296.79999999999995	0.0	0.0
1987800.0	293.65	295.15	296.73999999999995	296.75	0.0	0.0
1988400.0	293.65	295.15	296.7	296.75	0.0	0.0
1989000.0	293.65	295.15	296.66999999999996	296.75	0.0	0.0
1989600.0	293.65	295.15	296.65	296.71	0.0	0.0
1991400.0	293.65	295.15	296.64	296.58	0.0	-0.0
1992000.0	293.65	295.15	296.59	296.65	0.0	0.0
1995000.0	293.65	295.15	296.53999999999996	296.46999999999997	0.0	-0.0
1995600.0	293.65	295.15	296.45	296.48999999999995	0.0	0.0
1996200.0	293.65	295.15	296.45	296.53999999999996	0.0	0.0
1998000.0	293.65	295.15	296.45	296.40999999999997	0.0	-0.0
1998600.0	293.65	295.15	296.38	296.41999999999996	0.0	0.0
2002800.0	293.65	294.65	296.28	296.34999999999997	0.0	0.0
2003400.0	293.65	294.65	296.34999999999997	296.29999999999995	0.0	-0.0
2004000.0	293.65	294.65	296.26	296.25	0.0	-0.0
2005200.0	293.65	294.65	296.25	296.32	0.0	0.0
2005800.0	293.65	294.65	296.25	296.29999999999995	0.0	0.0
2006400.0	293.65	294.65	296.25	296.26	0.0	0.0
2014800.0	293.65	294.65	296.39	296.45	0.0	0.0
2015400.0	293.65	294.65	296.4	296.45	0.0	0.0
2017200.0	293.65	294.65	296.45	296.51	0.0	0.0
2017800.0	293.65	294.65	296.46999999999997	296.54999999999995	0.0	0.0
2025600.0	293.65	294.65	297.34999999999997	297.40999999999997	0.0	0.0
2026200.0	293.65	294.65	297.53	297.63	0.0	0.0
2026800.0	293.65	294.65	297.59999999999997	297.65	0.0	0.0
2033400.0	293.65	295.15	298.04999999999995	297.98999999999995	0.0	-0.0
2034000.0	293.65	295.15	297.96	297.95	0.0	-0.0
2042400.0	293.65	295.15	297.65	297.91999999999996	0.0	0.0
2043000.0	293.65	295.15	297.9	297.84999999999997	0.0	-0.0
2044200.0	293.65	295.15	297.84999999999997	297.79999999999995	0.0	-0.0
2044800.0	293.65	295.15	297.84999999999997	297.83	0.0	-0.0
2053800.0	293.65	295.15	297.84999999999997	297.83	0.0	-0.0
2054400.0	293.65	295.15	297.84999999999997	297.75	0.0	-0.0
2055000.0	293.65	295.15	297.77	297.75	0.0	-0.0
2068800.0	293.65	295.15	296.91999999999996	296.84999999999997	0.0	-0.0
2071200.0	293.65	295.15	296.83	296.76	0.0	-0.0
2072400.0	293.65	295.15	296.72999999999996	296.75	0.0	0.0
2073000.0	293.65	295.15	296.65	296.75	0.0	0.0
2073600.0	293.65	295.15	296.71999999999997	296.72999999999996	0.0	0.0
2074800.0	293.65	295.15	296.63	296.65	0.0	0.0
2075400.0	293.65	295.15	296.59999999999997	296.65	0.0	0.0
2079000.0	293.65	295.15	296.54999999999995	296.51	0.0	-0.0
2079600.0	293.65	295.15	296.46999999999997	296.45	0.0	-0.0
2083200.0	293.65	295.15	296.45	296.44	0.0	-0.0
2083800.0	293.65	295.15	296.40999999999997	296.34999999999997	0.0	-0.0
2088000.0	293.65	294.65	296.28	296.34999999999997	0.0	0.0
2088600.0	293.65	294.65	296.28	296.32	0.0	0.0
2089200.0	293.65	294.65	296.34999999999997	296.25	0.0	-0.0
2094600.0	293.65	294.65	296.25	296.21999999999997	0.0	-0.0
2095200.0	293.65	294.65	296.19	296.15	0.0	-0.0
2103600.0	293.65	294.65	296.15	296.04999999999995	0.0	-0.0
2104200.0	293.65	294.65	296.08	296.04999999999995	0.0	-0.0
2112000.0	293.65	294.65	296.07	296.04999999999995	0.0	-0.0
2112600.0	293.65	294.65	296.15	296.04999999999995	0.0	-0.0
2113200.0	293.65	294.65	296.15	296.14	0.0	-0.0
2118000.0	293.65	294.65	296.22999999999996	296.15	0.0	-0.0
2118600.0	293.65	294.65	296.25	296.15	0.0	-0.0
2119200.0	293.65	294.65	296.25	296.22999999999996	0.0	-0.0
2123400.0	293.65	294.65	296.28999999999996	296.25	0.0	-0.0
2124000.0	293.65	294.65	296.34999999999997	296.25	0.0	-0.0
2146800.0	293.65	294.65	296.25	296.17999999999995	0.0	-0.0
2154600.0	293.15	294.65	296.15	296.06	0.0	-0.0
2155200.0	293.15	294.65	296.15	296.04999999999995	0.0	-0.0
2155800.0	293.15	294.65	296.12	296.04999999999995	0.0	-0.0
2160600.0	293.15	294.65	296.04999999999995	296.03	0.0	-0.0
2161200.0	293.15	294.65	296.04999999999995	295.95	0.0	-0.0
2161800.0	293.15	294.65	295.96	295.95	0.0	-0.0
2166600.0	293.15	294.65	295.95	295.88	0.0	-0.0
2167200.0	293.15	294.65	295.95	295.84999999999997	0.0	-0.0
2167800.0	293.15	294.65	295.95	295.84999999999997	0.0	-0.0
2168400.0	293.15	294.65	295.90999999999997	295.84999999999997	0.0	-0.0
2172000.0	293.15	294.65	295.82	295.84999999999997	0.0	0.0
2172600.0	293.15	294.65	295.82	295.84999999999997	0.0	0.0
2175600.0	293.15	294.65	295.84999999999997	295.82	0.0	-0.0
2176200.0	293.15	294.65	295.84999999999997	295.75	0.0	-0.0
2176800.0	293.15	294.65	295.84999999999997	295.75	0.0	-0.0
2177400.0	293.15	294.34999999999997	295.78999999999996	295.75	0.0	-0.0
2185200.0	293.15	294.15	295.75	295.66999999999996	0.0	-0.0
2185800.0	293.15	294.15	295.75	295.65	0.0	-0.0
2186400.0	293.15	294.15	295.72999999999996	295.65	0.0	-0.0
2214600.0	293.15	294.15	295.95	295.90999999999997	0.0	-0.0
2215200.0	293.15	294.15	295.89	295.81	0.0	-0.0
2215800.0	293.15	294.15	295.87	295.94	0.0	0.0
2220000.0	293.15	294.15	296.0	295.95	0.0	-0.0
2220600.0	293.15	294.15	296.04999999999995	295.96	0.0	-0.0
2225400.0	293.15	294.15	296.15	296.04999999999995	0.0	-0.0
2226000.0	293.15	294.15	296.15	296.10999999999996	0.0	-0.0
2227800.0	293.15	294.15	296.15	296.07	0.0	-0.0
2228400.0	293.15	294.15	296.10999999999996	296.04999999999995	0.0	-0.0
2229600.0	293.15	294.15	296.01	296.04999999999995	0.0	0.0
2230200.0	293.15	294.15	295.95	295.97999999999996	0.0	0.0
2233200.0	293.15	294.15	295.95	295.89	0.0	-0.0
2233800.0	293.15	294.15	295.85999999999996	295.84999999999997	0.0	-0.0
2237400.0	293.15	294.15	295.83	295.77	0.0	-0.0
2242800.0	293.15	294.15	295.75	295.65999999999997	0.0	-0.0
2243400.0	293.15	294.15	295.7	295.65	0.0	-0.0
2247600.0	293.15	294.15	295.65	295.60999999999996	0.0	-0.0
2248200.0	293.15	294.15	295.65	295.54999999999995	0.0	-0.0
2251800.0	293.15	294.15	295.54999999999995	295.51	0.0	-0.0
2252400.0	293.15	294.15	295.54999999999995	295.45	0.0	-0.0
2262000.0	292.65	294.15	295.34999999999997	295.28999999999996	0.0	-0.0
2262600.0	292.65	294.15	295.33	295.25	0.0	-0.0
2279400.0	292.65	294.15	296.07	296.09	0.0	0.0
2280000.0	292.65	294.15	296.15	296.25	0.0	0.0
2280600.0	292.65	294.15	296.31	296.40999999999997	0.0	0.0
2281200.0	292.65	294.15	296.51	296.57	0.0	0.0
2282400.0	292.65	294.15	296.75	296.84	0.0	0.0
2283000.0	292.65	294.15	296.79999999999995	296.84999999999997	0.0	0.0
2287200.0	293.15	294.15	297.47999999999996	297.48999999999995	0.0	0.0
2287800.0	293.15	294.15	297.75	297.84999999999997	0.0	0.0
2288400.0	293.15	294.51	297.75	297.78999999999996	0.0	0.0
2290800.0	293.15	294.75	298.03	298.07	0.0	0.0
2291400.0	293.15	294.75	298.15	298.25	0.0	0.0
2294400.0	293.65	295.15	298.22999999999996	298.15	0.0	-0.0
2295000.0	293.65	295.25	298.21	298.15	0.0	-0.0
2301000.0	293.65	295.25	298.25	298.29999999999995	0.0	0.0
2301600.0	293.65	295.25	298.33	298.39	0.0	0.0
2302800.0	293.65	295.25	298.57	298.72999999999996	0.0	0.0
2303400.0	293.65	295.25	298.45	298.53	0.0	0.0
2304000.0	293.65	295.25	298.59	298.64	0.0	0.0
2304600.0	293.65	295.25	298.65	298.59	0.0	-0.0
2309400.0	293.84999999999997	295.75	298.51	298.45	0.0	-0.0
2310600.0	294.15	295.75	298.40999999999997	298.34999999999997	0.0	-0.0
2311800.0	294.15	295.75	298.32	298.25	0.0	-0.0
2313000.0	294.15	295.75	298.21999999999997	298.15	0.0	-0.0
2319600.0	294.15	295.75	297.54999999999995	297.48999999999995	0.0	-0.0
2320200.0	294.15	295.75	297.46	297.45	0.0	-0.0
2323200.0	294.15	295.75	297.25	297.2	0.0	-0.0
2323800.0	294.15	295.75	297.15999999999997	297.15	0.0	-0.0
2326800.0	293.65	295.25	296.95	296.9	0.0	-0.0
2327400.0	293.65	295.25	296.87	296.84999999999997	0.0	-0.0
2328600.0	293.65	295.25	296.83	296.77	0.0	-0.0
2334000.0	293.65	295.25	296.64	296.57	0.0	-0.0
2341200.0	293.65	294.75	296.45	296.44	0.0	-0.0
2341800.0	293.65	294.75	296.45	296.34999999999997	0.0	-0.0
2342400.0	293.65	294.75	296.38	296.34999999999997	0.0	-0.0
2347800.0	293.65	294.75	296.34999999999997	296.32	0.0	-0.0
2348400.0	293.65	294.75	296.34999999999997	296.25	0.0	-0.0
2352000.0	293.15	294.75	296.31	296.25	0.0	-0.0
2352600.0	293.15	294.75	296.34999999999997	296.28	0.0	-0.0
2358000.0	293.15	294.75	296.51	296.45	0.0	-0.0
2358600.0	293.15	294.75	296.48999999999995	296.47999999999996	0.0	-0.0
2359200.0	293.15	294.75	296.54999999999995	296.48999999999995	0.0	-0.0
2359800.0	293.15	294.75	296.54999999999995	296.45	0.0	-0.0
2360400.0	293.15	294.75	296.54999999999995	296.45	0.0	-0.0
2361000.0	293.15	294.75	296.54999999999995	296.53999999999996	0.0	-0.0
2367000.0	293.15	294.75	297.27	297.33	0.0	0.0
2368200.0	293.15	294.75	297.54999999999995	297.53	0.0	-0.0
2368800.0	293.15	294.75	297.7	297.65	0.0	-0.0
2373600.0	293.65	295.2	298.34	298.37	0.0	0.0
2374200.0	293.65	295.25	298.34999999999997	298.45	0.0	0.0
2374800.0	293.65	295.25	298.42999999999995	298.45	0.0	0.0
2377200.0	293.65	295.25	298.65	298.72999999999996	0.0	0.0
2377800.0	293.65	295.25	298.7	298.75	0.0	0.0
2378400.0	293.65	295.25	298.78	298.76	0.0	-0.0
2379000.0	293.65	295.25	298.84999999999997	298.75	0.0	-0.0
2379600.0	294.04999999999995	295.65	298.71999999999997	298.71	0.0	-0.0
2380200.0	294.15	295.75	298.59999999999997	298.54999999999995	0.0	-0.0
2382600.0	294.15	295.75	298.54999999999995	298.51	0.0	-0.0
2383200.0	294.15	295.75	298.53999999999996	298.51	0.0	-0.0
2387400.0	294.15	295.75	298.44	298.4	0.0	-0.0
2388000.0	294.15	295.75	298.45	298.37	0.0	-0.0
2388600.0	294.15	295.75	298.46999999999997	298.52	0.0	0.0
2389200.0	294.15	295.75	298.48999999999995	298.45	0.0	-0.0
2397000.0	294.15	295.75	298.54999999999995	298.51	0.0	-0.0
2397600.0	294.15	295.75	298.47999999999996	298.45	0.0	-0.0
2398200.0	294.15	295.75	298.45	298.34999999999997	0.0	-0.0
2398800.0	294.15	295.75	298.38	298.34999999999997	0.0	-0.0
2401800.0	294.15	295.75	298.10999999999996	298.04999999999995	0.0	-0.0
2402400.0	294.15	295.75	298.04999999999995	297.97999999999996	0.0	-0.0
2404200.0	294.15	295.75	297.81	297.75	0.0	-0.0
2407200.0	294.15	295.75	297.45	297.38	0.0	-0.0
2407800.0	294.15	295.75	297.34999999999997	297.31	0.0	-0.0
2408400.0	294.15	295.75	297.28	297.25	0.0	-0.0
2411400.0	294.15	295.75	297.04999999999995	297.01	0.0	-0.0
2412000.0	294.15	295.75	296.97999999999996	296.95	0.0	-0.0
2412600.0	294.15	295.75	296.95	296.90999999999997	0.0	-0.0
2413200.0	294.15	295.75	296.95	296.84999999999997	0.0	-0.0
2416800.0	293.79999999999995	295.25	296.75	296.67999999999995	0.0	-0.0
2417400.0	293.65	295.25	296.71999999999997	296.65	0.0	-0.0
2419200.0	293.65	295.25	296.65	296.59999999999997	0.0	-0.0
2419800.0	293.65	295.25	296.64	296.54999999999995	0.0	-0.0
2421600.0	293.65	295.25	296.54999999999995	296.48999999999995	0.0	-0.0
2424000.0	293.65	295.25	296.45	296.38	0.0	-0.0
2427600.0	293.65	294.75	296.34999999999997	296.28	0.0	-0.0
2428200.0	293.65	294.75	296.31	296.25	0.0	-0.0
2431800.0	293.65	294.75	296.25	296.21999999999997	0.0	-0.0
2432400.0	293.65	294.75	296.25	296.15	0.0	-0.0
2433000.0	293.65	294.75	296.21999999999997	296.15	0.0	-0.0
2437800.0	293.65	294.75	296.15	296.16999999999996	0.0	0.0
2438400.0	293.65	294.75	296.21	296.25	0.0	0.0
2441400.0	293.65	294.75	296.33	296.26	0.0	-0.0
2449200.0	293.15	294.75	296.5	296.45	0.0	-0.0
2449800.0	293.15	294.75	296.57	296.53	0.0	-0.0
2450400.0	293.15	294.75	296.65	296.59	0.0	-0.0
2454600.0	293.15	294.75	297.19	297.33	0.0	0.0
2457600.0	293.15	294.75	297.65	297.71999999999997	0.0	0.0
2458800.0	293.15	294.75	297.82	297.75	0.0	-0.0
2467800.0	293.65	295.25	298.15	298.14	0.0	-0.0
2468400.0	293.65	295.25	298.15	298.04999999999995	0.0	-0.0
2469000.0	293.65	295.25	298.08	298.04999999999995	0.0	-0.0
2469600.0	293.65	295.25	298.08	298.04999999999995	0.0	-0.0
2470200.0	293.65	295.25	298.15	298.07	0.0	-0.0
2472600.0	293.65	295.25	298.13	298.04999999999995	0.0	-0.0
2473200.0	293.65	295.25	298.15	298.09999999999997	0.0	-0.0
2473800.0	293.65	295.25	298.13	298.14	0.0	0.0
2475000.0	293.65	295.25	298.07	298.04999999999995	0.0	-0.0
2477400.0	293.65	295.25	298.15	298.15999999999997	0.0	0.0
2478000.0	293.65	295.25	298.2	298.25	0.0	0.0
2488800.0	293.65	295.75	297.95	297.94	0.0	-0.0
2489400.0	293.65	295.75	297.90999999999997	297.84999999999997	0.0	-0.0
2492400.0	293.65	295.75	297.65	297.64	0.0	-0.0
2493000.0	293.65	295.75	297.59999999999997	297.54999999999995	0.0	-0.0
2493600.0	293.65	295.75	297.46999999999997	297.46	0.0	-0.0
2494200.0	293.65	295.75	297.4	297.34999999999997	0.0	-0.0
2494800.0	293.65	295.75	297.34	297.27	0.0	-0.0
2497200.0	293.65	295.75	297.04999999999995	297.03999999999996	0.0	-0.0
2497800.0	293.65	295.75	297.0	296.95	0.0	-0.0
2498400.0	293.65	295.75	296.95	296.94	0.0	-0.0
2499000.0	293.65	295.54999999999995	296.90999999999997	296.84999999999997	0.0	-0.0
2504400.0	293.65	295.25	296.65	296.60999999999996	0.0	-0.0
2505000.0	293.65	295.25	296.65	296.54999999999995	0.0	-0.0
2512200.0	293.65	294.75	296.45	296.37	0.0	-0.0
2512800.0	293.65	294.75	296.40999999999997	296.34999999999997	0.0	-0.0
2527800.0	293.15	294.75	296.33	296.32	0.0	-0.0
2528400.0	293.15	294.75	296.31	296.25	0.0	-0.0
2529600.0	293.15	294.75	296.25	296.28999999999996	0.0	0.0
2530200.0	293.15	294.75	296.39	296.41999999999996	0.0	0.0
2532000.0	293.15	294.75	296.38	296.34999999999997	0.0	-0.0
2532600.0	293.15	294.75	296.45	296.34999999999997	0.0	-0.0
2533200.0	293.15	294.75	296.45	296.34999999999997	0.0	-0.0
2533800.0	293.15	294.75	296.45	296.41999999999996	0.0	-0.0
2541000.0	293.15	294.75	297.28	297.31	0.0	0.0
2541600.0	293.15	294.75	297.53	297.63	0.0	0.0
2545800.0	293.65	294.75	298.07	298.09	0.0	0.0
2546400.0	293.65	294.75	298.09999999999997	298.15	0.0	0.0
2551200.0	293.65	295.25	298.29999999999995	298.25	0.0	-0.0
2551800.0	293.65	295.25	298.34999999999997	298.33	0.0	-0.0
2562000.0	293.65	295.29999999999995	298.15999999999997	298.22999999999996	0.0	0.0
2568600.0	294.15	295.75	298.21999999999997	298.15	0.0	-0.0
2569800.0	294.15	295.75	298.15	298.12	0.0	-0.0
2570400.0	294.15	295.75	298.09	298.04999999999995	0.0	-0.0
2578200.0	294.15	295.75	297.54999999999995	297.45	0.0	-0.0
2578800.0	294.15	295.75	297.52	297.41999999999996	0.0	-0.0
2579400.0	294.15	295.75	297.45	297.34999999999997	0.0	-0.0
2580000.0	294.15	295.75	297.39	297.28999999999996	0.0	-0.0
2580600.0	294.15	295.75	297.34999999999997	297.25	0.0	-0.0
2581200.0	294.15	295.75	297.26	297.25	0.0	-0.0
2581800.0	294.15	295.75	297.16999999999996	297.15	0.0	-0.0
2582400.0	294.15	295.75	297.09999999999997	297.04999999999995	0.0	-0.0
2583600.0	294.15	295.5	297.04999999999995	297.0	0.0	-0.0
2584200.0	294.15	295.25	296.96999999999997	296.95	0.0	-0.0
2585400.0	294.15	295.25	296.95	296.92999999999995	0.0	-0.0
2586000.0	294.15	295.25	296.95	296.84999999999997	0.0	-0.0
2586600.0	294.15	295.25	296.87	296.84999999999997	0.0	-0.0
2587800.0	294.09999999999997	295.25	296.84	296.77	0.0	-0.0
2589600.0	293.65	295.25	296.75	296.71	0.0	-0.0
2590200.0	293.65	295.25	296.73999999999995	296.65	0.0	-0.0
