#1
double tab1(171,4)
# Date
# PEM001_____TT200__RUP_ (°C)
# PEM001_____TT201__RUP_ (°C)
# PEM001_____FQT200_RUP_
3600.0	287.8583333333333	285.8977499999999	259.8333333333333
14400.0	287.8200833333333	285.8755	273.02666666666664
25200.0	287.79508333333325	285.7265833333333	306.72
54000.0	287.864	285.82266666666663	276.85333333333335
68400.0	287.86899999999997	285.81016666666665	284.1933333333333
90000.0	287.85816666666665	285.80766666666665	276.78
129600.0	287.7609166666666	285.7233333333333	257.64
140400.0	287.77124999999995	285.7156666666666	224.5333333333333
154800.0	287.77275	285.6975833333333	229.63333333333333
162000.0	287.76525	285.7385	262.2266666666667
172800.0	287.7495833333333	285.7468333333333	248.44666666666666
180000.0	287.7541666666666	285.77441666666664	229.49999999999997
187200.0	287.7701666666666	285.7425833333333	228.61333333333334
190800.0	287.7835	285.78166666666664	251.95333333333332
205200.0	287.82475	285.84858333333324	242.24
216000.0	287.8634166666666	285.86524999999995	204.89333333333332
219600.0	287.84099999999995	285.8399999999999	179.38666666666666
226800.0	287.81275	285.8010833333333	201.22666666666663
237600.0	287.82199999999995	285.81083333333333	241.12666666666667
248400.0	287.7496666666666	285.79675	239.57999999999998
255600.0	287.42841666666664	285.6360833333333	268.0933333333333
259200.0	287.2489166666667	285.53599999999994	255.97333333333336
270000.0	287.1648333333333	285.33	262.50666666666666
277200.0	287.1700833333333	285.38224999999994	248.4333333333333
327600.0	287.4853333333333	285.7074999999999	272.0333333333333
342000.0	287.54374999999993	285.70725	274.38666666666666
363600.0	286.8624166666666	284.9610833333333	317.4533333333333
367200.0	286.8470833333333	285.03375	276.66666666666663
396000.0	287.1763333333333	285.54933333333327	160.72
399600.0	287.15799999999996	285.5399166666666	135.42666666666665
417600.0	287.48749999999995	285.55016666666666	256.15999999999997
428400.0	287.5611666666666	285.7028333333333	264.0133333333333
432000.0	287.5695833333333	285.71774999999997	265.91999999999996
435600.0	287.5659999999999	285.7129166666666	277.2933333333333
450000.0	287.53758333333326	285.5829166666666	304.6733333333333
464400.0	287.5193333333333	285.4774999999999	273.8066666666666
500400.0	287.61674999999997	285.68766666666664	184.05999999999997
522000.0	287.5589166666666	285.7123333333333	223.82666666666665
540000.0	287.6075	285.72666666666663	246.79999999999998
550800.0	287.2425833333333	285.5225	264.0733333333333
565200.0	286.9091666666666	285.2009166666666	221.43333333333334
579600.0	287.00316666666663	285.22499999999997	222.35333333333332
586800.0	287.18525	285.2038333333333	211.3133333333333
590400.0	287.2145	285.2324166666666	221.9133333333333
594000.0	287.243	285.26099999999997	246.26666666666662
604800.0	287.30633333333327	285.36316666666664	207.40666666666667
619200.0	287.2543333333333	285.2634166666666	270.1133333333333
662400.0	287.3646666666666	285.5331666666666	140.16
666000.0	287.4251666666666	285.7184166666666	135.85999999999999
676800.0	287.3546666666666	285.4230833333333	202.85333333333332
680400.0	287.36324999999994	285.4118333333333	253.55999999999997
687600.0	287.31516666666664	285.3305833333333	272.8533333333333
694800.0	287.33	285.4410833333333	249.9
698400.0	287.31499999999994	285.3639166666666	258.3933333333333
702000.0	287.31524999999993	285.29375000000005	288.1533333333333
730800.0	287.33416666666665	285.27175	173.12
759600.0	287.33949999999993	285.42999999999995	231.18666666666667
770400.0	287.3705	285.5479166666666	269.7066666666667
774000.0	287.3684166666666	285.58099999999996	244.33999999999997
788400.0	287.3170833333333	285.36291666666665	220.90666666666664
846000.0	287.275	285.2581666666666	289.32
867600.0	287.1708333333333	285.2503333333333	261.6066666666666
874800.0	287.15975	285.2430833333333	257.64
878400.0	287.23908333333327	285.27341666666666	253.32666666666663
907200.0	287.29841666666664	285.33174999999994	230.8466666666667
918000.0	287.2059166666666	285.2580833333333	215.88000000000002
928800.0	287.28424999999993	285.3463333333333	253.73999999999998
936000.0	287.36699999999996	285.4188333333333	265.97999999999996
946800.0	287.4145	285.45224999999994	273.1333333333333
972000.0	287.3616666666666	285.4050833333333	259.64666666666665
1029600.0	287.47916666666663	285.41774999999996	292.06666666666666
1072800.0	287.4178333333333	285.33874999999995	338.4
1083600.0	287.4535833333333	285.58599999999996	201.78666666666663
1105200.0	287.4701666666666	285.41175	301.62666666666667
1108800.0	287.4428333333333	285.3779166666666	290.6933333333333
1137600.0	287.4076666666666	285.3285833333333	263.66
1162800.0	287.47425	285.4675	268.02
1180800.0	287.53533333333326	285.62725	248.69333333333333
1188000.0	287.5451666666666	285.56691666666666	263.1333333333333
1198800.0	287.5193333333333	285.6269166666666	273.47999999999996
1202400.0	287.4855833333333	285.5609166666666	261.21999999999997
1213200.0	287.4418333333333	285.52324999999996	251.07999999999998
1224000.0	287.46666666666664	285.5205833333333	270.44
1245600.0	287.53508333333326	285.57408333333325	247.78666666666666
1249200.0	287.5524166666666	285.6034166666666	235.14666666666665
1285200.0	287.5183333333333	285.7043333333333	215.76666666666665
1335600.0	287.38149999999996	285.4269999999999	240.98000000000002
1360800.0	287.51175	285.5448333333333	207.4133333333333
1400400.0	287.48999999999995	285.5936666666666	240.20000000000002
1458000.0	287.169	285.25541666666663	267.7199999999999
1465200.0	287.12408333333326	285.20441666666665	273.68666666666667
1483200.0	286.9333333333333	284.9760833333333	296.35999999999996
1519200.0	286.95724999999993	284.97675	296.49333333333334
1530000.0	286.97233333333327	285.10675	278.0333333333333
1533600.0	286.9791666666666	285.018	291.6333333333333
1537200.0	287.0056666666666	284.94374999999997	309.7
1544400.0	287.04358333333323	284.89824999999996	316.2466666666666
1548000.0	287.0540833333333	284.89966666666663	328.6933333333333
1551600.0	287.0539999999999	284.97074999999995	308.34
1555200.0	287.0684166666666	284.96675	318.5333333333333
1562400.0	287.0689999999999	284.9368333333333	328.8266666666667
1576800.0	287.0946666666666	284.9856666666666	295.0
1623600.0	286.9889999999999	284.73875	346.0466666666666
1656000.0	287.01216666666664	284.7904166666666	331.9533333333333
1670400.0	286.8109166666666	284.54658333333333	362.02
1684800.0	286.61541666666665	285.3125	441.4533333333333
1706400.0	286.94408333333325	285.39074999999997	499.6133333333333
1710000.0	286.9914999999999	285.37333333333333	495.18666666666667
1717200.0	286.9944166666666	285.4388333333333	485.2933333333333
1720800.0	287.0288333333333	285.5369166666666	482.7466666666666
1728000.0	287.0610833333333	285.45508333333333	475.41999999999996
1746000.0	287.06524999999993	285.49841666666657	464.1533333333333
1782000.0	287.06174999999996	285.8605833333333	351.54
1789200.0	287.1548333333333	285.79116666666664	343.91999999999996
1792800.0	287.15799999999996	285.6220833333333	342.3666666666667
1796400.0	287.17658333333327	285.5523333333333	340.9666666666667
1803600.0	287.1929999999999	285.9293333333333	339.35333333333335
1814400.0	287.21874999999994	286.1863333333333	337.88
1818000.0	287.215	286.0504166666666	337.25333333333333
1821600.0	287.21349999999995	285.99799999999993	337.1666666666667
1836000.0	287.1795833333333	285.49341666666663	329.8333333333333
1846800.0	286.81883333333326	285.8945833333333	328.99999999999994
1854000.0	286.75916666666666	285.8605833333333	334.8133333333333
1864800.0	286.78324999999995	286.06374999999997	334.38666666666666
1875600.0	286.68658333333326	285.95475	335.2866666666667
1879200.0	286.63583333333327	285.629	335.5466666666666
1882800.0	286.66008333333326	285.79599999999994	335.9266666666666
1890000.0	286.6321666666666	285.8569166666666	335.58666666666664
1893600.0	286.65374999999995	285.9495833333333	333.99333333333334
1897200.0	286.6661666666666	285.8865833333333	334.1733333333333
1900800.0	286.64833333333326	285.83124999999995	334.14666666666665
1911600.0	286.68274999999994	285.8168333333333	334.7466666666666
1915200.0	286.7000833333333	285.76725	334.4733333333333
1929600.0	286.7083333333333	285.83166666666665	336.06
1954800.0	287.01599999999996	286.39358333333325	330.78666666666663
1965600.0	287.03149999999994	286.25983333333335	330.9
1969200.0	287.00949999999995	286.13408333333325	331.34
1980000.0	286.9704166666666	285.9580833333333	331.98
1983600.0	287.0009166666666	286.06333333333333	332.8066666666666
1994400.0	286.9345833333333	286.2653333333333	332.96
2001600.0	286.92408333333333	286.1354999999999	332.06
2023200.0	286.92041666666665	286.18066666666664	334.2666666666667
2030400.0	286.92024999999995	286.2156666666666	334.86
2041200.0	286.9385	286.1889166666666	335.18666666666667
2070000.0	286.6180833333333	285.77391666666665	332.4266666666667
2084400.0	286.61316666666664	285.8845833333333	332.4266666666666
2091600.0	286.59008333333327	285.6816666666666	332.7266666666667
2109600.0	286.84349999999995	286.10616666666664	330.31333333333333
2120400.0	286.91999999999996	286.2824166666666	329.7133333333333
2163600.0	286.97499999999997	286.0450833333333	329.16
2181600.0	286.97499999999997	286.05658333333326	329.47333333333336
2224800.0	286.91999999999996	285.8139166666666	326.9133333333333
2239200.0	286.92274999999995	285.8145833333333	326.8933333333333
2278800.0	286.69383333333326	286.0488333333333	324.79999999999995
2300400.0	286.61591666666664	285.88249999999994	349.1733333333333
2354400.0	286.7250833333333	286.02916666666664	341.84
2365200.0	286.84274999999997	287.21975	213.14
2376000.0	286.9897499999999	286.1066666666666	360.4533333333333
2379600.0	287.0234166666666	285.84816666666666	357.18666666666667
2394000.0	287.02333333333326	285.94149999999996	352.40666666666664
2404800.0	287.01099999999997	285.6898333333333	349.23999999999995
2408400.0	287.0001666666666	285.70525	349.28
2415600.0	286.9998333333333	285.90416666666664	348.5133333333333
2455200.0	286.3809166666666	285.1960833333333	350.4866666666667
2466000.0	286.3348333333333	285.3354166666666	348.56666666666666
2469600.0	286.3316666666666	285.34749999999997	348.4533333333333
2491200.0	286.47533333333325	285.3809166666666	344.82
2494800.0	286.4334999999999	285.27841666666666	344.97999999999996
2509200.0	286.5034166666666	285.5056666666666	344.14666666666665
2538000.0	286.67274999999995	285.30858333333333	283.76666666666665
2566800.0	287.0585833333333	286.1938333333333	348.64666666666665
