#1
double tab1(992,3)
# Date
# m_gotu
# THA-MESURE DE TEMPERATURE DEPART COMPTEUR CHAUD - SSTA GOTU (°C)
0.0	14.915453703703704	332.95
3600.0	15.422168518518518	332.95
7200.0	16.153064814814815	332.825
10800.0	16.727774074074073	332.56666666666666
14400.0	16.50029074074074	332.95
18000.0	16.923738888888888	332.95
21600.0	17.54268518518519	332.95
25200.0	17.810494444444444	332.95
28800.0	17.915927777777778	332.95
32400.0	18.50968703703704	332.95
36000.0	18.88928888888889	332.95
39600.0	18.983818518518518	332.95
43200.0	19.482844444444442	332.95
46800.0	19.43249814814815	332.95
50400.0	19.060459259259257	332.95
54000.0	19.107775925925925	332.95
57600.0	19.331453703703705	332.95
61200.0	18.79557777777778	332.95
64800.0	18.057255555555557	332.95
68400.0	17.325838888888885	332.95
72000.0	16.172957407407406	332.95
75600.0	14.917222222222222	332.95
79200.0	14.467924074074077	332.95
82800.0	13.919342592592594	333.48999999999995
86400.0	12.974227777777779	332.575
90000.0	15.959290740740741	332.5183333333334
93600.0	15.487631481481479	332.95
97200.0	16.031109259259257	332.95
100800.0	15.961077777777776	332.95
104400.0	15.73520185185185	332.95
108000.0	16.502953703703703	332.95
111600.0	17.3514537037037	332.95
115200.0	17.716442592592593	332.95
118800.0	17.559244444444445	332.95
122400.0	17.25552037037037	332.95
126000.0	17.81905740740741	332.95
129600.0	18.202044444444446	332.95
133200.0	19.41531851851852	332.95
136800.0	20.936612962962965	332.95
140400.0	21.337255555555558	332.95
144000.0	20.229366666666667	332.95
147600.0	20.353016666666665	332.95
151200.0	19.781224074074075	332.95
154800.0	19.08335740740741	332.95
158400.0	15.98732222222222	332.95
162000.0	16.07716111111111	332.95
165600.0	15.303294444444445	332.95
169200.0	15.24694814814815	332.95
172800.0	15.36491111111111	332.95
176400.0	15.505375925925927	332.95
180000.0	16.118998148148147	332.775
183600.0	17.401801851851854	332.75
187200.0	17.67594074074074	332.75
190800.0	17.29310185185185	332.75
194400.0	16.734546296296298	332.75
198000.0	16.876211111111107	332.89166666666665
201600.0	15.505470370370368	333.25
205200.0	15.051512962962962	333.25
208800.0	15.462568518518518	333.0
212400.0	15.90275	332.75
216000.0	16.367562962962964	332.75
219600.0	17.49411481481481	332.75
223200.0	17.790622222222222	332.8666666666667
226800.0	18.196733333333334	332.78
230400.0	19.41354259259259	332.65000000000003
234000.0	21.1447462962963	332.65000000000003
237600.0	19.864594444444442	332.75
241200.0	18.227405555555553	333.15000000000003
244800.0	17.873512962962963	333.15000000000003
248400.0	16.63786851851852	333.15000000000003
252000.0	15.724964814814816	333.15000000000003
255600.0	15.990385185185184	333.15000000000003
259200.0	15.431761111111113	333.15000000000003
262800.0	15.814085185185187	332.60999999999996
266400.0	16.47765925925926	332.55
270000.0	16.498259259259257	332.71666666666664
273600.0	16.457135185185184	332.55
277200.0	16.661744444444444	332.55
280800.0	16.927855555555556	332.9
284400.0	17.448242592592596	333.05
288000.0	17.120016666666668	333.05
291600.0	16.84162962962963	333.05
295200.0	16.850766666666665	332.52000000000004
298800.0	17.168125925925924	332.77500000000003
302400.0	17.110096296296298	332.95
306000.0	18.308585185185187	332.95
309600.0	19.02608148148148	332.95
313200.0	20.50922037037037	332.95
316800.0	21.799383333333335	332.95
320400.0	21.616105555555553	332.95
324000.0	18.663957407407405	332.95
327600.0	16.877983333333333	332.95
331200.0	16.249635185185184	332.95
334800.0	15.24111296296296	332.95
338400.0	15.202646296296296	332.95
342000.0	15.604388888888886	332.67999999999995
345600.0	14.880964814814817	332.82
349200.0	15.201098148148148	332.95
352800.0	16.716257407407408	332.95
356400.0	18.148209259259257	332.95
360000.0	17.82545925925926	332.95
363600.0	17.721942592592594	332.95
367200.0	17.367364814814817	332.95
370800.0	17.008075925925926	332.95
374400.0	16.552396296296298	332.95
378000.0	16.7708537037037	332.95
381600.0	17.208255555555557	332.95
385200.0	17.01508148148148	332.6333333333333
388800.0	16.979548148148147	332.45
392400.0	18.60970740740741	332.9
396000.0	19.65002222222222	333.05
399600.0	20.893485185185188	332.66666666666663
403200.0	22.00714814814815	332.55
406800.0	23.598140740740742	332.55
410400.0	21.759627777777776	332.64166666666665
414000.0	17.26187222222222	333.05
417600.0	15.92968148148148	333.05
421200.0	15.36188888888889	333.05
424800.0	15.002785185185184	333.05
428400.0	15.268342592592594	333.05
432000.0	15.133305555555557	332.7833333333333
435600.0	15.388507407407404	332.55
439200.0	15.890537037037035	332.55
442800.0	16.719940740740743	332.55
446400.0	17.101648148148147	332.96666666666664
450000.0	17.00298148148148	333.05
453600.0	16.742948148148148	333.05
457200.0	16.20152037037037	333.05
460800.0	15.105164814814815	333.05
464400.0	15.007077777777775	333.05
468000.0	14.95165	333.05
471600.0	15.289668518518518	333.05
475200.0	15.45746111111111	333.05
478800.0	16.65949074074074	333.05
482400.0	16.983285185185185	332.8916666666667
486000.0	16.559218518518517	332.80833333333334
489600.0	16.71763148148148	333.0083333333333
493200.0	18.04453148148148	333.05
496800.0	18.699248148148147	332.875
500400.0	18.1605537037037	333.03
504000.0	18.14945555555556	332.69166666666666
507600.0	17.484953703703706	332.65000000000003
511200.0	17.33468333333333	332.65000000000003
514800.0	16.518635185185186	332.65000000000003
518400.0	16.989996296296297	333.0833333333333
522000.0	16.093196296296295	332.9683333333333
525600.0	16.476957407407408	332.82
529200.0	17.422855555555557	332.65000000000003
532800.0	17.72131851851852	332.65000000000003
536400.0	16.799864814814818	333.0833333333333
540000.0	16.88304814814815	333.15000000000003
543600.0	16.84601481481481	332.7
547200.0	17.02072037037037	332.55
550800.0	16.960618518518515	332.69166666666666
554400.0	16.66472037037037	333.05
558000.0	16.82025185185185	333.05
561600.0	17.27174259259259	333.05
565200.0	17.696853703703702	332.62499999999994
568800.0	18.02297222222222	332.55
572400.0	18.649018518518517	332.55
576000.0	18.13265185185185	333.06
579600.0	18.727183333333333	333.15000000000003
583200.0	17.891124074074074	332.71
586800.0	16.54909814814815	332.55
590400.0	15.680616666666666	332.8333333333333
594000.0	15.503181481481482	332.7
597600.0	14.814164814814816	333.05
601200.0	14.729905555555556	333.05
604800.0	14.307468518518517	333.05
608400.0	14.983055555555554	333.05
612000.0	15.26955740740741	332.94166666666666
615600.0	16.59552037037037	333.02500000000003
619200.0	16.923627777777778	332.7416666666667
622800.0	16.863066666666665	333.05
626400.0	17.722855555555554	332.6333333333333
630000.0	18.404094444444443	332.92
633600.0	17.153162962962963	332.65000000000003
637200.0	17.000214814814814	332.65000000000003
640800.0	17.396174074074075	332.65000000000003
644400.0	17.55491111111111	332.7416666666666
648000.0	17.753707407407408	332.72499999999997
651600.0	18.277785185185184	332.65000000000003
655200.0	18.217277777777777	332.65000000000003
658800.0	18.02402777777778	332.68333333333334
662400.0	18.210275925925924	333.15000000000003
666000.0	18.848405555555555	333.1166666666667
669600.0	17.492555555555555	332.7916666666667
673200.0	16.58591296296296	333.15000000000003
676800.0	15.293322222222221	333.15000000000003
680400.0	14.510318518518519	333.15000000000003
684000.0	14.386620370370368	333.00833333333327
687600.0	14.830187037037037	332.65000000000003
691200.0	14.760775925925927	333.15000000000003
694800.0	14.556859259259257	333.25
698400.0	14.654505555555554	333.09
702000.0	15.8973	332.65000000000003
705600.0	16.022987037037037	332.9166666666667
709200.0	16.497151851851854	332.94166666666666
712800.0	17.278531481481483	332.65000000000003
716400.0	17.41045925925926	332.65000000000003
720000.0	17.568946296296296	332.65000000000003
723600.0	18.353270370370367	332.65000000000003
727200.0	19.088394444444447	332.65000000000003
730800.0	18.863642592592594	332.65000000000003
734400.0	19.138675925925924	332.65000000000003
738000.0	20.728648148148146	332.65000000000003
741600.0	20.832992592592593	332.65000000000003
745200.0	21.01074814814815	332.65000000000003
748800.0	22.09222407407408	332.26666666666665
752400.0	22.97933333333333	332.0833333333333
756000.0	23.83428333333333	332.05
759600.0	21.47901851851852	332.71666666666664
763200.0	18.3021074074074	333.19166666666666
766800.0	15.800875925925924	333.84999999999997
770400.0	15.067555555555556	333.84999999999997
774000.0	15.476655555555554	333.84999999999997
777600.0	14.65375740740741	333.84999999999997
781200.0	14.794570370370371	333.7966666666666
784800.0	15.05024074074074	333.34999999999997
788400.0	15.16136851851852	333.55
792000.0	15.231670370370372	333.55
795600.0	14.846494444444444	333.805
799200.0	14.648233333333332	333.45
802800.0	14.871779629629629	333.8233333333333
806400.0	14.91841111111111	333.83
810000.0	14.85986111111111	333.55
813600.0	14.484885185185185	333.65
817200.0	14.051351851851853	334.05
820800.0	13.922150000000002	333.6166666666666
824400.0	14.623037037037037	333.55
828000.0	16.88319259259259	333.55
831600.0	18.31030925925926	333.55
835200.0	18.552053703703706	333.55
838800.0	17.20167037037037	333.55
842400.0	16.031885185185185	333.55
846000.0	14.256409259259257	333.825
849600.0	12.737375925925926	334.05
853200.0	12.537042592592593	333.45
856800.0	12.320401851851853	333.50333333333333
860400.0	12.774237037037034	333.55
864000.0	12.867925925925926	333.84999999999997
867600.0	12.285512962962963	334.05
871200.0	11.586405555555556	334.05
874800.0	11.331359259259258	334.05
878400.0	11.735896296296294	334.05
882000.0	12.70525	333.89000000000004
885600.0	12.314451851851851	333.54
889200.0	12.428424074074073	334.05
892800.0	11.723692592592592	334.19
896400.0	10.739544444444443	333.79999999999995
900000.0	10.714477777777779	333.65000000000003
903600.0	10.741416666666666	333.5783333333333
907200.0	10.713887037037038	333.55
910800.0	14.604035185185188	333.55
914400.0	14.491612962962963	333.55
918000.0	16.126805555555556	333.70166666666665
921600.0	16.87194074074074	334.05
925200.0	15.355266666666665	333.73499999999996
928800.0	14.046601851851854	333.7
932400.0	14.047983333333333	333.65000000000003
936000.0	13.640985185185185	333.67333333333335
939600.0	12.498144444444444	334.34999999999997
943200.0	11.934516666666665	334.34999999999997
946800.0	10.879851851851852	333.9
950400.0	11.23621851851852	334.16
954000.0	11.893264814814815	333.8883333333333
957600.0	11.65169074074074	334.28
961200.0	10.982718518518519	334.25333333333333
964800.0	12.148087037037037	333.55
968400.0	12.533927777777777	333.55
972000.0	12.122057407407409	333.55
975600.0	12.733929629629628	333.55
979200.0	12.83975	333.55
982800.0	13.077596296296294	333.62
986400.0	12.32316851851852	334.15000000000003
990000.0	11.28425925925926	334.15000000000003
993600.0	11.130353703703705	333.4266666666667
997200.0	14.732299999999997	333.45
1000800.0	15.8958037037037	334.01
1004400.0	17.398448148148148	333.6166666666666
1008000.0	19.73399074074074	333.22999999999996
1011600.0	19.595081481481483	332.85999999999996
1015200.0	17.77451111111111	333.05
1018800.0	15.705974074074073	333.64000000000004
1022400.0	14.054159259259258	333.65000000000003
1026000.0	11.457775925925928	334.1333333333334
1029600.0	9.800877777777776	334.2483333333333
1033200.0	10.577246296296297	332.65500000000003
1036800.0	13.836540740740743	331.97666666666663
1040400.0	13.653016666666666	333.705
1044000.0	12.95797037037037	332.11333333333334
1047600.0	16.166707407407408	333.62833333333333
1051200.0	13.264555555555553	333.75
1054800.0	11.734509259259257	334.23333333333335
1058400.0	11.038216666666669	334.26666666666665
1062000.0	9.974055555555555	334.48499999999996
1065600.0	9.761348148148146	334.165
1069200.0	9.529792592592592	334.12833333333333
1072800.0	9.551166666666665	334.09999999999997
1076400.0	9.437505555555555	334.05
1080000.0	9.819614814814814	334.05
1083600.0	10.75917037037037	334.05
1087200.0	12.305194444444444	333.84166666666664
1090800.0	15.021979629629628	333.76
1094400.0	17.33279074074074	333.55
1098000.0	16.29322037037037	333.77000000000004
1101600.0	14.134933333333334	334.15000000000003
1105200.0	13.49096111111111	333.86666666666673
1108800.0	12.465664814814815	333.65000000000003
1112400.0	12.56025925925926	333.65000000000003
1116000.0	11.544737037037038	334.2083333333333
1119600.0	10.265831481481479	334.65000000000003
1123200.0	9.799207407407408	333.80833333333334
1126800.0	13.61619814814815	332.40833333333336
1130400.0	14.744833333333334	333.4883333333333
1134000.0	13.9534	333.75
1137600.0	13.280025925925925	333.75
1141200.0	13.205090740740738	333.75
1144800.0	13.122203703703704	333.75
1148400.0	13.154507407407408	333.75
1152000.0	13.313392592592592	334.23999999999995
1155600.0	12.150503703703704	334.34999999999997
1159200.0	11.601901851851851	334.34999999999997
1162800.0	10.98490925925926	334.34999999999997
1166400.0	12.554059259259256	332.8383333333333
1170000.0	15.573103703703703	333.0466666666667
1173600.0	17.348464814814815	333.24500000000006
1177200.0	17.799205555555556	333.65000000000003
1180800.0	17.676201851851854	333.9916666666666
1184400.0	17.07849074074074	333.78
1188000.0	16.062303703703705	333.65000000000003
1191600.0	14.335855555555554	333.65000000000003
1195200.0	13.373649999999998	333.875
1198800.0	13.252742592592591	333.65000000000003
1202400.0	13.106616666666667	333.65000000000003
1206000.0	13.125955555555556	333.65000000000003
1209600.0	12.69005925925926	333.65000000000003
1213200.0	13.021533333333332	333.65000000000003
1216800.0	13.360370370370369	333.65000000000003
1220400.0	13.619805555555557	333.65000000000003
1224000.0	14.623146296296296	333.65000000000003
1227600.0	15.126907407407407	333.65000000000003
1231200.0	15.886859259259259	333.65000000000003
1234800.0	15.824631481481482	333.65000000000003
1238400.0	15.904905555555557	333.925
1242000.0	15.429781481481482	333.825
1245600.0	15.439837037037037	333.94166666666666
1249200.0	14.949857407407407	334.04166666666663
1252800.0	14.857275925925926	334.05
1256400.0	15.00778148148148	334.05
1260000.0	16.52047037037037	334.03333333333336
1263600.0	16.42092037037037	333.625
1267200.0	15.119874074074074	334.05
1270800.0	14.686612962962963	334.05
1274400.0	14.33902962962963	333.91
1278000.0	14.30978333333333	333.675
1281600.0	13.837516666666668	333.95
1285200.0	13.748555555555555	333.90000000000003
1288800.0	14.293933333333333	333.45
1292400.0	13.534481481481484	333.48333333333335
1296000.0	13.937929629629629	333.95
1299600.0	14.954742592592593	333.5916666666667
1303200.0	15.049774074074074	333.79
1306800.0	15.285353703703704	333.5083333333334
1310400.0	15.615629629629629	333.45
1314000.0	16.462961111111113	333.7516666666666
1317600.0	16.208759259259256	333.2833333333333
1321200.0	17.17984074074074	333.05
1324800.0	17.968668518518516	333.3500000000001
1328400.0	17.003948148148144	333.81
1332000.0	16.25312962962963	333.84166666666664
1335600.0	15.242640740740741	333.75
1339200.0	15.396666666666667	333.75
1342800.0	17.278990740740742	333.75
1346400.0	19.771088888888887	333.34
1350000.0	19.39193333333333	333.15000000000003
1353600.0	19.4238037037037	332.7416666666667
1357200.0	22.90102222222222	332.0566666666667
1360800.0	24.006064814814817	331.64166666666665
1364400.0	24.04019259259259	332.22499999999997
1368000.0	22.720816666666664	332.35833333333335
1371600.0	21.635846296296293	332.67999999999995
1375200.0	19.032807407407407	333.21666666666664
1378800.0	15.597664814814815	333.84999999999997
1382400.0	16.98486851851852	332.4533333333333
1386000.0	18.074870370370373	333.44666666666666
1389600.0	16.89493333333333	333.6666666666667
1393200.0	16.102155555555555	333.75
1396800.0	16.315603703703704	333.75
1400400.0	16.89012037037037	333.75
1404000.0	16.750114814814815	333.75
1407600.0	15.76363888888889	333.75
1411200.0	15.280642592592592	333.75
1414800.0	14.805992592592593	333.75
1418400.0	14.50594814814815	333.75
1422000.0	13.533261111111111	333.75
1425600.0	13.973564814814814	333.75
1429200.0	13.87432222222222	333.75
1432800.0	17.141862962962964	333.75
1436400.0	18.418511111111112	333.75
1440000.0	17.382664814814813	333.75
1443600.0	15.890453703703704	333.75
1447200.0	14.744233333333334	333.75
1450800.0	14.019472222222221	333.75
1454400.0	13.864564814814813	333.75
1458000.0	12.565266666666668	333.75
1461600.0	15.91131111111111	331.65500000000003
1465200.0	17.61872962962963	332.09
1468800.0	20.16530555555556	331.06666666666666
1472400.0	19.1537	333.0233333333333
1476000.0	17.41678888888889	333.46166666666664
1479600.0	15.325737037037037	332.9183333333333
1483200.0	15.13116296296296	333.95
1486800.0	12.458264814814816	334.6566666666667
1490400.0	12.14673148148148	334.75
1494000.0	9.504087037037037	333.75
1497600.0	10.275433333333332	333.75
1501200.0	10.487905555555555	333.2966666666667
1504800.0	11.221942592592592	332.95
1508400.0	12.872764814814813	332.83
1512000.0	13.890872222222221	332.34999999999997
1515600.0	15.020798148148147	332.34999999999997
1519200.0	18.150129629629628	333.1233333333333
1522800.0	15.981135185185186	333.84999999999997
1526400.0	13.95915185185185	333.84999999999997
1530000.0	12.005925925925924	334.02
1533600.0	10.774942592592593	334.315
1537200.0	10.33502962962963	333.55
1540800.0	10.684827777777778	333.55
1544400.0	10.466518518518518	333.55
1548000.0	9.397127777777778	333.55
1551600.0	8.957857407407408	333.55
1555200.0	9.380461111111112	333.55
1558800.0	9.985422222222223	333.55
1562400.0	9.965416666666666	333.29333333333335
1566000.0	10.676553703703703	333.34999999999997
1569600.0	10.20285	334.06499999999994
1573200.0	10.481853703703703	333.97999999999996
1576800.0	10.090185185185186	333.3616666666667
1580400.0	9.826559259259257	333.39166666666665
1584000.0	10.074348148148148	332.82
1587600.0	11.79832222222222	332.93333333333334
1591200.0	11.625664814814813	332.65000000000003
1594800.0	11.8328	333.02500000000003
1598400.0	11.161403703703705	333.15000000000003
1602000.0	11.112303703703704	333.15000000000003
1605600.0	12.765822222222221	333.15000000000003
1609200.0	15.19551296296296	332.7
1612800.0	15.678322222222222	333.40166666666664
1616400.0	11.488022222222222	332.6549999999999
1620000.0	12.568503703703705	331.90000000000003
1623600.0	14.787644444444444	332.73499999999996
1627200.0	11.202385185185184	332.98
1630800.0	9.271235185185185	333.93833333333333
1634400.0	7.986174074074074	333.7416666666667
1638000.0	8.331262962962962	333.45
1641600.0	9.258314814814815	333.45
1645200.0	9.097857407407409	333.52833333333325
1648800.0	8.744446296296296	333.34999999999997
1652400.0	8.389355555555555	333.685
1656000.0	9.73067037037037	333.4216666666666
1659600.0	10.091107407407407	333.35499999999996
1663200.0	9.786816666666667	334.2916666666667
1666800.0	9.553212962962963	333.26
1670400.0	9.174690740740742	333.75
1674000.0	8.744042592592592	333.75
1677600.0	8.534799999999999	333.75
1681200.0	8.41306111111111	333.75
1684800.0	8.924912962962964	333.75
1688400.0	8.713064814814814	333.75
1692000.0	11.543048148148147	333.75
1695600.0	11.793955555555556	333.7633333333333
1699200.0	11.546101851851851	333.40666666666664
1702800.0	10.974685185185185	334.05
1706400.0	9.423553703703703	333.7
1710000.0	9.241983333333334	333.55
1713600.0	8.994751851851852	333.55
1717200.0	9.412548148148147	333.55
1720800.0	9.277987037037038	333.55
1724400.0	9.338083333333335	333.55
1728000.0	9.254924074074074	333.55
1731600.0	9.325705555555555	333.55
1735200.0	9.363918518518519	333.55
1738800.0	9.247433333333332	333.66333333333336
1742400.0	8.816835185185186	333.25
1746000.0	8.679388888888889	333.56333333333333
1749600.0	9.561307407407407	333.45
1753200.0	9.39914074074074	333.71666666666664
1756800.0	9.556648148148149	333.52500000000003
1760400.0	9.143057407407406	333.65000000000003
1764000.0	9.258568518518517	333.65000000000003
1767600.0	9.114877777777776	333.65000000000003
1771200.0	9.566374074074075	333.65000000000003
1774800.0	9.44638148148148	333.56666666666666
1778400.0	9.616116666666668	333.45
1782000.0	9.12401111111111	333.45
1785600.0	9.398331481481481	333.45
1789200.0	9.903503703703704	333.45
1792800.0	8.880972222222221	333.45
1796400.0	8.170942592592594	333.45
1800000.0	8.171435185185185	333.45
1803600.0	7.801372222222223	333.0533333333333
1807200.0	7.713053703703703	333.59999999999997
1810800.0	8.57599074074074	333.32666666666665
1814400.0	8.148164814814814	333.75
1818000.0	8.594457407407408	333.75
1821600.0	8.329914814814815	333.75
1825200.0	8.790146296296296	333.75
1828800.0	9.987103703703703	333.3333333333333
1832400.0	10.261931481481483	333.42833333333334
1836000.0	9.947374074074071	333.8033333333333
1839600.0	9.705196296296295	334.05
1843200.0	9.058127777777779	334.05
1846800.0	9.69072037037037	334.0
1850400.0	9.75061851851852	333.45
1854000.0	9.756883333333334	333.45
1857600.0	9.728537037037038	333.45
1861200.0	10.423275925925926	333.45
1864800.0	10.745864814814814	333.79333333333335
1868400.0	10.682092592592591	333.5783333333333
1872000.0	11.068262962962963	333.0733333333333
1875600.0	10.393466666666667	333.98333333333335
1879200.0	9.706668518518518	333.55
1882800.0	9.474977777777779	333.69
1886400.0	10.171201851851853	333.6766666666667
1890000.0	11.23261111111111	333.8533333333333
1893600.0	9.520133333333332	334.3566666666666
1897200.0	8.403342592592594	333.68333333333334
1900800.0	8.389733333333334	333.45
1904400.0	9.464044444444443	333.45
1908000.0	9.886877777777778	333.71666666666664
1911600.0	9.454757407407406	333.41833333333335
1915200.0	9.689994444444444	334.5
1918800.0	9.362812962962963	333.4633333333333
1922400.0	11.718666666666666	332.78666666666663
1926000.0	12.014568518518518	332.3066666666667
1929600.0	12.071012962962962	332.9083333333333
1933200.0	11.263885185185186	333.7333333333333
1936800.0	10.466374074074073	334.31666666666666
1940400.0	9.13734074074074	334.31333333333333
1944000.0	8.986842592592593	334.43333333333334
1947600.0	9.794022222222221	334.75
1951200.0	10.947855555555554	334.75
1954800.0	10.841814814814812	334.71666666666664
1958400.0	12.89413333333333	334.18333333333334
1962000.0	13.260403703703702	333.13999999999993
1965600.0	13.732492592592592	332.6666666666667
1969200.0	13.65916851851852	332.64166666666665
1972800.0	12.301225925925925	333.34666666666664
1976400.0	10.163344444444444	334.28999999999996
1980000.0	8.262566666666666	334.18666666666667
1983600.0	9.007994444444446	333.0416666666667
1987200.0	10.464285185185185	333.205
1990800.0	10.572731481481481	333.81333333333333
1994400.0	9.629009259259261	334.6316666666666
1998000.0	8.900546296296296	333.9816666666666
2001600.0	8.27358888888889	333.75
2005200.0	8.078605555555555	333.75
2008800.0	8.926840740740742	333.9583333333333
2012400.0	8.305185185185184	334.25
2016000.0	8.184444444444445	333.45
2019600.0	9.138055555555555	333.25
2023200.0	9.371898148148148	333.25
2026800.0	9.341203703703703	333.25
2030400.0	9.536064814814814	333.25
2034000.0	10.153287037037037	333.25
2037600.0	12.08324074074074	333.84999999999997
2041200.0	13.318009259259261	333.7516666666666
2044800.0	11.858518518518517	334.8399999999999
2048400.0	9.47712962962963	334.84999999999997
2052000.0	9.52212962962963	333.2966666666666
2055600.0	10.214672222222221	333.5333333333333
2059200.0	11.100205555555554	333.2366666666666
2062800.0	10.345572222222224	331.9033333333333
2066400.0	11.972422222222221	333.25
2070000.0	10.566907407407406	334.05
2073600.0	9.489025925925926	334.05
2077200.0	9.815055555555555	334.05
2080800.0	10.924824074074074	333.98
2084400.0	10.30419074074074	333.65
2088000.0	10.384453703703704	334.05
2091600.0	10.281612962962964	334.05
2095200.0	11.35384814814815	334.05
2098800.0	11.47603148148148	334.05
2102400.0	10.813125925925926	334.05
2106000.0	10.361188888888888	334.05
2109600.0	10.047879629629628	333.76499999999993
2113200.0	10.34446111111111	333.84999999999997
2116800.0	10.593616666666668	333.84999999999997
2120400.0	10.618727777777776	333.84999999999997
2124000.0	12.836764814814815	333.84999999999997
2127600.0	14.143829629629629	333.84999999999997
2131200.0	15.32742037037037	333.53
2134800.0	14.58423888888889	332.87000000000006
2138400.0	14.438931481481482	333.08
2142000.0	12.229387037037037	333.6666666666667
2145600.0	11.12791851851852	333.75
2149200.0	10.467555555555554	333.75
2152800.0	10.235777777777777	333.75
2156400.0	10.276172222222222	333.75
2160000.0	10.5521	333.75
2163600.0	10.850498148148148	333.75
2167200.0	10.468957407407409	334.1166666666667
2170800.0	10.558625925925927	333.75
2174400.0	10.93543148148148	333.95
2178000.0	10.922229629629628	333.95
2181600.0	11.28181111111111	333.95
2185200.0	11.103301851851851	333.95
2188800.0	10.39258148148148	333.95
2192400.0	10.242866666666666	333.95666666666665
2196000.0	10.340344444444446	334.05
2199600.0	9.835996296296296	334.15
2203200.0	9.211688888888888	334.55
2206800.0	10.171703703703704	334.55
2210400.0	11.544907407407408	334.55
2214000.0	14.986705555555554	333.7616666666666
2217600.0	16.897788888888886	332.605
2221200.0	16.28056666666667	332.5333333333333
2224800.0	12.864324074074075	333.50499999999994
2228400.0	11.929277777777777	332.97999999999996
2232000.0	11.050822222222223	333.5216666666667
2235600.0	9.102253703703703	334.27666666666664
2239200.0	8.911214814814814	334.01499999999993
2242800.0	8.890846296296296	334.84999999999997
2246400.0	8.041277777777779	334.84999999999997
2250000.0	8.137799999999999	334.84999999999997
2253600.0	10.254362962962963	333.43
2257200.0	10.97186111111111	333.81
2260800.0	9.356042592592592	334.66499999999996
2264400.0	8.7371	334.6333333333333
2268000.0	8.387466666666665	334.75
2271600.0	8.207148148148148	333.7366666666666
2275200.0	8.397822222222223	334.37000000000006
2278800.0	8.89609074074074	334.4666666666667
2282400.0	8.485231481481481	334.65000000000003
2286000.0	8.013124074074074	334.65000000000003
2289600.0	8.714242592592592	334.00666666666666
2293200.0	10.03528148148148	333.835
2296800.0	11.310144444444445	333.75
2300400.0	12.961546296296298	333.75
2304000.0	13.604611111111112	333.75
2307600.0	12.19387962962963	334.1166666666667
2311200.0	10.801279629629628	334.26166666666666
2314800.0	9.105311111111112	334.21
2318400.0	7.918490740740741	334.33666666666664
2322000.0	8.463146296296296	334.1433333333334
2325600.0	8.308287037037037	332.93333333333334
2329200.0	8.327696296296295	334.205
2332800.0	8.37750925925926	333.2483333333333
2336400.0	8.773462962962963	334.22666666666663
2340000.0	8.884814814814815	333.88333333333327
2343600.0	9.53960740740741	332.9966666666666
2347200.0	9.379224074074074	333.55
2350800.0	8.544448148148149	334.2833333333333
2354400.0	7.679337037037037	334.71999999999997
2358000.0	8.026903703703704	334.71666666666664
2361600.0	8.183255555555556	332.2383333333333
2365200.0	9.009555555555556	334.52500000000003
2368800.0	9.607101851851851	332.7699999999999
2372400.0	9.690542592592593	333.9866666666666
2376000.0	9.806114814814814	333.8666666666667
2379600.0	8.867774074074074	333.9633333333333
2383200.0	9.22890925925926	333.955
2386800.0	9.718364814814814	332.95166666666665
2390400.0	10.074098148148147	334.635
2394000.0	9.036118518518519	334.08
2397600.0	7.691566666666667	334.21666666666664
2401200.0	7.1203314814814815	333.72
2404800.0	7.01545	334.05
2408400.0	7.343351851851851	334.34166666666664
2412000.0	7.2329388888888895	332.40666666666664
2415600.0	7.522227777777776	334.10333333333335
2419200.0	7.478314814814816	333.89000000000004
2422800.0	7.606275925925925	333.95
2426400.0	8.005444444444445	334.08
2430000.0	8.097237037037038	333.59
2433600.0	7.743933333333334	334.15000000000003
2437200.0	8.226187037037038	334.64166666666665
2440800.0	8.16604814814815	334.65000000000003
2444400.0	7.7104833333333325	334.65000000000003
2448000.0	6.934683333333335	334.65000000000003
2451600.0	7.372590740740741	334.385
2455200.0	9.083266666666667	332.7083333333333
2458800.0	10.287911111111113	332.8533333333333
2462400.0	10.681974074074075	333.7233333333333
2466000.0	9.261946296296296	334.26
2469600.0	9.294103703703703	332.9733333333333
2473200.0	9.858170370370368	334.05
2476800.0	9.528629629629629	333.70666666666665
2480400.0	9.055916666666667	333.6766666666666
2484000.0	7.765174074074074	333.78
2487600.0	7.591612962962962	333.9216666666666
2491200.0	7.137800000000001	334.75
2494800.0	7.565651851851851	333.0933333333333
2498400.0	7.744377777777777	332.9016666666666
2502000.0	7.812237037037036	333.8883333333333
2505600.0	7.336888888888889	332.71999999999997
2509200.0	7.383229629629629	333.9133333333333
2512800.0	8.206964814814814	333.235
2516400.0	7.722066666666666	334.10999999999996
2520000.0	7.724240740740741	334.0833333333333
2523600.0	6.863527777777777	334.34999999999997
2527200.0	6.921177777777778	332.1583333333333
2530800.0	7.532414814814814	334.1966666666666
2534400.0	7.638507407407406	333.8466666666667
2538000.0	7.311842592592593	333.45
2541600.0	8.094246296296296	333.45
2545200.0	8.064494444444444	333.315
2548800.0	8.173875925925925	332.27333333333337
2552400.0	9.973331481481482	333.37
2556000.0	10.747674074074075	333.9233333333333
2559600.0	10.606253703703706	333.8733333333333
2563200.0	11.197605555555556	333.2966666666667
2566800.0	9.688435185185185	333.8
2570400.0	7.446672222222222	334.26499999999993
2574000.0	5.149192592592593	332.5933333333333
2577600.0	12.32766111111111	328.9533333333333
2581200.0	18.59416851851852	329.51499999999993
2584800.0	17.371461111111113	332.1233333333333
2588400.0	8.969938888888889	333.8733333333333
2592000.0	8.55473148148148	332.79333333333335
2595600.0	10.06813888888889	333.60999999999996
2599200.0	9.26093148148148	333.80333333333334
2602800.0	8.907692592592591	333.3183333333333
2606400.0	9.321309259259259	332.2316666666666
2610000.0	10.716938888888889	333.74499999999995
2613600.0	2.913873333333333	332.066
2617200.0	0.45746666666666663	323.01666666666665
2620800.0	0.2675	321.8833333333334
2624400.0	6.645801851851851	328.8616666666666
2628000.0	0.11388888888888887	324.11999999999995
2635200.0	9.219440740740742	322.3016666666666
2638800.0	20.58348888888889	324.2716666666666
2642400.0	21.05015185185185	327.205
2646000.0	22.167703703703705	328.39000000000004
2649600.0	23.40476481481481	329.09833333333336
2653200.0	23.968253703703706	330.06666666666666
2656800.0	26.74789814814815	331.60499999999996
2660400.0	18.865996296296295	333.27
2664000.0	13.174100000000001	334.215
2667600.0	9.552379629629629	333.32666666666665
2671200.0	10.221794444444443	334.0216666666666
2674800.0	8.838464814814815	333.77500000000003
2678400.0	12.53812777777778	331.84666666666664
2682000.0	14.38649814814815	330.85999999999996
2685600.0	12.928220370370369	333.29499999999996
2689200.0	10.960714814814814	334.05
2692800.0	9.997742592592592	333.89000000000004
2696400.0	11.137203703703705	333.835
2700000.0	11.615518518518519	333.99999999999994
2703600.0	11.805627777777778	334.05
2707200.0	10.817916666666667	334.05
2710800.0	10.106587037037036	334.05
2714400.0	10.628357407407407	333.7916666666667
2718000.0	10.81035	333.55
2721600.0	11.679755555555557	333.675
2725200.0	11.796742592592594	334.05
2728800.0	14.626012962962962	334.05
2732400.0	14.700088888888887	334.05
2736000.0	15.961155555555555	334.05
2739600.0	12.900114814814813	334.05
2743200.0	10.992494444444445	334.05
2746800.0	10.252496296296295	334.05
2750400.0	9.794448148148149	334.05
2754000.0	9.898727777777777	333.8933333333333
2757600.0	10.745798148148149	333.5583333333333
2761200.0	10.291509259259259	333.29999999999995
2764800.0	11.27774074074074	332.1066666666666
2768400.0	12.047744444444445	332.84
2772000.0	10.143487037037035	334.05
2775600.0	9.666633333333333	333.93333333333334
2779200.0	10.518135185185184	333.55
2782800.0	9.879072222222222	333.55
2786400.0	11.065570370370372	333.8833333333333
2790000.0	10.617333333333333	334.0
2793600.0	10.503983333333332	333.87
2797200.0	10.334755555555555	333.75
2800800.0	10.378683333333333	333.75
2804400.0	10.090164814814814	333.75
2808000.0	10.106396296296296	333.75
2811600.0	10.659388888888888	333.75
2815200.0	12.30052962962963	333.75
2818800.0	15.116927777777777	333.75
2822400.0	15.748087037037038	333.34999999999997
2826000.0	15.163164814814813	333.25
2829600.0	15.241825925925923	332.74833333333333
2833200.0	21.0616537037037	329.8166666666666
2836800.0	18.93190185185185	332.27
2840400.0	12.577888888888888	333.59999999999997
2844000.0	10.297055555555554	333.6583333333333
2847600.0	9.955531481481481	333.74
2851200.0	10.025696296296296	334.1883333333333
2854800.0	8.813837037037036	334.34999999999997
2858400.0	10.501683333333334	331.67
2862000.0	11.720207407407408	333.2833333333333
2865600.0	11.525207407407407	333.875
2869200.0	10.194887037037036	334.15000000000003
2872800.0	10.541996296296297	334.15000000000003
2876400.0	10.233218518518518	334.15000000000003
2880000.0	8.9457	334.5833333333333
2883600.0	11.25070925925926	332.675
2887200.0	11.061731481481482	333.34499999999997
2890800.0	10.541294444444445	333.9166666666667
2894400.0	10.269018518518518	334.03
2898000.0	11.165233333333333	334.34999999999997
2901600.0	12.43967962962963	334.34999999999997
2905200.0	15.145975925925924	333.94999999999993
2908800.0	15.930687037037037	333.62499999999994
2912400.0	14.05785	333.34999999999997
2916000.0	11.635677777777778	333.78333333333325
2919600.0	9.601164814814815	333.84999999999997
2923200.0	9.822827777777777	332.8133333333333
2926800.0	9.59536111111111	333.71166666666664
2930400.0	8.955103703703703	334.29999999999995
2934000.0	8.350911111111111	334.36
2937600.0	7.511727777777778	334.45
2941200.0	8.598027777777776	333.705
2944800.0	8.723503703703704	334.05
2948400.0	8.891214814814814	334.05
2952000.0	10.183633333333335	333.7083333333333
2955600.0	10.172553703703704	333.78000000000003
2959200.0	10.012824074074073	334.05
2962800.0	10.550344444444443	334.05
2966400.0	9.819098148148148	334.05
2970000.0	9.753492592592591	334.05
2973600.0	9.267685185185186	334.05
2977200.0	9.403653703703705	334.31
2980800.0	9.145642592592592	334.65000000000003
2984400.0	8.911407407407406	334.65000000000003
2988000.0	9.756142592592594	334.65000000000003
2991600.0	9.507651851851852	334.50833333333327
2995200.0	8.836894444444445	334.15000000000003
2998800.0	8.961425925925925	334.15000000000003
3002400.0	8.493220370370372	334.15000000000003
3006000.0	8.07608888888889	334.15000000000003
3009600.0	7.784327777777778	334.31
3013200.0	7.616001851851851	333.7866666666667
3016800.0	7.247077777777778	334.55
3020400.0	7.422324074074074	334.3183333333333
3024000.0	7.56204074074074	334.48999999999995
3027600.0	7.843738888888889	334.55
3031200.0	8.11068888888889	334.4266666666667
3034800.0	8.728931481481482	334.4666666666667
3038400.0	8.488755555555556	334.1499999999999
3042000.0	9.28030925925926	333.84999999999997
3045600.0	9.34419074074074	333.84999999999997
3049200.0	9.641683333333333	333.84999999999997
3052800.0	9.451711111111111	333.84999999999997
3056400.0	8.794972222222222	333.84999999999997
3060000.0	8.994577777777778	333.91666666666663
3063600.0	8.998905555555554	334.34999999999997
3067200.0	8.402559259259258	334.34999999999997
3070800.0	8.562311111111113	334.34999999999997
3074400.0	9.136564814814815	334.34999999999997
3078000.0	9.28368888888889	334.155
3081600.0	10.535768518518518	333.45
3085200.0	10.39272037037037	333.73333333333335
3088800.0	9.470748148148148	333.45
3092400.0	9.45254074074074	333.83
3096000.0	8.509864814814813	334.05
3099600.0	8.039187037037038	333.4583333333333
3103200.0	8.056038888888889	333.15333333333325
3106800.0	8.17754074074074	334.2033333333333
3110400.0	7.258477777777777	333.85999999999996
3114000.0	7.786431481481482	334.25
3117600.0	7.1218759259259246	334.25
3121200.0	6.933457407407407	334.25
3124800.0	7.294651851851853	333.8666666666667
3128400.0	8.689861111111112	333.75
3132000.0	9.459911111111111	333.75
3135600.0	8.428648148148149	333.9166666666667
3139200.0	7.653844444444444	334.25
3142800.0	6.998044444444445	333.8683333333334
3146400.0	7.686144444444444	333.75
3150000.0	7.652327777777778	333.15000000000003
3153600.0	8.309525925925925	333.15000000000003
3157200.0	8.541651851851851	333.15000000000003
3160800.0	10.297412962962962	333.47499999999997
3164400.0	11.63592962962963	333.65000000000003
3168000.0	12.257933333333332	333.7416666666666
3171600.0	10.178657407407407	334.15000000000003
3175200.0	9.258772222222222	334.15000000000003
3178800.0	9.238385185185185	333.7
3182400.0	8.652818518518517	333.65000000000003
3186000.0	8.131244444444444	332.4883333333333
3189600.0	9.2701	333.58
3193200.0	7.671540740740741	333.35
3196800.0	7.549344444444444	333.03
3200400.0	8.764816666666666	333.3433333333333
3204000.0	9.121525925925924	332.90166666666664
3207600.0	10.490533333333333	333.93666666666667
3211200.0	7.888762962962963	334.45
3214800.0	7.958768518518518	332.9733333333333
3218400.0	8.929014814814815	333.95
3222000.0	9.170392592592592	334.31666666666666
3225600.0	7.402805555555556	334.93333333333334
3229200.0	7.028609259259259	333.9316666666667
3232800.0	7.710907407407408	332.99
3236400.0	8.588579629629628	333.54833333333335
3240000.0	8.43000185185185	332.95166666666665
3243600.0	8.62264074074074	333.45
3247200.0	10.23953148148148	333.73999999999995
3250800.0	11.554942592592594	334.45
3254400.0	11.811574074074073	333.86999999999995
3258000.0	10.816392592592592	333.84999999999997
3261600.0	9.143938888888888	333.84999999999997
3265200.0	8.15195925925926	333.84999999999997
3268800.0	7.748327777777779	334.15000000000003
3272400.0	7.085387037037037	334.2849999999999
3276000.0	6.88597962962963	334.34999999999997
3279600.0	7.036300000000001	334.34999999999997
3283200.0	7.700244444444444	332.09666666666664
3286800.0	8.764868518518519	333.39166666666665
3290400.0	9.439005555555555	333.69999999999993
3294000.0	9.095194444444443	333.60999999999996
3297600.0	8.535738888888888	333.25
3301200.0	8.924337037037036	333.61999999999995
3304800.0	8.748446296296295	334.2666666666666
3308400.0	9.795527777777778	333.6483333333333
3312000.0	8.541599999999999	333.55
3315600.0	9.266251851851852	333.55
3319200.0	9.134987037037037	333.55
3322800.0	9.691031481481481	333.55
3326400.0	9.853074074074073	333.55
3330000.0	11.048207407407405	333.55
3333600.0	13.065811111111111	333.55
3337200.0	14.975783333333332	333.55
3340800.0	15.977807407407406	333.03999999999996
3344400.0	15.624559259259259	332.34999999999997
3348000.0	15.511833333333334	332.34999999999997
3351600.0	14.247087037037035	332.83333333333326
3355200.0	11.726118518518518	333.71999999999997
3358800.0	9.108049999999999	334.05
3362400.0	8.644924074074074	334.05
3366000.0	8.331677777777779	334.05
3369600.0	8.175646296296298	334.18333333333334
3373200.0	8.660351851851852	334.55
3376800.0	8.419909259259258	334.55
3380400.0	8.973122222222223	334.21666666666664
3384000.0	9.467327777777777	333.68333333333334
3387600.0	10.32997037037037	333.55
3391200.0	10.455983333333332	333.55
3394800.0	10.282862962962964	333.55
3398400.0	9.777988888888887	333.55
3402000.0	9.33457037037037	333.55
3405600.0	10.09989259259259	333.55
3409200.0	10.157942592592592	333.55
3412800.0	9.791574074074076	333.55
3416400.0	10.82863888888889	333.55
3420000.0	13.974987037037039	333.55
3423600.0	14.798162962962964	333.55
3427200.0	15.956988888888887	332.93833333333333
3430800.0	15.544725925925924	332.79
3434400.0	13.804081481481482	333.3333333333333
3438000.0	12.051674074074073	333.75
3441600.0	11.006468518518517	334.05
3445200.0	9.824314814814814	334.05
3448800.0	11.119701851851852	329.66333333333336
3452400.0	13.642124074074074	331.69
3456000.0	11.469157407407407	333.33666666666664
3459600.0	9.694899999999999	334.07666666666665
3463200.0	9.359050000000002	334.78333333333336
3466800.0	7.947775925925925	334.45
3470400.0	7.960577777777776	334.45
3474000.0	8.408044444444444	333.50500000000005
3477600.0	8.615622222222221	333.45
3481200.0	9.911716666666667	333.45
3484800.0	9.629085185185184	333.45
3488400.0	9.251944444444446	333.45
3492000.0	9.3838	333.45
3495600.0	9.845129629629628	333.45
3499200.0	10.559098148148147	333.45
3502800.0	11.639257407407406	333.95
3506400.0	13.118912962962964	333.47999999999996
3510000.0	13.940685185185187	333.67
3513600.0	14.108222222222224	333.95
3517200.0	12.572518518518516	333.95
3520800.0	11.431879629629629	333.95
3524400.0	10.639772222222222	333.95
3528000.0	9.36357962962963	333.95
3531600.0	8.534405555555553	333.99
3535200.0	7.734885185185185	334.55
3538800.0	7.977566666666665	332.4433333333333
3542400.0	9.51375925925926	333.58666666666664
3546000.0	9.203940740740741	333.62000000000006
3549600.0	9.27452962962963	333.65000000000003
3553200.0	10.770018518518517	333.65000000000003
3556800.0	10.630879629629629	333.65000000000003
3560400.0	11.386383333333335	333.65000000000003
3564000.0	11.088594444444444	333.65000000000003
3567600.0	10.929422222222222	333.65000000000003
3571200.0	10.979077777777777	333.65
