#1
double tab1(719,7)
# Date
# THA-MESURE DE TEMPERATURE DEPART COMPTEUR CHAUD - SSTA NEXI (°C)
# THA-MESURE DE TEMPERATURE RETOUR COMPTEUR CHAUD - SSTA NEXI (°C)
# SSNEXIECH4CTPDEP__MSEC
# SSNEXIECH4CTPRET__MSEC
# Eau Chaude - Débit SST NEXI (m3/h)
# m_sec_m3
0.0	332.65	326.04499999999996	329.41666666666663	326.34166666666664	18.429499999999997	39.72206383494995
3600.0	332.65	325.8283333333333	329.5933333333333	326.1116666666666	19.741166666666665	38.71491591985556
7200.0	333.13333333333327	325.84499999999997	329.75499999999994	326.1833333333333	20.234166666666667	41.351225966372496
10800.0	332.8916666666666	325.88833333333326	329.58833333333325	325.9633333333333	20.518166666666666	39.65681769596408
14400.0	332.65	325.68333333333334	329.79666666666657	325.9833333333333	22.270666666666667	40.73461873919079
18000.0	332.65	325.57	329.9933333333333	325.59833333333336	24.333333333333332	39.24872678629944
21600.0	332.65	325.58	329.82833333333326	325.4416666666666	23.844499999999996	38.53585881841736
25200.0	332.825	325.6499999999999	329.81499999999994	325.56833333333327	23.47283333333333	39.701435987506095
28800.0	332.74999999999994	325.54499999999996	329.9316666666666	325.47499999999997	24.512833333333333	39.70464079970392
32400.0	332.74999999999994	325.3683333333333	330.13999999999993	325.80666666666656	24.568999999999996	41.94498850630425
36000.0	332.74999999999994	325.53	329.885	325.5983333333333	22.90833333333333	38.64319581763292
39600.0	332.74999999999994	325.45166666666665	330.0133333333333	325.3633333333333	23.933500000000002	37.66489520243844
43200.0	332.74999999999994	325.4666666666666	330.03999999999996	325.6266666666666	23.441333333333333	38.801405520498534
46800.0	332.9833333333333	325.49333333333334	329.97166666666664	325.6716666666666	22.93383333333333	40.13346548923181
50400.0	332.74999999999994	325.5383333333333	329.865	325.54999999999995	22.030333333333335	36.84565840883333
54000.0	333.15833333333336	325.4866666666667	330.015	325.77166666666665	22.576166666666666	40.920498059205606
57600.0	333.25	325.56166666666667	330.0283333333333	325.61833333333334	23.201833333333333	40.56491261279956
61200.0	333.25	325.3183333333333	330.26833333333326	325.12499999999994	25.999666666666666	40.281771981508115
64800.0	332.65	325.405	330.0516666666666	325.24	26.0365	39.30460946234568
68400.0	332.65	325.67833333333334	329.9666666666666	325.66166666666663	23.854833333333332	38.67373000280366
72000.0	333.12499999999994	325.42333333333335	330.02666666666664	325.31166666666667	23.992833333333337	39.2653112608386
75600.0	333.1499999999999	325.5633333333333	329.9383333333333	325.44999999999993	23.5325	39.85012437597794
79200.0	333.1499999999999	325.6566666666666	329.77666666666664	325.5299999999999	22.657500000000002	40.16693235282446
82800.0	333.1499999999999	325.88999999999993	329.6883333333333	326.04833333333323	20.081	40.17588860282679
86400.0	333.07499999999993	325.87	329.67666666666656	326.0199999999999	20.601499999999998	40.68083014204688
90000.0	332.65	325.8283333333333	329.64666666666665	325.9766666666667	21.22866666666667	39.525856333604175
93600.0	332.65	325.73333333333335	329.71999999999997	326.03999999999996	22.063	41.54681856924816
97200.0	332.65	325.75	329.7466666666666	325.965	22.458499999999997	41.0072018436076
100800.0	332.9333333333333	325.75	329.7833333333333	325.9466666666666	21.026833333333332	39.36842351025882
104400.0	333.1499999999999	325.3833333333333	329.97499999999997	325.28499999999997	24.507166666666663	40.56552180215778
108000.0	333.1499999999999	325.50166666666667	330.0783333333333	325.1183333333333	25.4835	39.41600623868931
111600.0	333.1499999999999	325.39666666666665	330.15333333333325	325.20833333333326	26.320833333333333	41.38704199301699
115200.0	333.1499999999999	325.51	330.03	325.39666666666665	24.080666666666662	39.82685493053104
118800.0	333.1499999999999	325.51333333333326	329.99	325.4266666666667	24.13883333333333	40.41979778404054
122400.0	333.1499999999999	325.6133333333333	329.97666666666663	325.6483333333333	23.130333333333333	40.31181121593116
126000.0	333.1499999999999	325.78	329.79166666666663	325.585	22.434166666666666	39.54602159114658
129600.0	333.1499999999999	325.55	329.82333333333327	325.64666666666665	22.954666666666668	41.90275067145392
133200.0	333.1499999999999	325.7783333333333	329.86499999999995	325.7733333333333	22.130333333333333	40.12008345455585
136800.0	333.1499999999999	325.50666666666666	329.90999999999997	325.58	22.373333333333335	39.50844847859726
140400.0	333.1499999999999	325.68	329.855	325.87833333333333	21.797166666666666	40.971535362800395
144000.0	333.1499999999999	325.53999999999996	329.975	325.5883333333333	23.270166666666665	40.42956644932423
147600.0	333.1499999999999	325.6233333333333	330.01333333333326	325.4733333333333	24.706666666666667	41.67601864060113
151200.0	332.71000000000004	325.53	329.7383333333333	325.235	24.152499999999996	38.548098702360576
154800.0	332.84999999999997	325.7699999999999	329.7533333333333	325.84833333333324	21.3985	38.824523115015026
158400.0	333.05	325.80499999999995	329.7766666666666	325.70666666666665	22.0395	39.62279951886332
162000.0	333.05	325.8566666666666	329.5783333333333	326.17999999999995	20.222166666666666	42.880027659461874
165600.0	333.05	325.6816666666666	329.7133333333333	326.31833333333327	20.2935	44.3010016210044
169200.0	333.05	326.1433333333333	329.3633333333333	326.2199999999999	17.0625	37.867283213074415
172800.0	333.05	326.23333333333335	329.17999999999995	326.45	16.003833333333333	40.08546960547867
176400.0	333.05	326.15	329.35499999999996	326.5466666666666	16.203999999999997	39.963833472624074
180000.0	333.05	326.1183333333333	329.34333333333325	326.4883333333333	16.4085	40.00104513023736
183600.0	333.05	326.05000000000007	329.46833333333325	326.5199999999999	16.646166666666666	39.616981047484956
187200.0	333.05	326.05000000000007	329.42	326.31333333333333	17.346	39.09716725206905
190800.0	333.02500000000003	325.68999999999994	329.8299999999999	325.7699999999999	21.719166666666666	39.4131207079636
194400.0	332.9083333333333	325.60166666666663	329.87333333333333	325.87833333333333	22.00033333333333	40.28050515995377
198000.0	333.05	325.68999999999994	330.0233333333333	325.49833333333333	23.70633333333333	38.617954489912634
201600.0	333.05	325.4333333333333	329.99499999999995	325.3433333333333	23.445666666666664	38.44517315084926
205200.0	332.93333333333334	325.485	329.90999999999997	325.6966666666666	22.503166666666665	39.89250412182045
208800.0	332.8833333333333	325.8	329.82333333333327	325.55833333333334	21.91333333333333	36.55538361408244
212400.0	333.05	325.47666666666663	329.9733333333333	325.56999999999994	22.0385	37.95779091698826
216000.0	333.05	325.82	329.8066666666666	326.015	19.90616666666667	38.150931982990464
219600.0	333.05	325.9733333333333	329.4783333333333	325.99666666666667	18.411333333333335	37.46333452073493
223200.0	333.05	325.85	329.72	326.1783333333333	19.393666666666665	39.65105039075984
226800.0	333.05	326.10499999999996	329.5516666666666	326.1566666666666	18.759666666666668	38.49909519736513
230400.0	332.625	325.79999999999995	329.6633333333333	325.55	22.530333333333328	37.425412327386084
234000.0	332.55	325.56833333333327	329.9933333333333	325.41999999999996	25.557333333333332	39.31619801870876
237600.0	332.66666666666663	325.35333333333324	330.19833333333327	325.26166666666666	25.466666666666665	37.78574690171856
241200.0	333.05	325.5466666666667	329.9533333333333	325.7616666666666	22.435499999999998	40.25633936345862
244800.0	333.05	325.60499999999996	329.9216666666666	325.34833333333336	23.653	38.60634063735412
248400.0	333.05	325.71999999999997	329.9066666666666	325.8483333333333	22.87933333333333	41.4386503511286
252000.0	333.05	325.8066666666666	329.68	325.97499999999997	20.232999999999997	39.661838111827464
255600.0	333.05	326.15999999999997	329.4283333333332	326.3283333333333	16.993499999999997	37.87360443018162
259200.0	333.05	326.09166666666664	329.3183333333333	326.3266666666666	16.392	38.15718386534605
262800.0	333.05	326.2083333333333	329.29166666666663	326.35	16.297833333333333	37.998685761337086
266400.0	333.05	326.0233333333333	329.5383333333333	326.19833333333327	18.61883333333333	39.17499112332192
270000.0	332.81666666666666	325.9283333333333	329.5466666666666	326.43333333333334	18.9625	41.997148883381115
273600.0	332.55	325.95	329.57166666666666	326.2966666666666	18.685333333333332	37.68593552063251
277200.0	333.04166666666663	325.7699999999999	329.7416666666666	325.7183333333333	21.433333333333334	38.77678447224791
280800.0	333.05	325.6383333333333	329.7733333333333	325.6133333333333	22.24216666666667	39.70128241885158
284400.0	333.05	325.5866666666666	329.83666666666664	325.66999999999996	23.001	41.23932876469775
288000.0	333.05	325.38333333333327	330.01	325.4366666666666	25.16	42.209219970565606
291600.0	333.05	325.38999999999993	330.03833333333324	325.4933333333333	24.310833333333335	41.10783665023948
295200.0	333.05	325.2466666666666	330.0133333333333	325.47999999999996	23.548333333333332	40.71395834351849
298800.0	333.05	325.7133333333333	329.81999999999994	325.7483333333333	21.270833333333336	38.484858555261084
302400.0	333.05	325.20333333333326	330.23	325.5866666666666	23.756666666666668	40.38086563505405
306000.0	333.05	325.6566666666666	329.7583333333333	325.8833333333333	21.348666666666666	40.76431143088743
309600.0	333.05	325.66499999999996	329.78333333333325	325.62499999999994	22.551333333333332	40.067243597526826
313200.0	333.05	325.4966666666666	329.8416666666666	325.47166666666664	23.02883333333333	40.18944262411289
316800.0	333.05	325.6433333333333	329.8066666666667	325.6066666666667	22.5785	39.92041871198819
320400.0	333.05	325.24	330.16166666666663	325.3066666666666	25.278333333333332	40.68257215637987
324000.0	332.73333333333335	325.3216666666666	330.1083333333333	325.26	26.098999999999997	39.96290900560032
327600.0	332.585	325.69333333333327	329.9	325.65166666666664	23.171	37.85206489592332
331200.0	332.99999999999994	325.53666666666663	330.05499999999995	325.9133333333333	22.755	41.0956467111243
334800.0	332.74999999999994	325.5849999999999	329.8633333333333	325.79499999999996	23.0385	40.64727818375064
338400.0	332.74999999999994	325.74499999999995	329.7883333333333	326.06499999999994	20.848666666666663	39.24569816297768
342000.0	332.74999999999994	325.89166666666665	329.6233333333333	326.0733333333333	20.131666666666668	38.895026088923274
345600.0	332.74999999999994	325.95	329.5533333333333	326.3083333333333	19.296	40.53697564517366
349200.0	332.74999999999994	325.8883333333333	329.6266666666666	325.9916666666666	20.616500000000002	38.934244271198985
352800.0	332.74999999999994	325.885	329.57499999999993	325.8116666666666	21.201666666666664	38.72265982910911
356400.0	332.74999999999994	325.90500000000003	329.59499999999997	325.9183333333333	21.165666666666663	39.430522137845465
360000.0	332.74999999999994	325.6883333333333	329.85166666666663	326.0666666666666	22.5185	42.0417455997435
363600.0	332.74999999999994	325.39166666666665	330.02	325.44833333333327	25.030166666666666	40.33144827903731
367200.0	332.74999999999994	325.5033333333333	329.9683333333333	325.5483333333333	24.638666666666666	40.47229896097794
370800.0	332.74999999999994	325.505	330.00666666666666	325.41499999999996	24.731333333333332	39.02690045908964
374400.0	332.74999999999994	325.35	329.95	325.35	24.91	40.072608695652214
378000.0	332.74999999999994	325.35	329.95	325.35	24.91	40.072608695652214
381600.0	332.74999999999994	325.34666666666664	330.0433333333333	325.17999999999995	25.253166666666665	38.54073072230741
385200.0	332.9283333333333	325.3366666666666	330.2766666666666	325.41166666666663	26.247666666666667	41.18650377366076
388800.0	332.85	325.65999999999997	330.02166666666665	325.36999999999995	24.029999999999998	37.21283534128366
392400.0	332.85	325.7933333333333	329.77166666666665	325.7699999999999	20.904833333333332	37.00788614399717
396000.0	332.93	325.8333333333333	329.7583333333333	325.7533333333333	20.87	36.99409504861749
399600.0	333.65	325.50999999999993	329.9183333333333	325.95	19.4855	40.12644816136924
403200.0	332.1116666666666	325.5666666666666	329.51666666666665	325.21166666666664	25.064833333333333	36.52012658747182
406800.0	332.8	325.01666666666665	330.3566666666666	324.8299999999999	28.7045	40.53310002323848
410400.0	332.95	325.1733333333333	330.3733333333333	324.8933333333333	27.27316666666666	38.72186227063687
414000.0	332.95	325.31499999999994	330.3033333333333	325.4316666666667	24.62933333333333	38.62883495742815
417600.0	332.95	325.15166666666664	330.13499999999993	325.34499999999997	23.929499999999997	39.00811441131016
421200.0	332.95	325.7016666666666	329.7616666666666	325.88666666666666	21.554333333333332	40.42049978351084
424800.0	332.95	325.8033333333333	329.5533333333333	326.12333333333333	20.3505	42.55001576473499
428400.0	332.95	325.9816666666667	329.5266666666667	326.24833333333333	19.479499999999998	41.54335501246665
432000.0	332.95	326.0033333333334	329.4833333333333	326.32499999999993	18.2705	40.30527837132282
435600.0	332.95	325.94333333333327	329.5133333333333	326.28	18.743	40.68083046967098
439200.0	332.95	325.95	329.585	326.1316666666666	19.271333333333335	39.103330419419294
442800.0	332.84166666666664	325.95	329.5533333333333	326.0833333333333	20.092666666666666	40.12863069563418
446400.0	332.95	325.95	329.5433333333333	326.0233333333333	19.700999999999997	39.33180155339567
450000.0	332.95	325.3133333333333	330.05	325.3616666666666	25.706666666666663	41.94177922346161
453600.0	332.95	325.19333333333327	330.37333333333333	324.945	29.305833333333332	41.89488461379086
457200.0	332.95	325.26666666666665	330.3716666666666	324.85999999999996	27.999499999999998	39.12632996529749
460800.0	332.95	325.2783333333333	330.0983333333333	325.28333333333325	25.321666666666665	40.44876991481385
464400.0	332.95	325.37333333333333	330.27666666666664	325.5199999999999	25.252333333333336	40.17311251045836
468000.0	332.95	325.5183333333333	329.7866666666666	325.3583333333333	21.929499999999997	36.80737897148878
471600.0	332.95	325.05	329.74999999999994	325.24999999999994	22.459999999999997	39.4297777777777
475200.0	332.95	325.05	329.74999999999994	325.24999999999994	22.459999999999997	39.4297777777777
478800.0	332.95	325.26666666666665	329.65	325.4183333333333	21.94683333333333	39.96941075084021
482400.0	332.95	325.85	329.65	326.0566666666667	20.238666666666667	40.105495336366225
486000.0	332.95	325.9566666666667	330.23499999999996	326.1633333333333	23.443166666666663	40.21828290417105
489600.0	332.95	326.05000000000007	330.45	326.34999999999997	24.189999999999998	40.709999999999965
493200.0	332.95	326.05000000000007	330.45	326.34999999999997	24.189999999999998	40.709999999999965
496800.0	332.64166666666665	325.73833333333334	330.18499999999995	325.465	25.4025	37.60166889687366
500400.0	332.44999999999993	325.84999999999997	329.54999999999995	324.5499999999999	24.619999999999997	32.498399999999975
504000.0	332.90833333333336	325.355	330.0516666666666	325.43	24.800166666666666	40.55919613268321
507600.0	332.95	325.59666666666664	329.88833333333326	325.6883333333333	22.684833333333334	39.85225754527028
511200.0	332.95	325.8016666666666	329.5716666666666	325.99666666666667	19.868666666666666	39.89403146947403
514800.0	332.95	326.0833333333333	329.4566666666666	326.4033333333333	17.499166666666667	39.627703905025946
518400.0	332.95	326.15	329.3666666666666	326.565	16.580666666666666	40.30999152416554
522000.0	332.95	326.065	329.3566666666666	326.23999999999995	17.603833333333334	39.020356816905526
525600.0	332.95	326.06499999999994	329.4649999999999	326.335	18.50033333333333	40.76734246827524
529200.0	332.44999999999993	326.15	329.3266666666666	326.27666666666664	18.554166666666667	38.34859939761965
532800.0	332.4916666666666	326.01166666666666	329.4483333333333	326.1533333333333	19.76283333333333	38.877991396271646
536400.0	332.95	325.515	329.91166666666663	325.49	23.56433333333333	39.72484933490372
540000.0	332.95	325.20333333333326	330.21	324.91166666666663	26.018666666666665	38.19812206038176
543600.0	332.95	325.21	330.33166666666665	325.00666666666666	27.8925	40.57598302558063
547200.0	332.95	325.5433333333333	330.03499999999997	325.47333333333324	25.359833333333327	41.270321336483455
550800.0	332.95	325.45	330.0566666666666	325.3666666666666	26.208499999999997	41.97321214276074
554400.0	332.8333333333333	325.775	329.80499999999995	325.59333333333325	23.227666666666664	38.97410460725581
558000.0	332.95	325.655	329.8516666666667	325.73333333333323	21.757833333333334	38.613899388085244
561600.0	332.95	325.81999999999994	329.7033333333333	325.66499999999996	21.028333333333332	37.147786787987656
565200.0	332.95	325.8	329.6416666666666	325.9366666666666	20.336	39.362083721158946
568800.0	332.95	325.7933333333333	329.6716666666666	326.02166666666665	20.257166666666667	39.84242670754449
572400.0	332.95	325.8016666666666	329.8166666666666	325.9683333333333	21.9195	40.87954781563226
576000.0	332.95	325.75	329.85	326.25	21.45	42.899999999999956
579600.0	332.95	325.75	329.85	326.25	21.45	42.899999999999956
583200.0	332.95	325.76166666666666	329.8733333333333	326.12166666666667	21.83733333333333	41.91802426412089
586800.0	332.95	325.63333333333327	329.9316666666666	325.74833333333333	22.53966666666667	39.66581376026495
590400.0	332.95	325.405	330.09999999999997	325.04499999999996	25.509666666666664	38.23819082780029
594000.0	332.95	325.55999999999995	329.89666666666665	325.7883333333333	22.905	41.33679158012837
597600.0	332.95	325.8333333333333	329.8233333333333	325.9549999999999	21.543833333333332	39.7055883706724
601200.0	332.95	325.9566666666667	329.60999999999996	326.03999999999996	19.753666666666668	38.825343680034564
604800.0	332.95	326.05	329.47166666666664	326.1816666666666	19.5505	41.30944779067152
608400.0	332.82499999999993	325.8933333333333	329.61499999999995	326.0033333333333	20.52466666666667	39.42637833448057
612000.0	332.44999999999993	325.75	329.78	326.1833333333333	21.105833333333333	39.367292268418055
615600.0	332.85	325.975	329.50999999999993	326.0666666666666	20.535333333333334	41.052398777445
619200.0	332.95	325.81666666666666	329.64833333333326	326.01499999999993	20.810666666666666	40.86859209674286
622800.0	332.95	325.5233333333333	329.8933333333333	325.1433333333333	25.032999999999998	39.12186340600792
626400.0	332.95	325.3233333333333	330.2699999999999	325.08833333333337	27.682499999999994	40.840146050654766
630000.0	332.95	325.31999999999994	330.275	325.00166666666667	27.9425	40.431281741631956
633600.0	332.95	325.49833333333333	330.18333333333334	324.97166666666664	27.641499999999997	39.833646285872845
637200.0	332.95	325.5916666666666	329.8616666666666	325.98333333333335	23.3035	44.80714966399101
640800.0	332.95	325.6499999999999	329.74999999999994	326.25	22.89	47.741999999999976
644400.0	332.95	325.6499999999999	329.74999999999994	326.25	22.89	47.741999999999976
648000.0	332.95	325.775	329.72499999999997	326.225	22.062499999999996	45.29708333333332
651600.0	332.95	325.5533333333333	329.76333333333326	325.8033333333333	21.212	39.78451405216655
655200.0	332.95	325.4966666666666	329.6766666666667	325.9133333333333	20.287666666666667	40.13619392411647
658800.0	332.575	325.9783333333333	329.4983333333333	325.99499999999995	20.3585	38.49722149976401
662400.0	333.05	325.6983333333333	329.78166666666664	325.7316666666666	21.243333333333332	38.6034927350056
666000.0	333.05	325.45	329.74999999999994	325.95	21.31	42.62000000000004
669600.0	333.05	325.45	329.74999999999994	325.95	21.31	42.62000000000004
673200.0	333.04833333333335	325.45166666666665	329.7466666666666	325.9483333333333	21.3075	42.615000000000045
676800.0	332.95	325.3866666666666	329.97499999999997	325.4583333333333	24.487166666666663	41.0372594967282
680400.0	332.95	325.4	330.1333333333333	325.0933333333333	26.325999999999997	39.51024843964237
684000.0	332.95	325.87833333333333	329.65666666666664	325.98999999999995	21.458666666666662	41.50505934122674
687600.0	332.95	325.75	329.54999999999995	326.0499999999999	19.719999999999995	40.56685714285711
691200.0	332.95	325.75	329.54999999999995	326.0499999999999	19.719999999999995	40.56685714285711
694800.0	332.95	325.75	329.5399999999999	326.06499999999994	19.74233333333333	40.97432029566374
698400.0	332.94	325.8233333333333	329.62999999999994	326.13999999999993	20.374333333333336	41.573419721169635
702000.0	332.58333333333337	325.98833333333334	329.55999999999995	326.12666666666667	19.937833333333334	38.40899229429202
705600.0	332.85	325.75	329.7283333333333	326.0	21.184499999999996	40.38796023741564
709200.0	332.85	325.46000000000004	330.0816666666666	325.4383333333333	25.276499999999995	40.22904107837665
712800.0	332.85	324.82166666666666	330.3383333333333	324.27166666666665	30.782166666666665	40.92838515960737
716400.0	332.85	325.2783333333333	330.29833333333323	324.6716666666666	28.705333333333332	38.815179043523074
720000.0	332.85	324.65	330.25	324.04999999999995	29.800000000000004	39.41290322580645
723600.0	332.85	324.65	330.25	324.04999999999995	29.800000000000004	39.41290322580645
727200.0	332.81333333333333	324.8866666666666	330.16666666666663	324.43833333333333	28.139833333333335	39.18051499622847
730800.0	333.13333333333327	326.03666666666663	329.47166666666664	325.9916666666667	19.695833333333333	40.172701880763626
734400.0	333.1499999999999	326.65	329.15	326.15	16.99	36.81166666666667
738000.0	333.1499999999999	326.65	329.15	326.15	16.99	36.81166666666667
741600.0	333.1499999999999	326.26	329.34666666666664	326.09833333333324	18.107	38.57118635538359
745200.0	333.0666666666666	325.97499999999997	329.5233333333333	326.15666666666664	19.660666666666664	41.513540311100066
748800.0	332.65	325.94	329.6483333333333	325.80833333333334	20.616833333333332	36.163378650542484
752400.0	332.65	325.75499999999994	329.875	325.825	21.534999999999997	36.76210606060608
756000.0	332.65	325.6499999999999	329.95	325.75	21.880000000000003	36.466666666666704
759600.0	332.65	325.6499999999999	329.95	325.75	21.880000000000003	36.466666666666704
763200.0	332.9016666666666	325.4316666666667	330.03166666666664	325.6816666666667	23.466833333333334	40.4166422424593
766800.0	332.74999999999994	325.4749999999999	329.75666666666666	325.41666666666663	22.684	38.258921145179976
770400.0	332.74999999999994	325.70166666666665	329.84999999999997	326.01499999999993	21.894	40.340798304604675
774000.0	332.74999999999994	326.10833333333335	329.42499999999995	326.27666666666664	17.659666666666663	37.548808803223984
777600.0	332.74999999999994	326.21500000000003	329.30333333333334	326.5216666666666	16.410999999999998	38.686887545885355
781200.0	332.74999999999994	326.16666666666663	329.34166666666664	326.4983333333333	16.527666666666665	38.29516017180718
784800.0	332.74999999999994	326.05000000000007	329.46	326.4233333333333	17.218666666666667	38.06542207698991
788400.0	332.74999999999994	326.05000000000007	329.41666666666663	326.40166666666664	17.475499999999997	38.904027238578216
792000.0	332.74999999999994	326.05000000000007	329.4816666666667	326.17499999999995	17.941833333333335	36.46473898210925
795600.0	332.74999999999994	325.49499999999995	329.89	325.46666666666664	23.35733333333333	38.432506087639176
799200.0	332.74999999999994	325.31333333333333	330.145	325.0349999999999	25.813499999999998	37.65007886034782
802800.0	332.74999999999994	324.9433333333333	330.42999999999995	324.7483333333333	28.297833333333333	39.07645804974088
806400.0	332.74999999999994	325.68499999999995	329.97499999999997	325.52166666666665	23.315499999999997	36.98607577246479
810000.0	332.74999999999994	325.5283333333333	329.76166666666666	325.4316666666667	23.189999999999998	38.71326824699594
813600.0	332.74999999999994	325.72166666666664	329.87999999999994	325.6216666666666	23.676166666666667	39.13996215790894
817200.0	332.74999999999994	325.69666666666666	329.90999999999997	325.7399999999999	23.5015	39.85097689292865
820800.0	332.74999999999994	325.4683333333333	329.99	325.57499999999993	24.214666666666663	39.916986324785974
824400.0	332.74999999999994	325.7483333333333	329.76499999999993	325.7233333333333	22.287499999999998	38.66836051410327
828000.0	332.74999999999994	325.85333333333335	329.78666666666663	325.8533333333333	21.504833333333334	37.839974929578204
831600.0	332.74999999999994	325.705	329.66166666666663	325.7283333333333	21.4225	38.59452872473677
835200.0	332.74999999999994	325.5466666666666	329.92999999999995	325.4733333333333	23.275166666666664	37.75745779323889
838800.0	333.09166666666664	325.3833333333333	330.02666666666664	325.24833333333333	23.907666666666664	38.647146495754875
842400.0	332.74999999999994	325.4183333333333	330.0183333333333	325.37999999999994	25.795833333333334	40.80117945023327
846000.0	332.74999999999994	325.6966666666666	329.7466666666666	325.4833333333333	22.563166666666667	37.45377878635283
849600.0	332.74999999999994	325.405	330.20333333333326	325.27666666666664	25.547166666666666	38.2569418657262
853200.0	332.74999999999994	325.57333333333327	329.945	325.83833333333325	22.1935	38.93129952144695
856800.0	332.74999999999994	325.95	329.50666666666666	325.6266666666666	19.994499999999995	35.05344736842108
860400.0	332.74999999999994	325.95	329.44999999999993	325.6499999999999	19.719999999999995	35.28842105263162
864000.0	332.74999999999994	325.95	329.44999999999993	325.6499999999999	19.719999999999995	35.28842105263162
867600.0	332.74999999999994	325.87166666666667	329.63166666666666	325.985	20.052166666666665	37.93311485914803
871200.0	332.74999999999994	325.84999999999997	329.69499999999994	325.99833333333333	20.889666666666663	39.068434107262
874800.0	332.74999999999994	325.79999999999995	329.645	325.87166666666667	20.974666666666664	38.7079239916082
878400.0	332.74999999999994	325.9233333333333	329.60833333333323	325.9133333333333	21.4525	39.66610789400204
882000.0	332.74999999999994	325.56666666666666	329.94666666666666	325.43999999999994	24.89183333333333	39.72273445147583
885600.0	332.74999999999994	325.40666666666664	330.05833333333334	325.26333333333326	26.5475	40.665801236521126
889200.0	332.74999999999994	325.3116666666666	330.1283333333333	325.04166666666663	26.261499999999998	38.437079186864096
892800.0	332.74999999999994	324.99833333333333	330.31166666666667	325.13166666666666	27.065833333333334	40.57105654123627
896400.0	332.74999999999994	325.2633333333333	330.22166666666664	324.8933333333333	27.473999999999997	38.69741747133164
900000.0	332.74999999999994	325.3516666666666	330.17999999999995	325.16166666666663	26.42383333333333	38.91797603247613
903600.0	332.74999999999994	325.3383333333333	330.07499999999993	325.4733333333333	24.099833333333333	39.08897003478314
907200.0	332.74999999999994	325.56999999999994	329.9266666666666	325.62833333333333	23.5165	39.45975174976614
910800.0	332.74999999999994	325.4416666666666	329.9633333333333	325.32	24.22283333333333	38.14705368767006
914400.0	333.2	325.4	330.1083333333333	325.6166666666667	23.559499999999996	40.94161232139143
918000.0	333.25	325.78499999999997	329.8666666666666	326.11333333333334	20.952333333333332	41.752990799646824
921600.0	333.25	325.6133333333333	329.89166666666665	325.63666666666666	21.76333333333333	39.10375225741161
925200.0	333.25	325.63166666666666	329.99666666666667	325.51	23.4425	39.86135300483262
928800.0	332.75833333333327	325.55333333333334	330.09	325.13499999999993	25.909999999999997	37.86794163273609
932400.0	332.74999999999994	325.6866666666666	329.89	325.7666666666666	22.488666666666667	38.754764616924945
936000.0	332.74999999999994	325.51333333333326	330.05999999999995	325.53166666666664	24.154833333333336	38.81822489108875
939600.0	332.74999999999994	325.6633333333333	329.8366666666666	325.68666666666667	22.475166666666667	38.511554444965974
943200.0	332.74999999999994	325.785	329.79499999999996	325.80499999999995	21.78433333333333	38.07266573172879
946800.0	332.74999999999994	325.705	329.7749999999999	326.08833333333325	21.076499999999996	40.342711781362254
950400.0	332.74999999999994	325.84999999999997	329.59999999999997	325.9733333333333	19.9715	38.161415955644884
954000.0	332.74999999999994	325.71333333333325	329.76	325.9416666666666	20.890666666666668	38.5495514690976
957600.0	332.74999999999994	325.84000000000003	329.68999999999994	325.95166666666665	20.474666666666664	37.90364267960378
961200.0	332.74999999999994	325.97166666666664	329.51166666666666	325.895	20.38283333333333	38.211637889886845
964800.0	332.74999999999994	325.95	329.54833333333335	325.9266666666666	20.252333333333333	38.11752491370345
968400.0	332.74999999999994	325.6283333333333	329.8483333333333	325.39666666666665	24.191499999999998	38.713098481705785
972000.0	332.74999999999994	325.53499999999997	329.91666666666663	325.46666666666664	24.505666666666663	39.787289433176845
975600.0	332.74999999999994	325.40833333333325	330.0633333333333	325.23999999999995	25.136666666666663	38.59553870821985
979200.0	332.74999999999994	325.40999999999997	330.09166666666664	325.2033333333333	25.882666666666665	38.964896809314624
982800.0	332.74999999999994	325.52333333333326	330.36499999999995	325.2149999999999	27.897	39.18566628291586
986400.0	332.74999999999994	325.40166666666664	330.15	325.39666666666665	24.967000000000002	38.59287497236756
990000.0	332.74999999999994	325.34	330.0116666666666	324.9783333333333	24.972333333333335	36.87600694607508
993600.0	332.74999999999994	325.48999999999995	329.86333333333323	325.5133333333333	22.392833333333336	37.64071902011382
997200.0	332.74999999999994	325.53	330.0233333333333	325.36833333333334	23.202	36.328672141078435
1000800.0	332.74999999999994	325.6483333333333	329.77833333333325	325.6683333333333	22.537499999999998	39.15366528345676
1004400.0	332.85833333333335	325.4183333333333	329.98833333333334	325.6033333333333	23.502166666666664	39.90254149287673
1008000.0	333.25	325.42999999999995	329.96666666666664	325.7133333333333	22.147	40.83387774442121
1011600.0	333.25	325.1716666666667	330.35833333333335	325.05999999999995	26.23183333333333	40.02462310322424
1015200.0	332.8666666666666	324.92999999999995	330.395	324.6833333333333	28.427999999999997	39.69587144024278
1018800.0	332.74999999999994	325.37499999999994	330.21333333333325	324.965	26.42766666666666	37.42420197244282
1022400.0	332.74999999999994	325.3299999999999	330.2066666666666	325.0799999999999	25.849999999999998	37.54031815322058
1026000.0	332.74999999999994	325.46	329.96	325.28999999999996	24.087	37.860415814451315
1029600.0	332.74999999999994	325.82833333333326	329.77333333333326	325.8983333333333	22.3725	40.156657281736656
1033200.0	332.74999999999994	325.85499999999996	329.6633333333333	326.08833333333325	20.706833333333332	40.20746913107983
1036800.0	332.74999999999994	326.10499999999996	329.43999999999994	326.1683333333333	18.743666666666666	38.08818516285426
1040400.0	332.74999999999994	325.84999999999997	329.63166666666666	326.0583333333333	20.918	40.40740392193219
1044000.0	332.74999999999994	325.83333333333326	329.67	325.8633333333333	21.738666666666667	39.508401602715466
1047600.0	332.74999999999994	325.7366666666666	329.7216666666667	325.9533333333333	21.523666666666664	40.05811999203735
1051200.0	332.74999999999994	325.6499999999999	329.8316666666666	326.0199999999999	22.713166666666666	42.321778577575515
1054800.0	332.74999999999994	325.3633333333333	330.12	325.3316666666666	26.269666666666666	40.632789146682136
1058400.0	332.74999999999994	325.02833333333325	330.3566666666666	324.6816666666666	30.005999999999997	40.843163775302614
1062000.0	332.16999999999996	323.99333333333334	330.34999999999997	324.0666666666666	34.062666666666665	44.32659894179892
1065600.0	332.15	323.95	330.34999999999997	324.04999999999995	34.12	44.41015873015871
1069200.0	332.15	323.95	330.34999999999997	324.04999999999995	34.12	44.41015873015871
1072800.0	332.3666666666666	325.0616666666666	330.0933333333333	324.965	27.826666666666664	39.70542421736101
1076400.0	332.65	325.6383333333333	329.94499999999994	326.03166666666664	22.558333333333334	40.43329213985075
1080000.0	333.555	325.84999999999997	329.65833333333336	325.95666666666665	18.30233333333333	38.05545581979722
1083600.0	333.75	326.03166666666664	329.535	326.03833333333324	17.014833333333332	37.64297290194156
1087200.0	333.75	326.04499999999996	329.3633333333333	325.9616666666666	16.002000000000002	36.36043953361831
1090800.0	333.75	325.775	329.68499999999995	325.9233333333333	17.701	37.61936966172168
1094400.0	333.75	325.89166666666665	329.5183333333333	325.505	18.752166666666664	36.87254743559349
1098000.0	333.75	326.15	329.25	325.45	19.0	37.99999999999997
1101600.0	333.75	326.15	329.25	325.45	19.0	37.99999999999997
1105200.0	333.69166666666666	325.755	329.6716666666666	325.7433333333333	19.421666666666667	39.249401108959034
1108800.0	333.775	325.3116666666666	330.21999999999997	325.32	22.300499999999996	38.78200805229404
1112400.0	333.79999999999995	325.54499999999996	329.91666666666663	325.60999999999996	20.154833333333332	38.77033642778916
1116000.0	333.65	325.85999999999996	329.7466666666666	326.21166666666664	17.763333333333335	39.35406162945745
1119600.0	333.65	325.995	329.47166666666664	326.1766666666666	16.543499999999998	38.53749241098622
1123200.0	333.65	326.0283333333333	329.2883333333333	326.36999999999995	15.126333333333331	39.64011295397698
1126800.0	333.65	326.25	329.22666666666663	326.3216666666666	15.098499999999998	38.57025494643294
1130400.0	333.65	326.14	329.3716666666666	326.3033333333333	15.673666666666666	38.41359662623265
1134000.0	333.65	326.21	329.2433333333333	326.2583333333333	15.326833333333331	38.22352682265968
1137600.0	333.65	326.0983333333333	329.35499999999996	326.15833333333325	16.119833333333332	38.18424941258016
1141200.0	333.65	325.54999999999995	329.86999999999995	325.6766666666666	20.226166666666668	39.15360953785446
1144800.0	333.65	325.35833333333335	330.15166666666664	325.3883333333333	22.658666666666665	39.491141007541415
1148400.0	333.65	325.15333333333325	330.21999999999997	325.195	23.984166666666667	40.5576231884571
1152000.0	333.65	325.3933333333333	330.1133333333333	325.46333333333325	22.414833333333334	39.84615705596234
1155600.0	333.65	325.48833333333334	330.04499999999996	325.9483333333333	20.780166666666663	41.52486933254086
1159200.0	333.65	325.7316666666666	329.74	326.0799999999999	18.555999999999997	40.29028357043182
1162800.0	333.67499999999995	325.9133333333333	329.59999999999997	326.175	16.737833333333334	38.136659153463306
1166400.0	333.9	325.76	329.6083333333333	326.13166666666666	16.843333333333334	39.56761675088189
1170000.0	333.6766666666666	325.9216666666666	329.645	326.43333333333334	15.852166666666665	38.34439561782908
1173600.0	333.51	326.05499999999995	329.4783333333333	326.1883333333333	16.52683333333333	37.31711054908725
1177200.0	333.60833333333335	325.9699999999999	329.4733333333333	326.20166666666665	16.570999999999998	38.76948885151306
1180800.0	333.94999999999993	325.70333333333326	329.85	325.97666666666663	18.507666666666665	39.475675916564285
1184400.0	333.94999999999993	325.6683333333333	329.70166666666665	325.56499999999994	17.97533333333333	36.1556724285714
1188000.0	334.18333333333334	325.3133333333333	330.33166666666665	325.3116666666666	21.628666666666664	38.32399956902833
1191600.0	334.38	325.65	329.92999999999995	326.03666666666663	18.64833333333333	41.828263802808166
1195200.0	334.2416666666667	325.57499999999993	329.7316666666666	325.53166666666664	18.52133333333333	38.351637456689375
1198800.0	333.82	325.84999999999997	329.6133333333333	326.11499999999995	17.584833333333332	40.084398032170704
1202400.0	333.75	325.9083333333333	329.6416666666666	326.1316666666666	16.468333333333334	36.929927661819
1206000.0	333.75	326.3116666666666	329.34666666666664	326.45333333333326	14.16783333333333	36.46174748025033
1209600.0	334.3283333333333	326.30499999999995	329.2733333333333	326.59999999999997	12.531166666666667	37.98010732191563
1213200.0	333.5766666666666	326.33166666666665	329.1833333333333	326.71999999999997	13.491666666666665	39.66127328276711
1216800.0	333.8316666666666	326.25	329.17999999999995	326.57833333333326	13.756	40.082367444655844
1220400.0	333.65	326.25	329.31833333333327	326.66499999999996	13.732166666666664	38.413048828250815
1224000.0	333.65	326.0983333333333	329.3583333333333	326.53499999999997	14.251499999999998	38.25938853330453
1227600.0	333.65	325.9133333333333	329.59999999999997	325.73499999999996	18.833166666666664	37.706986710058985
1231200.0	333.7083333333333	325.135	330.33666666666664	325.525	22.47	40.083586154679665
1234800.0	333.65	325.755	329.96666666666664	325.7616666666666	19.977999999999998	37.57417344227044
1238400.0	333.65	325.5983333333333	329.8299999999999	325.82666666666665	19.330333333333336	39.088010626096015
1242000.0	333.81666666666666	325.90999999999997	329.59499999999997	325.92999999999995	17.500666666666667	37.88852052691084
1245600.0	333.9583333333333	325.625	329.7516666666666	325.85999999999996	18.0635	38.75848857559363
1249200.0	334.15	325.7016666666666	329.6766666666666	325.9149999999999	17.602833333333333	39.562836572083576
1252800.0	334.15	326.15	329.54999999999995	326.54999999999995	16.27	43.38666666666666
1256400.0	334.15	326.15	329.54999999999995	326.54999999999995	16.27	43.38666666666666
1260000.0	334.16999999999996	326.1533333333333	329.5299999999999	326.5266666666666	16.246	43.364197939661516
1263600.0	334.02	325.965	329.70333333333326	326.01499999999993	17.391333333333332	37.99837306570906
1267200.0	333.77166666666665	325.76666666666665	329.66999999999996	325.76666666666665	18.3795	37.84654637641309
1270800.0	333.885	325.4783333333333	330.27166666666665	325.90666666666664	20.328833333333332	39.545116246331375
1274400.0	334.55	325.12499999999994	330.34333333333325	325.26333333333326	20.842499999999998	38.79374661741399
1278000.0	334.0333333333333	325.42499999999995	329.73999999999995	325.2083333333333	19.092666666666663	36.19351151739627
1281600.0	333.84999999999997	325.28666666666663	330.3316666666666	325.58166666666665	21.73466666666667	39.35043610218109
1285200.0	333.84999999999997	325.71666666666664	329.91499999999996	325.46	20.034999999999997	36.64164569821814
1288800.0	333.84999999999997	325.5616666666666	329.89166666666665	325.97499999999997	18.605166666666666	39.36257796350114
1292400.0	333.84999999999997	325.83	329.5416666666666	326.0283333333333	17.801666666666666	40.92728155735513
1296000.0	333.84999999999997	325.7416666666667	329.4016666666666	326.2699999999999	16.94333333333333	43.91405621130244
1299600.0	333.84999999999997	325.88	329.6183333333333	326.4266666666667	15.944166666666666	39.880899839329224
1303200.0	333.9666666666666	325.84999999999997	329.71166666666664	326.29999999999995	15.8505	37.732332495203416
1306800.0	334.42	325.84999999999997	329.67499999999995	326.3233333333333	15.403833333333331	39.56101678200896
1310400.0	333.69166666666666	325.84999999999997	329.5383333333333	326.09499999999997	17.752166666666668	40.53492629555031
1314000.0	333.75	325.4266666666667	330.12999999999994	325.56499999999994	22.0555	40.22523616452741
1317600.0	333.75	325.2733333333333	330.30999999999995	324.79499999999996	24.314	37.40587209173608
1321200.0	333.5333333333333	325.13666666666666	330.42499999999995	325.0866666666666	25.880333333333333	40.75994336177783
1324800.0	332.90666666666664	325.575	329.99999999999994	325.3183333333333	24.964999999999996	39.22735414022011
1328400.0	333.05	325.5016666666666	330.0083333333333	325.64	22.964166666666667	39.780956719334284
1332000.0	333.2866666666667	325.69499999999994	329.9083333333333	325.8533333333333	20.589	38.61217616805176
1335600.0	334.15	326.09	329.5566666666666	326.495	17.155333333333335	46.22203957075794
1339200.0	334.15	326.34999999999997	329.44999999999993	326.85	16.99	50.9700000000001
1342800.0	334.15	326.34999999999997	329.44999999999993	326.85	16.99	50.9700000000001
1346400.0	333.5083333333333	325.9	329.45166666666665	326.3766666666666	19.668	46.79169334562834
1350000.0	332.3566666666667	325.905	329.5883333333333	325.94666666666666	22.610333333333333	38.17314719691597
1353600.0	333.64166666666665	325.6433333333333	329.74333333333334	326.03333333333325	18.90883333333333	40.983272064398946
1357200.0	334.1283333333333	325.84499999999997	329.9266666666666	325.7799999999999	19.210666666666665	38.47455386657545
1360800.0	333.12833333333333	325.48999999999995	330.22666666666663	325.6816666666666	25.846833333333333	43.25992563288182
1364400.0	333.8083333333333	325.55	329.9633333333333	326.04166666666663	19.327166666666667	41.02542370991518
1368000.0	334.08333333333337	325.54999999999995	329.82333333333327	325.6883333333333	17.576833333333333	36.625366858872574
1371600.0	334.35	325.5783333333333	330.02666666666664	326.03999999999996	18.218333333333334	40.203397859141674
1375200.0	334.84166666666664	326.0283333333333	329.435	326.1033333333333	14.459500000000002	38.46331639946946
1378800.0	333.9816666666666	326.07	329.3333333333333	326.27666666666664	14.813166666666667	38.44832151908483
1382400.0	334.4	326.2749999999999	329.25	326.5183333333333	13.2195	39.45697549351999
1386000.0	334.37499999999994	326.11833333333334	329.315	326.48499999999996	13.658999999999999	40.03141680611424
1389600.0	334.15	326.15	329.3016666666666	326.5433333333333	14.069333333333333	40.91447410350585
1393200.0	334.15	326.15	329.3816666666666	326.52	14.047333333333333	39.39163935689346
1396800.0	334.15	326.07833333333326	329.36333333333334	326.34833333333324	14.879999999999999	39.89662226123063
1400400.0	334.15	325.6533333333333	329.85666666666657	325.5533333333333	19.28516666666667	38.088559821779334
1404000.0	333.84166666666664	325.485	330.02166666666665	325.3383333333333	21.757	38.880896552271594
1407600.0	333.79999999999995	325.44333333333327	330.07499999999993	325.49333333333334	21.799	40.12463889677117
1411200.0	333.75	325.56166666666667	329.9516666666666	325.71166666666664	20.271166666666666	39.23962610130748
1414800.0	333.75	325.4483333333333	329.7316666666666	325.75999999999993	19.7775	41.99907843623547
1418400.0	333.75	325.77833333333325	329.7133333333333	325.68666666666667	18.531666666666666	36.752486728073855
1422000.0	333.75	325.65333333333336	329.625	325.7116666666666	18.387666666666664	38.17095639369988
1425600.0	333.75	325.7133333333333	329.8033333333333	325.885	18.835166666666666	38.80693320828197
1429200.0	333.8666666666666	325.63166666666666	329.8083333333333	325.8549999999999	17.908666666666665	37.518083945917596
1432800.0	334.69166666666666	325.92833333333334	329.53	326.0133333333333	15.168333333333333	38.025689965083956
1436400.0	334.4483333333333	325.7983333333333	329.66333333333324	326.12333333333333	16.164666666666665	39.507447439432134
1440000.0	333.08166666666665	325.31333333333333	329.7766666666666	325.22166666666664	24.444999999999997	40.231466559053025
1443600.0	333.5233333333333	325.05999999999995	330.40166666666664	324.9233333333333	25.544833333333333	39.45559441836623
1447200.0	333.95	325.1583333333333	330.41166666666663	324.8383333333333	24.704333333333334	39.06377622150335
1450800.0	334.09166666666664	325.545	330.20333333333326	325.8383333333333	20.822166666666668	40.81500783406611
1454400.0	333.65	325.53833333333336	330.00333333333333	325.5566666666666	20.957666666666665	38.255979095859786
1458000.0	333.65	325.4633333333333	329.9366666666666	325.445	20.593	37.70528715504979
1461600.0	333.65	325.8483333333333	329.7216666666666	325.74666666666667	18.502333333333333	36.367898619262185
1465200.0	333.8016666666666	325.84999999999997	329.66666666666663	326.1966666666666	16.951333333333334	38.857497643635355
1468800.0	334.35	325.84999999999997	329.66499999999996	326.2416666666666	15.964500000000001	39.68604738286486
1472400.0	334.35	325.84999999999997	329.6266666666666	325.98999999999995	16.182166666666664	38.101835630940144
1476000.0	334.39166666666665	325.73833333333334	329.7849999999999	326.03666666666663	16.609333333333332	38.37311879450713
1479600.0	334.84999999999997	325.75	329.7466666666666	326.2233333333333	16.0845	41.55755899379327
1483200.0	332.6716666666667	325.6583333333333	329.39833333333326	325.8066666666666	21.683	41.28739908271872
1486800.0	332.745	325.5616666666666	329.98999999999995	325.52	24.642666666666663	39.60578324347226
1490400.0	333.41999999999996	325.22333333333324	330.20666666666665	325.4883333333333	23.134666666666664	40.28758371987825
1494000.0	333.55	325.4183333333333	330.17999999999995	325.415	23.182166666666667	39.64811967453818
1497600.0	334.05	325.255	330.24999999999994	325.0883333333333	23.632333333333335	40.37267269918692
1501200.0	334.05	325.22666666666663	330.39	325.36999999999995	23.491666666666667	41.409362658007225
1504800.0	334.05	324.88833333333326	330.34166666666664	324.74999999999994	24.68933333333333	40.60421713331186
1508400.0	334.05	325.4166666666666	330.2149999999999	325.2366666666667	22.46883333333333	38.993374066416216
1512000.0	334.05	325.28	330.08	324.97333333333336	22.887999999999998	39.36084429043957
1515600.0	334.05	325.4033333333333	330.14666666666665	325.62833333333333	22.005	42.1211144433413
1519200.0	333.625	325.37166666666667	330.1116666666666	325.30833333333334	23.210666666666665	39.99019758954839
1522800.0	333.55000000000007	325.62499999999994	329.97666666666663	325.4799999999999	21.184	37.38659762878846
1526400.0	333.85	325.5033333333333	330.00166666666667	325.1916666666666	21.232833333333332	36.965351350062505
1530000.0	334.05	325.18499999999995	330.275	324.96833333333325	24.254999999999995	40.503225496574224
1533600.0	333.9416666666666	325.24	330.19999999999993	324.85166666666663	24.583166666666664	40.07937935638009
1537200.0	333.55000000000007	325.81333333333333	329.7733333333333	325.6166666666667	20.139666666666667	37.54600229123222
1540800.0	333.775	325.0433333333333	330.3133333333333	325.3266666666667	23.064666666666664	40.49342111941475
1544400.0	333.55000000000007	325.19999999999993	330.2383333333333	325.19499999999994	23.093	38.357713233551294
1548000.0	333.55000000000007	325.605	329.98	325.67999999999995	20.78333333333333	38.41770656611319
1551600.0	333.85833333333335	325.5533333333333	329.91333333333324	325.6816666666666	20.237499999999997	39.81708938851534
1555200.0	334.05	325.81333333333333	329.71333333333325	325.96166666666664	18.58716666666667	40.85537659231673
1558800.0	334.05	325.75	329.7249999999999	325.79999999999995	19.145166666666665	40.48703495775413
1562400.0	334.05	325.7	329.73833333333334	325.8633333333333	19.075666666666667	41.17602340921727
1566000.0	334.05	325.79499999999996	329.73666666666657	325.8483333333333	18.83083333333333	40.03051291950788
1569600.0	334.05	325.63166666666666	329.8566666666667	325.80499999999995	19.639833333333335	40.812059691483284
1573200.0	334.05	325.21999999999997	330.2266666666667	325.35999999999996	23.111166666666666	41.95542126516354
1576800.0	333.83333333333337	325.38	330.0916666666666	325.43999999999994	22.530666666666665	40.97805057412122
1580400.0	333.7583333333333	325.35	330.1383333333333	325.56999999999994	21.952833333333334	40.451777448395994
1584000.0	334.05	325.34166666666664	330.20666666666665	325.21999999999997	22.67	39.773022302036104
1587600.0	334.05	325.2516666666666	330.1133333333333	324.86499999999995	22.854499999999998	38.369279782315665
1591200.0	333.6833333333334	325.06333333333333	330.38666666666666	325.00166666666667	24.371166666666664	39.00512716023311
1594800.0	333.9666666666667	325.40666666666664	330.26666666666665	325.2633333333333	22.662999999999997	38.85422429819159
1598400.0	334.05	325.265	330.41666666666663	324.86499999999995	24.7405	39.23262849518207
1602000.0	333.75	325.2283333333333	330.35499999999996	325.17833333333334	24.1265	39.8166141056799
1605600.0	333.55000000000007	325.44	330.08666666666664	325.5	21.375666666666667	37.88905868580964
1609200.0	333.83333333333337	325.3066666666666	330.14166666666665	325.2683333333333	21.914833333333334	38.38482791121352
1612800.0	333.775	325.2983333333333	330.3066666666666	325.05333333333334	24.418166666666664	39.43210519304147
1616400.0	333.8	324.7683333333333	330.66499999999996	324.5283333333333	26.854666666666667	39.57342363608967
1620000.0	333.72499999999997	324.70833333333326	330.79166666666663	324.07666666666665	28.98233333333333	38.99456110403595
1623600.0	333.65	325.06999999999994	330.57499999999993	324.89	25.639333333333333	38.73646868179564
1627200.0	333.65	325.04833333333335	330.3016666666666	324.78999999999996	24.495333333333335	38.29670004512153
1630800.0	333.5833333333333	324.9583333333333	330.45833333333326	325.28166666666664	25.443166666666663	42.53099199960111
1634400.0	333.1499999999999	325.6933333333333	329.9383333333333	325.76499999999993	22.184999999999995	39.70475217804049
1638000.0	333.1499999999999	325.6816666666666	329.76499999999993	325.9283333333333	20.309666666666665	39.64273612039259
1641600.0	333.5333333333333	326.05000000000007	329.4816666666667	326.12	17.381666666666668	38.725066665261174
1645200.0	333.91666666666663	325.83166666666665	329.6033333333333	326.08333333333326	17.7	40.80781941096335
1648800.0	334.15	325.69499999999994	329.84499999999997	326.125	18.183	41.34539387496372
1652400.0	333.8333333333333	325.6499999999999	329.84333333333325	326.0766666666666	18.79883333333333	40.92435307629772
1656000.0	333.65	325.5833333333333	329.88333333333327	325.8333333333333	20.14666666666667	40.17455967803957
1659600.0	333.60999999999996	325.34666666666664	330.2133333333333	325.0966666666667	24.308166666666665	39.33021366581957
1663200.0	333.05	325.02833333333336	330.28999999999996	324.58	27.595499999999998	38.84036036169629
1666800.0	333.05	324.3483333333333	329.98999999999995	324.25666666666666	27.6195	42.040908842141235
1670400.0	332.48333333333335	325.5016666666666	329.935	325.1733333333333	27.287333333333333	40.1711763035304
1674000.0	332.05000000000007	325.43999999999994	329.905	325.78999999999996	25.478500000000004	40.9599756097562
1677600.0	332.05000000000007	325.35	329.95	325.84999999999997	25.630000000000003	41.88317073170743
1681200.0	332.05000000000007	325.35	329.95	325.84999999999997	25.630000000000003	41.88317073170743
1684800.0	332.25333333333333	325.62	329.75833333333327	325.7066666666666	24.317999999999998	39.830322854221016
1688400.0	332.84999999999997	325.80499999999995	329.75	325.895	21.388499999999997	39.13518822395973
1692000.0	333.56666666666666	325.9816666666667	329.7566666666666	325.87999999999994	19.020666666666664	37.500162856612754
1695600.0	333.75	325.71166666666664	329.4433333333333	325.81499999999994	17.011833333333332	38.034865368288266
1699200.0	332.5166666666666	325.4833333333333	329.6066666666666	325.11333333333323	24.850833333333334	37.52629290439145
1702800.0	333.54999999999995	325.27333333333326	330.195	325.1733333333333	23.692	39.19890701977792
1706400.0	333.94999999999993	325.1766666666667	330.3333333333333	324.88	23.981499999999997	38.60218637877354
1710000.0	333.94999999999993	325.9	329.7366666666666	325.6866666666666	19.765	39.830647893724176
1713600.0	333.94999999999993	325.205	330.16999999999996	325.1683333333333	22.654166666666665	39.93032131633359
1717200.0	333.94999999999993	325.60499999999996	329.91666666666663	325.5466666666666	20.3265	39.01339342018454
1720800.0	333.94999999999993	325.96	329.5949999999999	325.95666666666665	17.399833333333333	38.30591921077324
1724400.0	333.94999999999993	325.8016666666666	329.66499999999996	325.9183333333333	17.7445	38.77317982211585
1728000.0	333.94999999999993	326.05000000000007	329.4649999999999	326.47166666666664	15.305499999999999	40.54292515367829
1731600.0	333.94999999999993	325.9716666666667	329.39833333333326	326.17499999999995	16.569666666666667	41.154348394002284
1735200.0	333.94999999999993	325.9316666666667	329.59	326.13	17.238	39.97452733935514
1738800.0	333.94999999999993	326.0683333333333	329.3316666666666	326.03833333333336	16.595999999999997	39.96006653286411
1742400.0	333.94999999999993	325.8566666666666	329.5583333333333	325.9483333333333	18.185	40.792663446643694
1746000.0	333.94999999999993	325.4533333333333	329.885	325.52666666666664	21.79116666666667	42.66315123030368
1749600.0	333.8416666666666	325.1433333333333	330.25	325.0716666666666	23.407833333333333	39.37374888456788
1753200.0	333.7083333333333	325.2683333333333	330.2333333333333	325.15	24.1795	40.314671002634974
1756800.0	333.49	325.39333333333326	330.125	325.69499999999994	21.720166666666664	39.92074825555007
1760400.0	334.05	325.59833333333324	329.8933333333333	325.57833333333326	19.705499999999997	38.70678028497743
1764000.0	334.05	325.7099999999999	329.7699999999999	325.96	18.505	40.60952996064055
1767600.0	334.05	325.7866666666667	329.67499999999995	326.01166666666666	17.368166666666664	39.24361725266515
1771200.0	334.05	325.6683333333333	329.7483333333333	325.91166666666663	18.713166666666666	40.91503289870972
1774800.0	333.5383333333333	325.20833333333326	328.9283333333333	324.9433333333333	17.72233333333333	36.54892454438908
1778400.0	331.405	325.15	328.9266666666667	325.01833333333326	23.762500000000003	37.95404433615718
1782000.0	330.98499999999996	325.3616666666666	328.6	325.30999999999995	23.074333333333332	37.24361950978472
1785600.0	332.69499999999994	326.1916666666666	329.62	325.88999999999993	21.918499999999998	37.768299881315656
1789200.0	332.7483333333333	325.29833333333335	330.04166666666663	325.26	26.549666666666667	40.29136822261195
1792800.0	333.45	325.67999999999995	329.90166666666664	325.5233333333333	23.50133333333333	40.55617844878884
1796400.0	333.8416666666666	326.49333333333334	330.045	327.09999999999997	16.169500000000003	40.80103448097604
1800000.0	334.195	325.49833333333333	330.1166666666667	325.59	19.223	37.005882176809905
1803600.0	334.75	325.04333333333335	330.2166666666666	325.4166666666667	20.550666666666665	41.70082600525389
1807200.0	334.32499999999993	325.8933333333333	329.64666666666665	326.12333333333333	16.9415	40.63657629296738
1810800.0	333.84999999999997	326.2233333333333	329.2383333333333	326.465	14.7585	40.88014297311489
1814400.0	334.12166666666667	326.475	329.12166666666667	326.62499999999994	12.779333333333334	39.32516683891739
1818000.0	333.0683333333333	326.3016666666666	329.14	326.45166666666665	15.241833333333332	38.57708777255589
1821600.0	332.8416666666666	326.1766666666666	329.25499999999994	326.57666666666665	16.135166666666667	40.19558289337794
1825200.0	332.74999999999994	326.0566666666667	329.4	326.405	18.25883333333333	40.93171955085538
1828800.0	332.35	326.03333333333325	329.3933333333333	326.3616666666666	19.474333333333334	40.67349367163257
1832400.0	332.46166666666664	325.83666666666664	329.7233333333333	325.63833333333326	24.232333333333333	39.19108017036391
1836000.0	334.025	325.43999999999994	330.015	325.4083333333333	21.252999999999997	39.70439600548161
1839600.0	334.15	325.61333333333323	330.0316666666666	325.6116666666667	20.53933333333333	39.701303226563496
1843200.0	334.15	325.2416666666666	330.1233333333333	325.4	20.377000000000002	38.69697071364529
1846800.0	334.68	325.73999999999995	329.8483333333333	325.87	16.855666666666668	38.12293018738386
1850400.0	334.0133333333333	325.84833333333324	329.8483333333333	326.1183333333332	17.845999999999997	39.031997704332106
1854000.0	334.05	325.61499999999995	329.72166666666664	325.8733333333333	18.933333333333334	41.79537085340078
1857600.0	334.05	325.9283333333333	329.60499999999996	326.02166666666665	17.47233333333333	39.693184791008406
1861200.0	334.05	325.8583333333333	329.6183333333333	325.4533333333333	17.912	35.51458344998361
1864800.0	334.05	326.2199999999999	329.2716666666666	326.05999999999995	15.357666666666667	37.62311657243377
1868400.0	334.05	325.83833333333325	329.73833333333334	326.1533333333333	17.5995	40.51514603667884
1872000.0	334.0416666666667	325.68999999999994	329.81833333333327	325.6683333333333	19.662666666666667	39.580106305443884
1875600.0	333.72333333333336	325.50499999999994	329.97499999999997	325.5783333333333	20.728833333333334	38.820815449463076
1879200.0	333.7783333333333	325.1766666666666	330.48	325.65666666666664	24.564666666666664	43.89991457481508
1882800.0	334.0983333333333	324.5433333333333	330.42	325.1533333333333	23.630333333333333	42.94644761651911
1886400.0	333.965	325.41999999999996	329.94499999999994	325.47499999999997	20.235666666666667	38.721536006749524
1890000.0	333.63	325.98833333333334	329.6716666666666	325.56499999999994	19.0245	35.509762464210276
1893600.0	333.88499999999993	325.7416666666666	329.58166666666665	325.90333333333325	17.590833333333332	38.31953702772644
1897200.0	333.1766666666666	326.40999999999997	329.30499999999995	326.4816666666666	15.379666666666665	36.862743449999996
1900800.0	332.8333333333333	326.37	329.1466666666666	326.59	14.857	37.64770083128052
1904400.0	332.94999999999993	326.31999999999994	329.12499999999994	326.59833333333336	15.261166666666668	40.34847133794655
1908000.0	332.875	326.25499999999994	329.2383333333333	326.4849999999999	15.571666666666665	37.58254578141887
1911600.0	333.25	326.25	329.23999999999995	326.5783333333333	15.485833333333332	40.94447546295436
1915200.0	333.25	326.25	329.2283333333333	326.44499999999994	14.920333333333332	37.63017326038159
1918800.0	333.25	325.72833333333335	329.69499999999994	325.82666666666665	19.16616666666667	37.34399929147913
1922400.0	333.19166666666666	325.365	330.10499999999996	325.19333333333327	24.559999999999995	39.51949327009777
1926000.0	332.3133333333333	325.31499999999994	330.12833333333333	325.4033333333333	28.051166666666663	41.75130073257844
1929600.0	334.0033333333333	325.7866666666666	329.6483333333333	325.8433333333333	18.3145	38.96843427628668
1933200.0	332.1433333333333	325.9216666666666	329.7033333333333	326.1916666666666	22.552499999999995	39.768174883988614
1936800.0	331.90166666666664	325.7666666666667	329.71999999999997	325.88333333333327	24.52166666666667	38.866967227948415
1940400.0	333.305	325.8066666666666	329.7966666666666	325.95	19.88483333333333	38.813312649999304
1944000.0	334.35	325.9883333333333	329.6349999999999	326.00333333333333	16.926833333333335	38.996869549037875
1947600.0	334.1083333333333	325.9083333333333	329.5833333333333	326.1883333333333	16.808166666666665	40.625632177243176
1951200.0	333.65	326.29999999999995	329.2416666666667	326.4333333333333	15.16083333333333	39.69289389799633
1954800.0	333.65	326.44999999999993	329.15	326.44999999999993	14.679999999999996	39.14666666666664
1958400.0	333.65	326.44999999999993	329.15	326.44999999999993	14.679999999999996	39.14666666666664
1962000.0	333.8266666666666	325.86833333333334	329.6983333333334	325.83666666666664	18.536166666666666	38.595941593312794
1965600.0	334.2	325.22499999999997	330.13666666666666	325.1216666666666	21.476666666666663	38.82473111840419
1969200.0	333.44	325.8766666666666	329.62499999999994	326.00333333333333	19.025666666666666	39.97667801178359
1972800.0	333.7099999999999	325.90166666666664	329.61333333333334	325.8233333333333	17.872	36.405287503640054
1976400.0	333.91333333333324	325.8083333333333	329.8366666666667	326.0116666666666	17.839	37.38641178403112
1980000.0	333.8433333333333	326.085	329.32500000000005	326.37999999999994	15.927999999999999	41.73881795056526
1983600.0	333.73	326.4	329.12833333333333	326.52	13.057499999999997	37.02465562499211
1987200.0	334.05	326.18	329.2366666666666	326.6183333333333	13.208833333333335	39.769773507153644
1990800.0	334.05	326.16999999999996	329.23999999999995	326.69666666666666	13.2355	41.179595315073165
1994400.0	334.05	326.29999999999995	329.185	326.5633333333333	13.182833333333331	39.23526611090318
1998000.0	334.05	326.2683333333333	329.18499999999995	326.6316666666666	13.437666666666667	40.97915441937173
2001600.0	334.05	326.29166666666663	329.1683333333333	326.50333333333333	13.852	40.3708328184176
2005200.0	334.05	325.5766666666666	329.74499999999995	325.7983333333333	18.527666666666665	39.855838116636605
2008800.0	334.16999999999996	325.2	330.2516666666666	325.1933333333333	22.57133333333333	40.006318823277695
2012400.0	333.70666666666665	325.5916666666667	329.9516666666666	325.24999999999994	22.463166666666666	38.69434428778576
2016000.0	334.05	325.75	329.85	325.95	21.16	45.03282051282049
2019600.0	334.05	325.75	329.85	325.95	21.16	45.03282051282049
2023200.0	334.02	325.695	329.825	325.9083333333333	20.791166666666665	44.198273344017075
2026800.0	333.84999999999997	325.76	329.645	325.83166666666665	17.474833333333333	37.47088258362282
2030400.0	333.84999999999997	325.6866666666666	329.80999999999995	325.9599999999999	18.612166666666667	39.572722995887304
2034000.0	333.84999999999997	325.6533333333333	329.8633333333333	325.77333333333326	19.704499999999996	39.540440102669756
2037600.0	333.84999999999997	325.5616666666666	329.7833333333333	325.6983333333333	20.017166666666668	40.77732001799061
2041200.0	333.84999999999997	325.6433333333333	329.84166666666664	325.8833333333333	19.2075	40.0721767956706
2044800.0	333.84999999999997	325.78999999999996	329.71	326.0	18.0705	39.380671004053916
2048400.0	333.84999999999997	325.95	329.54999999999995	326.15	16.84	39.1282352941177
2052000.0	333.84999999999997	325.95	329.54999999999995	326.15	16.84	39.1282352941177
2055600.0	333.7033333333333	325.91499999999996	329.5566666666667	326.02166666666665	17.293499999999998	38.217981689612756
2059200.0	333.85833333333335	325.74499999999995	329.65166666666664	325.7766666666666	17.80216666666667	37.246725602323906
2062800.0	333.75	325.8983333333333	329.6066666666666	326.13999999999993	17.63583333333333	40.01785416565585
2066400.0	333.83	325.9	329.6033333333333	326.2233333333333	17.44383333333333	40.94059943970281
2070000.0	333.5883333333333	325.99499999999995	329.4933333333332	326.3716666666666	16.8425	40.59829176194845
2073600.0	333.8416666666666	325.96999999999997	329.4983333333333	326.53999999999996	15.633499999999998	41.85304673397414
2077200.0	333.84999999999997	326.075	329.33333333333337	326.3666666666666	14.887499999999998	39.293963138165566
2080800.0	333.84999999999997	326.24666666666667	329.31666666666666	326.5233333333333	14.714499999999997	40.08989896351795
2084400.0	333.84999999999997	326.23999999999995	329.27	326.3349999999999	15.3205	39.768202991399654
2088000.0	333.7533333333333	326.25	329.2433333333333	326.27	15.150666666666666	38.27469515812386
2091600.0	333.92499999999995	325.7766666666666	329.7583333333333	325.72833333333324	18.816	38.1989832422398
2095200.0	333.94999999999993	325.8283333333333	329.65	325.71999999999997	18.400166666666664	38.21812940747024
2098800.0	333.94999999999993	325.47999999999996	329.9599999999999	325.90833333333336	19.40583333333333	40.71760521571603
2102400.0	333.94999999999993	325.7366666666666	329.8333333333333	325.7183333333333	19.21483333333333	38.43439757161447
2106000.0	333.94999999999993	325.42999999999995	330.06999999999994	325.5466666666666	21.605833333333333	40.77173318195676
2109600.0	333.94999999999993	325.51666666666665	329.9866666666666	325.40666666666664	20.482666666666667	38.13661228515507
2113200.0	333.94999999999993	325.43833333333333	329.88	325.4683333333333	20.476333333333333	39.792661491732616
2116800.0	333.44666666666666	325.5	330.09166666666664	325.835	21.409833333333335	39.679433993053834
2120400.0	333.835	325.91499999999996	329.6083333333333	325.815	17.904666666666664	37.444933929950196
2124000.0	333.5133333333333	325.71333333333325	329.6683333333333	325.63	19.211833333333328	36.69331686836585
2127600.0	333.8666666666667	325.925	329.6483333333333	325.8733333333333	17.424166666666668	37.321421596693604
2131200.0	333.94999999999993	325.6366666666666	329.905	325.78833333333324	18.878	38.168813244048245
2134800.0	333.94999999999993	325.58333333333326	330.03333333333325	325.85999999999996	19.726666666666667	39.574087920947264
2138400.0	333.94999999999993	325.6499999999999	329.74999999999994	326.0499999999999	18.429999999999996	41.34297297297293
2142000.0	333.94999999999993	325.6499999999999	329.74999999999994	326.0499999999999	18.429999999999996	41.34297297297293
2145600.0	333.8533333333333	325.9216666666666	329.62999999999994	326.16499999999996	17.138666666666666	39.25809941835459
2149200.0	333.5466666666666	325.83333333333326	329.6266666666666	326.115	17.80483333333333	38.96114919255088
2152800.0	333.84999999999997	325.8949999999999	329.5466666666666	326.2366666666666	15.788999999999998	38.117651176979706
2156400.0	333.84999999999997	326.1183333333333	329.45333333333326	326.26666666666665	14.971166666666665	36.440046295969225
2160000.0	333.84999999999997	326.08333333333326	329.40666666666664	326.405	14.855333333333332	38.52415494867299
2163600.0	333.84999999999997	326.10833333333335	329.445	326.46999999999997	15.251666666666667	39.73921804220945
2167200.0	333.84999999999997	326.15	329.32833333333326	326.37833333333333	15.258666666666667	39.901199870406515
2170800.0	333.84999999999997	326.15	329.31499999999994	326.43	15.224833333333333	40.71837935311396
2174400.0	333.84999999999997	326.15	329.3349999999999	326.36666666666656	15.234166666666665	39.73693986818697
2178000.0	333.84999999999997	325.6466666666666	329.84999999999997	325.8083333333333	19.8815	40.44553596412345
2181600.0	334.18666666666667	325.69166666666666	329.8133333333333	325.82333333333327	18.319166666666664	38.95885658040354
2185200.0	332.91499999999996	325.7733333333333	329.6966666666666	325.8766666666666	21.478666666666665	39.14548390102597
2188800.0	334.05	325.6166666666666	329.8083333333333	325.79999999999995	18.863666666666663	39.73449587479386
2192400.0	333.87666666666667	325.43999999999994	330.0433333333333	325.945	20.022166666666667	41.23538884063617
2196000.0	333.75	325.43499999999995	329.92999999999995	325.44833333333327	20.592	38.38746537546653
2199600.0	333.65166666666664	325.30999999999995	330.1033333333333	325.0983333333333	22.51683333333333	37.50481609618331
2203200.0	333.45	325.84999999999997	330.1499999999999	325.24999999999994	23.469999999999995	36.40244897959182
2206800.0	333.45	325.84999999999997	330.1499999999999	325.24999999999994	23.469999999999995	36.40244897959182
2210400.0	333.45	325.84999999999997	330.15666666666664	325.2833333333333	23.469999999999995	36.60724475444184
2214000.0	333.82333333333327	325.6066666666666	329.9733333333333	325.57166666666666	20.523	38.33315446749974
2217600.0	333.84999999999997	325.9	329.9583333333333	325.825	18.67833333333333	35.926365097371956
2221200.0	333.84999999999997	325.95	329.95	325.84999999999997	18.569999999999997	35.78121951219519
2224800.0	333.84999999999997	325.95	329.95	325.84999999999997	18.569999999999997	35.78121951219519
2228400.0	334.505	325.30999999999995	330.34666666666664	325.26666666666665	20.162	36.67054425534687
2232000.0	333.5133333333333	325.5	329.90999999999997	325.53	21.029333333333334	38.4710467161093
2235600.0	333.0566666666666	325.745	329.65	325.77666666666664	20.86616666666666	39.2641441382621
2239200.0	332.8	325.92999999999995	329.5833333333333	326.3716666666666	19.69183333333333	42.09361202813898
2242800.0	332.55	326.25	329.25166666666667	326.25333333333333	16.992333333333335	35.703804347826164
2246400.0	332.55	326.25	329.25	326.25	16.99	35.679000000000066
2250000.0	332.55	326.25	329.25	326.25	16.99	35.679000000000066
2253600.0	332.55	326.25	329.25	326.25	16.99	35.679000000000066
2257200.0	332.55	326.25	329.25	326.25	16.99	35.679000000000066
2260800.0	332.55	326.25	329.25	326.25	16.99	35.679000000000066
2264400.0	332.55	326.25	329.25	326.25	16.99	35.679000000000066
2268000.0	332.55	326.25	329.25	326.25	16.99	35.679000000000066
2271600.0	332.55	326.25	329.25	326.25	16.99	35.679000000000066
2275200.0	332.55	326.25	329.25	326.25	16.99	35.679000000000066
2278800.0	332.55	326.25	329.25	326.25	16.99	35.679000000000066
2282400.0	332.55	326.25	329.25	326.25	16.99	35.679000000000066
2286000.0	332.55	326.25	329.25	326.25	16.99	35.679000000000066
2289600.0	332.55	326.25	329.25	326.25	16.99	35.679000000000066
2293200.0	332.55	326.25	329.25	326.25	16.99	35.679000000000066
2296800.0	332.55	326.25	329.25	326.25	16.99	35.679000000000066
2300400.0	333.0083333333333	324.41666666666663	330.00166666666667	323.9716666666667	25.560666666666663	38.22379654180716
2304000.0	333.7833333333333	325.265	330.25499999999994	325.15	24.01733333333333	40.18391950335889
2307600.0	334.4816666666667	325.31499999999994	330.37499999999994	325.0616666666666	21.602166666666665	37.40479451081682
2311200.0	334.67499999999995	325.0249999999999	330.4083333333333	324.92499999999995	22.445333333333334	39.45394463212713
2314800.0	334.24999999999994	325.4233333333333	330.02	325.03999999999996	20.725	36.77186999080112
2318400.0	334.24999999999994	325.26166666666666	330.12833333333333	325.4866666666666	21.121833333333335	40.850281473820665
2322000.0	334.24999999999994	325.49333333333334	329.99999999999994	325.565	19.600666666666665	38.93720983266706
2325600.0	334.24999999999994	325.96999999999997	329.7049999999999	326.16499999999996	16.24233333333333	37.927332097833784
2329200.0	333.9083333333333	325.88833333333326	329.52666666666664	326.03999999999996	16.55633333333333	38.13578079418653
2332800.0	333.9416666666666	326.1483333333333	329.3433333333333	326.50999999999993	15.384999999999998	42.33769321751265
2336400.0	334.01	326.12499999999994	329.37833333333333	326.34499999999997	15.8425	41.31038992795739
2340000.0	333.75	325.9033333333333	329.59999999999997	326.21	17.2705	40.03205050802973
2343600.0	333.75	325.93333333333334	329.53000000000003	326.09333333333336	16.668666666666667	37.95615211588768
2347200.0	333.75	325.88	329.6433333333333	326.12666666666667	17.436	39.18513312328233
2350800.0	333.75	325.44999999999993	330.0433333333333	325.5	20.966	38.4460308749997
2354400.0	333.8	325.2233333333333	330.2783333333333	324.9883333333333	24.904833333333332	40.380847262325844
2358000.0	334.75	325.0383333333333	330.51166666666666	325.365	21.511333333333333	40.61039919254529
2361600.0	334.9	325.5083333333333	330.07166666666666	325.71333333333325	18.326666666666664	39.502477467231905
2365200.0	333.72166666666664	325.7466666666666	329.965	325.84499999999997	21.718833333333333	40.808872738964126
2368800.0	333.98499999999996	325.5516666666666	329.93333333333334	325.775	20.4885	41.47162936861105
2372400.0	333.5083333333333	325.62666666666667	329.925	325.8183333333333	21.541666666666668	39.75697899608113
2376000.0	333.3933333333333	325.83333333333326	329.6333333333333	325.84999999999997	19.816499999999998	38.52208015785142
2379600.0	332.74	325.78666666666663	329.775	326.04333333333324	22.387666666666664	40.704194704386204
2383200.0	333.85833333333335	325.87166666666667	329.65	326.05999999999995	17.968666666666667	39.965827574584566
2386800.0	334.05	325.7483333333333	329.6683333333333	326.01333333333326	17.589333333333332	40.03762024973069
2390400.0	334.05	325.41999999999996	329.94333333333327	325.62833333333333	19.97566666666667	40.069448197105096
2394000.0	333.94999999999993	325.32666666666665	330.18666666666667	325.49499999999995	21.66	39.95729482416875
2397600.0	333.84999999999997	325.5833333333333	330.14166666666665	325.1733333333333	22.249499999999998	37.046923882029695
2401200.0	333.84999999999997	325.6683333333333	329.91666666666663	325.68999999999994	19.926	38.693744455064184
2404800.0	333.84999999999997	325.51166666666666	330.03499999999997	325.6216666666666	20.392	38.70803669608483
2408400.0	333.84999999999997	325.63166666666666	329.78	325.7483333333332	19.112499999999997	39.207367022940204
2412000.0	333.84999999999997	325.86833333333334	329.5983333333333	325.7199999999999	18.301833333333335	37.70967752981408
2415600.0	333.84999999999997	326.05000000000007	329.34999999999997	325.54999999999995	17.71	36.35210526315781
2419200.0	333.7933333333333	324.50666666666666	329.9683333333333	324.4849999999999	23.496166666666667	40.167851198658354
2422800.0	333.8983333333333	326.0016666666666	329.645	326.18499999999995	17.436666666666664	39.90860837827483
2426400.0	333.94999999999993	325.90999999999997	329.5616666666666	326.28666666666663	16.697666666666667	41.08130657073579
2430000.0	333.94999999999993	325.91999999999996	329.6383333333333	326.25666666666666	16.471166666666665	39.151138991711576
2433600.0	333.94999999999993	325.84999999999997	329.6833333333333	326.3416666666666	16.749166666666664	40.619098970204185
2437200.0	333.94999999999993	325.53166666666664	329.9366666666666	325.6166666666666	20.433499999999995	39.963661995286316
2440800.0	333.94333333333327	325.33500000000004	330.37666666666667	325.3166666666666	24.762833333333333	42.13982270010034
2444400.0	333.73333333333335	325.16166666666663	330.35499999999996	325.145	25.397166666666664	41.819191567293814
2448000.0	333.1833333333333	325.39	330.16833333333335	325.335	25.78666666666667	41.616295029296296
2451600.0	332.74999999999994	325.59	329.8016666666666	325.6483333333333	22.534666666666666	38.962408655116114
2455200.0	333.28	325.49666666666667	330.0083333333333	325.5883333333333	21.838833333333334	38.53036630751531
2458800.0	333.79166666666663	325.53000000000003	329.9599999999999	325.52666666666664	20.776166666666665	38.84553995459996
2462400.0	333.84999999999997	325.45	330.04999999999995	325.75	20.88	40.788837209302386
2466000.0	333.84999999999997	325.45	330.04999999999995	325.75	20.88	40.788837209302386
2469600.0	333.84999999999997	325.5949999999999	329.9	326.00333333333333	19.819333333333333	42.08945602039098
2473200.0	333.84999999999997	325.82666666666665	329.605	325.9599999999999	17.045666666666666	37.728893154815026
2476800.0	334.3083333333333	325.6383333333333	329.72999999999996	325.82	18.670666666666666	41.66653769137456
2480400.0	334.35	325.385	330.26	325.22666666666663	22.238833333333332	39.792575123570046
2484000.0	334.03999999999996	324.9183333333333	330.0633333333333	324.7049999999999	24.967166666666664	42.52065738130785
2487600.0	333.75	325.365	330.0899999999999	325.39333333333326	21.794166666666666	38.950467747090414
2491200.0	333.75	325.3733333333333	330.12166666666667	325.63999999999993	21.455999999999996	40.35854870862139
2494800.0	333.75	325.555	329.87999999999994	325.9016666666666	19.665499999999998	40.582967312976436
2498400.0	333.75	325.6116666666666	329.87499999999994	325.90166666666664	19.180999999999997	39.33106612104029
2502000.0	333.75	325.84999999999997	329.405	325.5766666666666	17.9625	37.23454788891101
2505600.0	333.75	325.84999999999997	329.25	325.24999999999994	18.28	36.103
2509200.0	333.75	325.84999999999997	329.25	325.24999999999994	18.28	36.103
2512800.0	333.75	325.84999999999997	329.25	325.24999999999994	18.28	36.103
2516400.0	333.75	325.84999999999997	329.25	325.24999999999994	18.28	36.103
2520000.0	333.75	325.84999999999997	329.25	325.24999999999994	18.28	36.103
2523600.0	333.75	325.84999999999997	329.25	325.24999999999994	18.28	36.103
2527200.0	332.98499999999996	322.9566666666666	329.4566666666666	320.62666666666667	31.842499999999994	38.20464755984564
2530800.0	332.94166666666666	325.1633333333333	330.3216666666666	324.78166666666664	28.160000000000004	39.545734424272695
2534400.0	332.525	325.5799999999999	330.0733333333333	325.26	27.368166666666667	39.63634661727413
2538000.0	333.15	325.3783333333333	330.1683333333333	325.4483333333333	24.298666666666662	40.02194912512985
2541600.0	333.68499999999995	325.7833333333333	329.7183333333333	325.76833333333326	19.756999999999998	39.85687617334896
2545200.0	333.47499999999997	325.8083333333333	329.75	326.00999999999993	20.77033333333333	40.19546650658615
2548800.0	333.7966666666666	325.9083333333333	329.6833333333333	326.0383333333333	18.424	39.694341424070764
2552400.0	334.2633333333333	325.87333333333333	329.5766666666666	325.95500000000004	17.057833333333335	39.449256289240786
2556000.0	334.84999999999997	325.75	329.9033333333333	326.06999999999994	16.4685	39.202582395948994
2559600.0	334.84999999999997	325.56666666666666	329.93499999999995	326.22499999999997	16.869	42.26892893674251
2563200.0	334.84999999999997	325.7933333333333	329.74499999999995	325.88333333333327	16.872833333333332	39.59948112733726
2566800.0	333.4833333333333	325.465	329.9083333333333	325.19333333333327	23.791166666666662	39.20656062506151
2570400.0	334.47666666666663	325.1716666666666	330.2866666666667	325.14666666666665	22.093999999999998	40.29684270616773
2574000.0	334.39	325.7416666666667	330.38999999999993	325.89	20.401333333333334	39.93016080358759
2577600.0	334.75	325.56499999999994	330.03833333333324	325.64	19.460166666666666	40.5576348968722
2581200.0	335.2416666666667	325.5466666666666	329.86499999999995	325.8233333333333	16.685166666666664	40.17685384696761
2584800.0	334.4033333333333	325.905	329.7133333333333	325.9349999999999	17.087	38.31459308867341
