#1
double tab1(719,3)
# Date
# MESURE DE DEBIT COMPTEUR CHAUD - SSTA MULT
# MESURE DE TEMPERATURE DEPART COMPTEUR CHAUD - SSTA MULT
0.0	0.0	273.1499999999999
3600.0	0.0	273.1499999999999
7200.0	0.0	273.1499999999999
10800.0	0.0	273.1499999999999
14400.0	0.0	273.1499999999999
18000.0	0.0	273.1499999999999
21600.0	0.0	273.1499999999999
25200.0	0.0	273.1499999999999
28800.0	0.0	273.1499999999999
32400.0	0.0	273.1499999999999
36000.0	0.0	273.1499999999999
39600.0	0.0	273.1499999999999
43200.0	0.0	273.1499999999999
46800.0	0.0	273.1499999999999
50400.0	0.0	273.1499999999999
54000.0	0.0	273.1499999999999
57600.0	0.0	273.1499999999999
61200.0	0.0	273.1499999999999
64800.0	0.0	273.1499999999999
68400.0	0.0	273.1499999999999
72000.0	0.0	273.1499999999999
75600.0	0.0	273.1499999999999
79200.0	0.0	273.1499999999999
82800.0	0.0	273.1499999999999
86400.0	0.0	273.1499999999999
90000.0	0.0	273.1499999999999
93600.0	0.0	273.1499999999999
97200.0	0.0	273.1499999999999
100800.0	0.0	273.1499999999999
104400.0	0.0	273.1499999999999
108000.0	0.0	273.1499999999999
111600.0	0.0	273.1499999999999
115200.0	0.0	273.1499999999999
118800.0	0.0	273.1499999999999
122400.0	0.0	273.1499999999999
126000.0	0.0	273.1499999999999
129600.0	0.0	273.1499999999999
133200.0	0.0	273.1499999999999
136800.0	0.0	273.1499999999999
140400.0	0.0	273.1499999999999
144000.0	0.0	273.1499999999999
147600.0	0.0	273.1499999999999
151200.0	0.0	273.1499999999999
154800.0	0.0	273.1499999999999
158400.0	0.0	273.1499999999999
162000.0	0.0	273.1499999999999
165600.0	0.0	273.1499999999999
169200.0	0.0	273.1499999999999
172800.0	0.0	273.1499999999999
176400.0	0.0	273.1499999999999
180000.0	0.0	273.1499999999999
183600.0	0.0	273.1499999999999
187200.0	0.0	273.1499999999999
190800.0	0.0	273.1499999999999
194400.0	0.0	273.1499999999999
198000.0	0.0	273.1499999999999
201600.0	0.0	273.1499999999999
205200.0	0.0	273.1499999999999
208800.0	0.0	273.1499999999999
212400.0	0.0	273.1499999999999
216000.0	0.0	273.1499999999999
219600.0	0.0	273.1499999999999
223200.0	0.0	273.1499999999999
226800.0	0.0	273.1499999999999
230400.0	0.0	273.1499999999999
234000.0	0.0	273.1499999999999
237600.0	0.0	273.1499999999999
241200.0	0.0	273.1499999999999
244800.0	0.0	273.1499999999999
248400.0	0.0	273.1499999999999
252000.0	0.0	273.1499999999999
255600.0	0.0	273.1499999999999
259200.0	0.0	273.1499999999999
262800.0	0.0	273.1499999999999
266400.0	0.0	273.1499999999999
270000.0	0.0	273.1499999999999
273600.0	0.0	273.1499999999999
277200.0	0.0	273.1499999999999
280800.0	0.0	273.1499999999999
284400.0	0.0	273.1499999999999
288000.0	0.0	273.1499999999999
291600.0	0.0	273.1499999999999
295200.0	0.0	273.1499999999999
298800.0	0.0	273.1499999999999
302400.0	0.0	273.1499999999999
306000.0	0.0	273.1499999999999
309600.0	0.0	273.1499999999999
313200.0	0.9302777777777778	302.84999999999997
316800.0	1.7572222222222225	332.54999999999995
320400.0	1.971111111111111	332.54999999999995
324000.0	2.321851851851852	332.54999999999995
327600.0	2.3312037037037032	332.54999999999995
331200.0	2.3449074074074074	332.54999999999995
334800.0	2.250277777777778	332.54999999999995
338400.0	2.1802777777777775	332.54999999999995
342000.0	2.498425925925926	332.54999999999995
345600.0	3.0197222222222218	332.54999999999995
349200.0	3.007222222222222	332.54999999999995
352800.0	2.9363888888888883	332.54999999999995
356400.0	3.2294444444444443	332.54999999999995
360000.0	3.1175	332.54999999999995
363600.0	2.9675	332.54999999999995
367200.0	2.993888888888889	332.54999999999995
370800.0	2.9388888888888887	332.54999999999995
374400.0	3.279722222222222	332.54999999999995
378000.0	2.759722222222222	332.54999999999995
381600.0	2.454722222222222	332.54999999999995
385200.0	1.9066666666666665	332.54999999999995
388800.0	1.8966666666666665	332.54999999999995
392400.0	1.7008333333333334	332.54999999999995
396000.0	1.8202777777777777	332.54999999999995
399600.0	1.371111111111111	332.9833333333333
403200.0	1.8699999999999997	331.60333333333324
406800.0	2.1561111111111106	332.40166666666664
410400.0	2.149722222222222	332.54999999999995
414000.0	2.3691666666666666	332.66666666666663
417600.0	1.7869444444444444	333.04999999999995
421200.0	2.3611111111111107	332.54999999999995
424800.0	2.3591666666666664	332.54999999999995
428400.0	2.374166666666666	332.54999999999995
432000.0	2.758333333333333	332.54999999999995
435600.0	2.632361111111111	332.54999999999995
439200.0	3.0691666666666664	332.54999999999995
442800.0	2.8330555555555557	332.54999999999995
446400.0	2.735833333333333	332.54999999999995
450000.0	2.5233333333333334	332.54999999999995
453600.0	2.9494907407407407	332.54999999999995
457200.0	2.5730555555555554	332.54999999999995
460800.0	2.9730555555555553	332.54999999999995
464400.0	3.233333333333333	332.54999999999995
468000.0	3.233333333333333	332.54999999999995
471600.0	2.538333333333333	332.54999999999995
475200.0	1.536111111111111	332.54999999999995
478800.0	1.8352777777777776	332.54999999999995
482400.0	1.6288888888888886	332.54999999999995
486000.0	1.4824999999999997	332.54999999999995
489600.0	1.8191666666666666	332.54999999999995
493200.0	1.7372222222222222	332.54999999999995
496800.0	1.9191666666666665	332.24166666666656
500400.0	2.4627777777777777	332.3166666666666
504000.0	2.3316666666666666	332.54999999999995
507600.0	2.2058796296296297	332.54999999999995
511200.0	2.154722222222222	332.54999999999995
514800.0	1.5461111111111112	332.54999999999995
518400.0	1.5041666666666667	332.4916666666666
522000.0	1.5647222222222221	332.38333333333327
525600.0	1.5962037037037038	332.3833333333333
529200.0	1.5860185185185183	332.10833333333323
532800.0	1.7216666666666662	332.0916666666666
536400.0	1.729722222222222	332.54999999999995
540000.0	1.5516666666666667	332.54999999999995
543600.0	1.701111111111111	332.54999999999995
547200.0	2.591898148148148	332.54999999999995
550800.0	3.2955555555555556	332.54999999999995
554400.0	2.263888888888889	332.54999999999995
558000.0	2.5472685185185187	332.54999999999995
561600.0	2.0941666666666663	332.54999999999995
565200.0	2.0044444444444443	332.54999999999995
568800.0	1.8647222222222222	332.54999999999995
572400.0	1.41	332.54999999999995
576000.0	1.48	332.4749999999999
579600.0	1.8094444444444444	332.0499999999999
583200.0	1.935833333333333	332.3083333333333
586800.0	2.0969444444444445	332.54999999999995
590400.0	2.127407407407407	332.54999999999995
594000.0	2.0483333333333333	332.54999999999995
597600.0	2.2408333333333332	332.54999999999995
601200.0	1.9261111111111113	332.54999999999995
604800.0	2.0466666666666664	332.54999999999995
608400.0	1.8582407407407406	332.5333333333333
612000.0	1.8701851851851852	332.0499999999999
615600.0	1.8661574074074072	332.2666666666666
619200.0	2.2560648148148146	332.39166666666665
622800.0	2.063611111111111	332.54999999999995
626400.0	1.8424999999999998	332.31666666666666
630000.0	2.203333333333333	332.54999999999995
633600.0	2.8169444444444434	332.54999999999995
637200.0	2.8271759259259257	332.54999999999995
640800.0	2.4577777777777774	332.54999999999995
644400.0	2.089722222222222	332.54999999999995
648000.0	1.9499999999999997	332.54999999999995
651600.0	1.9499999999999997	332.54999999999995
655200.0	1.8661111111111108	332.4666666666666
658800.0	1.9266666666666667	332.07499999999993
662400.0	1.653333333333333	332.54999999999995
666000.0	1.9036111111111107	332.54999999999995
669600.0	2.3930555555555553	332.54999999999995
673200.0	2.5524999999999998	332.54999999999995
676800.0	2.741388888888889	332.54999999999995
680400.0	2.622222222222222	332.54999999999995
684000.0	2.526111111111111	332.54999999999995
687600.0	2.641944444444444	332.54999999999995
691200.0	2.270833333333333	332.54999999999995
694800.0	2.709629629629629	332.54999999999995
698400.0	2.479444444444444	332.54166666666663
702000.0	2.5300000000000002	332.2833333333333
705600.0	2.539722222222222	332.54999999999995
709200.0	2.7966666666666664	332.54999999999995
712800.0	2.765833333333333	332.54999999999995
716400.0	2.783333333333333	332.54999999999995
720000.0	2.9166666666666665	332.54166666666663
723600.0	3.7166666666666663	332.44999999999993
727200.0	3.1688888888888886	332.6
730800.0	2.0905555555555555	332.95
734400.0	2.158888888888889	332.95
738000.0	1.8016666666666667	332.95
741600.0	1.8455555555555554	332.8083333333333
745200.0	2.2116666666666664	332.44999999999993
748800.0	2.1063888888888886	332.44999999999993
752400.0	1.9166666666666665	332.44999999999993
756000.0	2.636111111111111	332.44999999999993
759600.0	2.6661111111111104	332.44999999999993
763200.0	2.753611111111111	332.7249999999999
766800.0	2.8127777777777774	332.44999999999993
770400.0	2.8113888888888887	332.44999999999993
774000.0	2.340833333333333	332.44999999999993
777600.0	2.0438888888888886	332.44999999999993
781200.0	1.6632407407407404	332.44999999999993
784800.0	1.89	332.44999999999993
788400.0	2.2388888888888885	332.44999999999993
792000.0	1.95	332.44999999999993
795600.0	2.008472222222222	332.44999999999993
799200.0	1.984444444444444	332.44999999999993
802800.0	1.9436111111111107	332.33333333333326
806400.0	2.4425	332.4916666666666
810000.0	2.7400462962962955	332.74166666666656
813600.0	3.1187499999999995	332.44999999999993
817200.0	2.4369444444444444	332.44999999999993
820800.0	2.7891666666666666	332.44999999999993
824400.0	2.5508333333333333	332.44999999999993
828000.0	2.4202777777777778	332.44999999999993
831600.0	2.360833333333333	332.44999999999993
835200.0	2.3284722222222216	332.44999999999993
838800.0	2.385	332.78166666666664
842400.0	2.7505555555555556	332.34999999999997
846000.0	2.6645833333333333	332.34999999999997
849600.0	2.7158333333333333	332.4749999999999
853200.0	2.265833333333333	332.6166666666666
856800.0	2.4463888888888885	332.5833333333333
860400.0	2.5408333333333335	332.34999999999997
864000.0	2.4705555555555554	332.34999999999997
867600.0	2.639490740740741	332.57499999999993
871200.0	2.460833333333333	332.5166666666666
874800.0	2.5758333333333336	332.34999999999997
878400.0	2.5875	332.34999999999997
882000.0	2.904259259259259	332.34999999999997
885600.0	2.7562962962962962	332.34999999999997
889200.0	2.6238888888888887	332.4666666666666
892800.0	2.948333333333333	332.85
896400.0	3.210648148148147	332.7916666666667
900000.0	2.9519444444444445	332.34999999999997
903600.0	2.5355555555555553	332.34999999999997
907200.0	2.1309722222222223	332.34999999999997
910800.0	1.893333333333333	332.34999999999997
914400.0	2.096944444444444	332.79999999999995
918000.0	2.3091666666666666	332.85
921600.0	2.1758333333333333	332.85
925200.0	2.474722222222222	332.85
928800.0	2.633888888888889	332.6833333333333
932400.0	2.8741666666666665	332.4083333333333
936000.0	2.6725	332.45833333333326
939600.0	2.5433796296296296	332.45833333333326
943200.0	2.5056944444444444	332.34999999999997
946800.0	2.5574999999999997	332.34999999999997
950400.0	2.4458333333333333	332.34999999999997
954000.0	2.3891666666666667	332.34999999999997
957600.0	2.4464351851851847	332.6333333333333
961200.0	2.6897222222222217	332.7916666666667
964800.0	2.5402777777777774	332.34999999999997
968400.0	2.516388888888889	332.34999999999997
972000.0	2.4074999999999998	332.34999999999997
975600.0	2.5025925925925927	332.6333333333333
979200.0	3.109722222222222	332.85
982800.0	3.2838888888888884	332.62499999999994
986400.0	2.5455555555555556	332.6833333333333
990000.0	2.048333333333333	332.85
993600.0	1.9199074074074072	332.85
997200.0	1.9738888888888886	332.85
1000800.0	1.79	332.5166666666666
1004400.0	2.142222222222222	332.51666666666665
1008000.0	1.9769444444444444	332.85
1011600.0	2.238611111111111	332.85
1015200.0	2.3252777777777776	332.66666666666663
1018800.0	2.520185185185185	332.34999999999997
1022400.0	2.443333333333333	332.34999999999997
1026000.0	2.6963888888888885	332.34999999999997
1029600.0	2.8338888888888887	332.34999999999997
1033200.0	2.9991666666666665	332.48333333333335
1036800.0	2.9952777777777775	332.85
1040400.0	3.586388888888888	332.85
1044000.0	3.455509259259259	332.85
1047600.0	3.5615277777777776	332.85
1051200.0	3.657222222222222	332.3916666666666
1054800.0	3.7338888888888886	332.8166666666666
1058400.0	3.3213888888888885	332.76666666666665
1062000.0	3.4655555555555555	332.34999999999997
1065600.0	3.3327777777777774	332.0
1069200.0	2.877222222222222	331.8666666666667
1072800.0	3.0321296296296296	332.04166666666663
1076400.0	2.364074074074074	332.2916666666667
1080000.0	1.8476388888888888	333.01666666666665
1083600.0	1.7130555555555556	333.25
1087200.0	1.9713888888888889	333.25
1090800.0	2.041666666666666	333.4166666666667
1094400.0	2.1204629629629625	333.71666666666664
1098000.0	2.3705555555555553	333.46666666666664
1101600.0	2.4916666666666667	333.25
1105200.0	2.523055555555555	333.25
1108800.0	2.542222222222222	333.31666666666666
1112400.0	2.5191666666666666	333.75
1116000.0	2.6465740740740737	333.75
1119600.0	2.5974999999999997	333.75
1123200.0	2.692824074074074	333.2916666666667
1126800.0	2.6755555555555555	333.25
1130400.0	2.482083333333333	333.6
1134000.0	2.6305555555555555	333.625
1137600.0	2.9461111111111107	333.44166666666666
1141200.0	2.3191666666666664	333.75
1144800.0	2.380833333333333	333.725
1148400.0	2.501666666666666	333.4166666666667
1152000.0	2.6174999999999997	333.25
1155600.0	2.399166666666667	333.25
1159200.0	1.907222222222222	333.25
1162800.0	1.3016666666666665	333.25
1166400.0	0.9772222222222222	333.22499999999997
1170000.0	1.1427777777777777	332.74999999999994
1173600.0	1.3230555555555554	332.7166666666667
1177200.0	1.2014351851851852	332.95
1180800.0	1.2313888888888886	332.95
1184400.0	1.3077777777777775	333.01666666666665
1188000.0	1.446111111111111	333.4583333333333
1191600.0	1.3869907407407407	333.7833333333333
1195200.0	1.583888888888889	333.45
1198800.0	1.5830555555555552	333.23333333333335
1202400.0	1.533611111111111	333.13999999999993
1206000.0	1.6055555555555554	333.5499999999999
1209600.0	1.7466666666666666	333.8916666666666
1213200.0	1.9039351851851851	333.1966666666666
1216800.0	1.7627777777777776	333.5466666666666
1220400.0	1.8102777777777777	333.09833333333336
1224000.0	1.7022222222222223	333.25
1227600.0	1.8338888888888891	333.25
1231200.0	1.7325	333.2583333333333
1234800.0	1.503888888888889	333.3
1238400.0	1.6480555555555556	333.25
1242000.0	1.3637037037037034	333.25
1245600.0	1.5341666666666667	333.25
1249200.0	1.1644444444444442	333.25
1252800.0	1.2594444444444446	333.2833333333333
1256400.0	1.1227777777777777	333.45
1260000.0	1.1894444444444443	333.5833333333333
1263600.0	1.1516666666666666	333.38833333333326
1267200.0	1.3533333333333333	333.45
1270800.0	1.4666666666666668	333.45
1274400.0	1.4666666666666668	333.45
1278000.0	1.5227777777777778	333.21999999999997
1281600.0	1.7694444444444442	333.34999999999997
1285200.0	1.8491666666666666	333.34999999999997
1288800.0	1.8671296296296296	333.34999999999997
1292400.0	1.9691666666666667	333.34999999999997
1296000.0	2.285833333333333	333.34999999999997
1299600.0	2.3688888888888884	333.5999999999999
1303200.0	2.1338425925925923	333.84999999999997
1306800.0	2.073472222222222	334.1333333333333
1310400.0	2.158888888888889	333.0533333333332
1314000.0	2.2780555555555555	333.3666666666667
1317600.0	2.2405555555555554	333.65
1321200.0	2.3297222222222222	333.1666666666666
1324800.0	2.047222222222222	332.66666666666663
1328400.0	2.062222222222222	332.65
1332000.0	1.4461111111111111	332.66666666666663
1335600.0	1.3571296296296294	333.54999999999995
1339200.0	1.3588888888888886	333.65
1342800.0	0.6619444444444444	333.65
1346400.0	1.006111111111111	333.23499999999996
1350000.0	1.6824999999999997	330.7
1353600.0	1.6172222222222221	332.5366666666667
1357200.0	1.5333333333333332	332.95
1360800.0	1.5333333333333332	332.95
1364400.0	1.283611111111111	333.135
1368000.0	1.5755555555555554	333.48333333333335
1371600.0	1.4233333333333331	333.8
1375200.0	1.4533333333333334	334.24999999999994
1378800.0	1.8293055555555553	333.59666666666664
1382400.0	1.8408333333333333	333.9083333333333
1386000.0	1.7144444444444442	333.84999999999997
1389600.0	2.078611111111111	333.84999999999997
1393200.0	1.9611111111111108	333.84999999999997
1396800.0	1.9630555555555553	333.84999999999997
1400400.0	1.9505555555555554	333.84999999999997
1404000.0	1.8805555555555553	333.39166666666665
1407600.0	1.745277777777778	333.34999999999997
1411200.0	1.8213888888888887	333.34999999999997
1414800.0	1.708333333333333	333.34999999999997
1418400.0	1.6874999999999996	333.34999999999997
1422000.0	1.5494444444444442	333.34999999999997
1425600.0	1.35	333.34999999999997
1429200.0	1.2408333333333332	333.34999999999997
1432800.0	1.134722222222222	333.75
1436400.0	1.2669444444444444	333.82499999999993
1440000.0	2.795740740740741	332.47833333333335
1443600.0	2.501666666666667	333.21666666666664
1447200.0	1.9968981481481483	333.3833333333333
1450800.0	1.743611111111111	333.69166666666666
1454400.0	1.6574999999999998	333.25
1458000.0	1.7626851851851852	333.25
1461600.0	1.9730555555555553	333.25
1465200.0	2.0499537037037037	333.29999999999995
1468800.0	2.4463888888888885	333.75
1472400.0	2.179444444444444	333.75
1476000.0	2.3594444444444442	334.07499999999993
1479600.0	2.5327777777777776	334.24999999999994
1483200.0	3.5553240740740737	332.1766666666667
1486800.0	3.011111111111111	332.6666666666666
1490400.0	2.8547222222222217	333.225
1494000.0	3.035555555555555	333.3333333333333
1497600.0	2.9527777777777775	333.75
1501200.0	2.6526388888888883	333.75
1504800.0	2.097777777777778	333.475
1508400.0	1.9697222222222222	333.29999999999995
1512000.0	2.041018518518518	333.75
1515600.0	1.9305555555555554	333.43333333333334
1519200.0	1.8102777777777774	333.25
1522800.0	1.536851851851852	333.25
1526400.0	1.8672222222222217	333.25
1530000.0	1.9155555555555552	333.25
1533600.0	1.783611111111111	333.25
1537200.0	1.924722222222222	333.25
1540800.0	2.3545833333333333	333.25
1544400.0	2.5425	333.25
1548000.0	2.706666666666667	333.25
1551600.0	2.918611111111111	333.6166666666667
1555200.0	2.9286111111111106	333.75
1558800.0	2.8839351851851847	333.75
1562400.0	2.8280555555555553	333.75
1566000.0	3.0774999999999997	333.75
1569600.0	2.819444444444444	333.75
1573200.0	3.071111111111111	333.75
1576800.0	2.9396296296296294	333.53333333333336
1580400.0	3.036111111111111	333.68333333333334
1584000.0	2.910277777777777	333.75
1587600.0	2.325833333333333	333.71666666666664
1591200.0	2.0949999999999998	333.25
1594800.0	2.215	333.6166666666667
1598400.0	1.728888888888889	333.6166666666667
1602000.0	2.2530555555555556	333.25
1605600.0	1.9511111111111108	333.25
1609200.0	1.7988888888888888	333.25
1612800.0	2.145277777777778	333.25
1616400.0	1.940833333333333	333.34166666666664
1620000.0	2.118888888888889	333.43333333333334
1623600.0	2.2516203703703703	333.25
1627200.0	2.933611111111111	333.325
1630800.0	2.4302777777777775	333.4
1634400.0	2.5675	332.8499999999999
1638000.0	2.7041666666666666	332.85833333333335
1641600.0	2.5282870370370367	333.25
1645200.0	2.7030555555555553	333.575
1648800.0	2.880555555555555	333.75
1652400.0	2.5655555555555556	333.75
1656000.0	2.808333333333333	333.65833333333336
1659600.0	3.161666666666666	333.25
1663200.0	3.0841666666666665	333.1166666666666
1666800.0	2.8369444444444443	332.74999999999994
1670400.0	3.119999999999999	332.4083333333333
1674000.0	2.952222222222222	331.8283333333333
1677600.0	3.2380555555555555	331.60833333333323
1681200.0	2.9716666666666667	331.9083333333333
1684800.0	2.881388888888889	332.15
1688400.0	2.242222222222222	332.3666666666666
1692000.0	2.081111111111111	333.0083333333333
1695600.0	1.9538888888888886	333.65
1699200.0	2.8027777777777776	332.05999999999995
1702800.0	2.282222222222222	333.1083333333333
1706400.0	2.2961111111111108	333.5499999999999
1710000.0	2.2327777777777778	333.5499999999999
1713600.0	2.0604166666666663	333.5499999999999
1717200.0	2.410833333333333	333.5499999999999
1720800.0	2.8444444444444446	333.5499999999999
1724400.0	2.528611111111111	333.5499999999999
1728000.0	2.339722222222222	333.5499999999999
1731600.0	2.739027777777778	333.5499999999999
1735200.0	2.5541666666666667	333.5499999999999
1738800.0	2.517777777777778	333.5499999999999
1742400.0	2.520277777777778	333.5499999999999
1746000.0	2.5813888888888887	333.5499999999999
1749600.0	2.7205555555555554	333.5499999999999
1753200.0	2.464444444444444	333.4749999999999
1756800.0	2.4103703703703703	333.0833333333333
1760400.0	2.2606018518518516	333.5499999999999
1764000.0	1.8900000000000001	333.5499999999999
1767600.0	1.8152777777777778	333.5499999999999
1771200.0	1.8813888888888888	333.5499999999999
1774800.0	1.8258333333333332	333.21833333333325
1778400.0	1.8497222222222223	331.06999999999994
1782000.0	2.049166666666667	331.36333333333334
1785600.0	2.2822222222222224	331.54499999999996
1789200.0	1.9874999999999998	332.6633333333333
1792800.0	1.9841666666666664	333.35999999999996
1796400.0	2.18	332.885
1800000.0	1.7930555555555554	333.45
1803600.0	2.05	333.65
1807200.0	2.0174999999999996	333.9833333333333
1810800.0	1.7152777777777777	333.34999999999997
1814400.0	2.0441666666666665	333.4116666666666
1818000.0	2.0535648148148145	332.7699999999999
1821600.0	2.3413888888888885	332.575
1825200.0	2.6200925925925924	332.4583333333333
1828800.0	2.56287037037037	332.25
1832400.0	2.221111111111111	331.9
1836000.0	2.0505555555555555	333.4099999999999
1839600.0	2.063611111111111	333.5499999999999
1843200.0	1.8074999999999999	333.5499999999999
1846800.0	1.5619444444444446	333.82
1850400.0	1.4833333333333334	333.8616666666666
1854000.0	1.5762499999999997	333.4249999999999
1857600.0	1.5969444444444445	333.0666666666666
1861200.0	1.0625	333.04999999999995
1864800.0	0.8833333333333331	333.04999999999995
1868400.0	0.8833333333333331	333.04999999999995
1872000.0	1.325	333.04999999999995
1875600.0	1.5647222222222221	333.04999999999995
1879200.0	1.5105555555555554	332.7216666666666
1882800.0	1.633333333333333	331.54999999999995
1886400.0	1.633333333333333	331.54999999999995
1890000.0	1.6349999999999998	332.15666666666664
1893600.0	1.48	333.26333333333326
1897200.0	1.560833333333333	332.24833333333333
1900800.0	1.8925	332.46666666666664
1904400.0	1.8080555555555553	332.56666666666666
1908000.0	2.0552777777777775	332.65833333333325
1911600.0	1.899444444444444	332.74999999999994
1915200.0	1.8816666666666664	332.74999999999994
1918800.0	1.6619444444444442	332.74999999999994
1922400.0	1.5691666666666664	332.74999999999994
1926000.0	1.705833333333333	332.08833333333325
1929600.0	1.4441666666666668	333.46166666666664
1933200.0	1.3677777777777775	332.145
1936800.0	1.605833333333333	331.37499999999994
1940400.0	1.1955555555555555	332.17999999999995
1944000.0	1.0108333333333333	332.32333333333327
1947600.0	0.9036111111111111	333.2899999999999
1951200.0	1.1505555555555556	333.13333333333327
1954800.0	1.1783333333333332	332.65
1958400.0	1.2241666666666666	332.65
1962000.0	0.9213888888888888	332.8066666666666
1965600.0	1.2660185185185187	332.85
1969200.0	1.0274999999999999	332.5583333333333
1972800.0	1.2467592592592593	332.93833333333333
1976400.0	1.5229166666666665	332.89666666666665
1980000.0	1.2049999999999998	333.4383333333333
1983600.0	1.4558796296296297	332.63
1987200.0	1.4477777777777778	333.34999999999997
1990800.0	1.633333333333333	333.34999999999997
1994400.0	1.5899999999999999	333.34999999999997
1998000.0	1.7069444444444444	333.34999999999997
2001600.0	1.8827777777777777	333.34999999999997
2005200.0	1.7716666666666667	333.34999999999997
2008800.0	1.6577777777777776	333.34999999999997
2012400.0	1.5391666666666663	333.18999999999994
2016000.0	2.0625	333.26
2019600.0	1.7905555555555552	333.34999999999997
2023200.0	1.4973611111111111	333.34999999999997
2026800.0	1.519722222222222	333.34999999999997
2030400.0	1.6912499999999997	333.34999999999997
2034000.0	1.9823611111111108	333.34999999999997
2037600.0	1.5786111111111112	333.34999999999997
2041200.0	1.5191666666666666	333.34999999999997
2044800.0	1.6363888888888884	333.34999999999997
2048400.0	1.682222222222222	333.34999999999997
2052000.0	1.7405555555555554	333.34999999999997
2055600.0	1.4158333333333333	333.22333333333336
2059200.0	1.2155555555555555	332.99333333333334
2062800.0	1.4377777777777776	333.24166666666656
2066400.0	1.5966666666666667	333.1499999999999
2070000.0	1.616111111111111	333.185
2073600.0	1.8574999999999997	332.5516666666666
2077200.0	2.1094444444444442	333.36666666666656
2080800.0	2.0725925925925925	333.5499999999999
2084400.0	2.2377777777777776	333.5499999999999
2088000.0	2.170833333333333	333.43833333333333
2091600.0	2.1486111111111112	333.25
2095200.0	1.884212962962963	333.25
2098800.0	1.6641666666666666	333.25
2102400.0	2.0152777777777775	333.25
2106000.0	1.8033333333333332	333.25
2109600.0	1.4277777777777776	332.9833333333333
2113200.0	1.3424999999999998	332.74999999999994
2116800.0	0.9594444444444444	332.74999999999994
2120400.0	1.3799999999999997	332.3266666666666
2124000.0	1.4808333333333332	332.97666666666663
2127600.0	1.2636111111111112	332.0516666666666
2131200.0	1.533611111111111	333.21666666666664
2134800.0	1.4274999999999998	333.25
2138400.0	1.5655555555555554	333.25
2142000.0	1.7233333333333334	333.25
2145600.0	1.5733333333333333	332.7749999999999
2149200.0	1.9822222222222219	333.00833333333327
2152800.0	1.5800000000000003	333.51666666666654
2156400.0	1.5723148148148147	333.5499999999999
2160000.0	2.0060185185185184	333.5499999999999
2163600.0	2.3719444444444444	333.5499999999999
2167200.0	2.287777777777778	333.5499999999999
2170800.0	2.3691666666666666	333.5499999999999
2174400.0	2.406574074074074	333.5499999999999
2178000.0	2.456111111111111	333.5499999999999
2181600.0	2.4725	333.655
2185200.0	2.6774999999999993	332.69333333333327
2188800.0	1.9352777777777777	333.66666666666663
2192400.0	1.8441666666666663	333.75
2196000.0	2.188888888888889	333.275
2199600.0	2.096435185185185	333.2433333333333
2203200.0	2.593888888888889	333.68999999999994
2206800.0	2.359074074074074	333.93333333333334
2210400.0	1.7638888888888886	333.89
2214000.0	1.4113888888888888	332.8166666666666
2217600.0	1.678888888888889	333.14
2221200.0	1.7516666666666667	333.06666666666666
2224800.0	1.7257407407407408	333.23
2228400.0	1.3772222222222221	333.00499999999994
2232000.0	1.565185185185185	333.19999999999993
2235600.0	1.8496759259259257	332.9183333333333
2239200.0	2.0030555555555556	332.375
2242800.0	2.3177777777777773	332.4083333333333
2246400.0	1.8937037037037032	332.7
2250000.0	2.032222222222222	333.66666666666663
2253600.0	1.9005555555555556	334.49999999999994
2257200.0	2.3044444444444445	333.8133333333333
2260800.0	2.2027777777777775	334.58333333333326
2264400.0	1.9566666666666666	334.45
2268000.0	2.135	334.48333333333335
2271600.0	2.2294444444444443	334.1833333333333
2275200.0	2.6077777777777778	333.76666666666665
2278800.0	2.194166666666667	332.6733333333333
2282400.0	2.6552777777777776	332.14166666666665
2286000.0	1.856111111111111	332.4
2289600.0	1.456111111111111	333.1333333333333
2293200.0	1.3394444444444442	333.99999999999994
2296800.0	1.340277777777778	333.62
2300400.0	1.6383333333333334	331.31666666666666
2304000.0	1.6066666666666665	333.1166666666667
2307600.0	1.541111111111111	333.4483333333333
2311200.0	1.3875	334.04999999999995
2314800.0	1.4100000000000001	333.56666666666655
2318400.0	1.3336111111111109	333.3083333333333
2322000.0	1.4452777777777777	333.12499999999994
2325600.0	1.4502777777777776	333.5499999999999
2329200.0	1.708333333333333	333.49999999999994
2332800.0	2.2427777777777775	332.95
2336400.0	2.491111111111111	333.1583333333333
2340000.0	2.227222222222222	333.1516666666666
2343600.0	2.111944444444444	333.1499999999999
2347200.0	2.1611111111111105	333.1499999999999
2350800.0	1.9716666666666662	333.1499999999999
2354400.0	2.1205555555555557	333.1499999999999
2358000.0	2.047824074074074	333.73999999999995
2361600.0	1.7369444444444442	334.24999999999994
2365200.0	1.5155555555555555	334.22999999999996
2368800.0	1.6779166666666665	332.5466666666666
2372400.0	1.3830555555555555	332.84
2376000.0	1.2655555555555555	333.21666666666664
2379600.0	1.988611111111111	332.03499999999997
2383200.0	1.8463888888888889	333.1833333333333
2386800.0	1.7335648148148148	333.5499999999999
2390400.0	1.8847222222222222	333.5499999999999
2394000.0	1.8899999999999997	333.5499999999999
2397600.0	1.8524999999999998	333.5499999999999
2401200.0	1.8552777777777778	333.5499999999999
2404800.0	2.2057407407407403	333.5499999999999
2408400.0	2.2609259259259256	333.5499999999999
2412000.0	2.430555555555556	333.5499999999999
2415600.0	2.4866666666666664	333.5499999999999
2419200.0	2.247222222222222	333.5499999999999
2422800.0	2.361388888888889	333.46333333333325
2426400.0	2.533888888888889	333.475
2430000.0	2.4658333333333333	333.8666666666666
2433600.0	2.612175925925926	333.45
2437200.0	2.6377777777777776	333.45
2440800.0	2.3658333333333332	333.45
2444400.0	2.2247222222222223	333.43
2448000.0	2.4975	332.85
2451600.0	2.326388888888889	332.5666666666666
2455200.0	1.8127777777777776	332.9083333333333
2458800.0	1.468888888888889	333.34999999999997
2462400.0	1.5138888888888888	333.34999999999997
2466000.0	1.642222222222222	333.34999999999997
2469600.0	1.7666666666666666	333.34999999999997
2473200.0	1.766111111111111	333.34999999999997
2476800.0	1.705	333.34999999999997
2480400.0	1.801111111111111	333.34999999999997
2484000.0	1.875	333.575
2487600.0	2.0418518518518516	333.34999999999997
2491200.0	1.7388888888888887	333.34999999999997
2494800.0	2.2505555555555556	333.34999999999997
2498400.0	2.256944444444444	333.34999999999997
2502000.0	2.2811111111111106	333.58333333333326
2505600.0	2.1916666666666664	333.72999999999996
2509200.0	2.326111111111111	333.5333333333333
2512800.0	2.394444444444444	334.24999999999994
2516400.0	2.1277777777777778	334.24999999999994
2520000.0	2.035833333333333	334.24999999999994
2523600.0	2.1288888888888886	334.24999999999994
2527200.0	2.243888888888889	334.24999999999994
2530800.0	2.13	333.06833333333327
2534400.0	2.402222222222222	332.0566666666666
2538000.0	2.520555555555555	332.7666666666666
2541600.0	1.5909259259259256	333.13333333333327
2545200.0	1.6191666666666666	332.5383333333333
2548800.0	1.3502777777777777	332.93333333333334
2552400.0	0.9308333333333334	333.35999999999996
2556000.0	1.381111111111111	334.01833333333326
2559600.0	1.3875	334.00833333333327
2563200.0	1.223888888888889	334.24999999999994
2566800.0	1.4602777777777778	333.27166666666665
2570400.0	2.0161111111111105	333.21666666666664
2574000.0	2.05	333.45
2577600.0	2.05	333.45
2581200.0	1.6845370370370367	334.22333333333324
2584800.0	1.5243518518518517	334.2383333333333
