#1
double tab1(719,7)
# Date
# DEC001_____TT511__RUP_
# DEC001_____TT521__RUP_
# DEG001_____TT111__RUP_
# DEG001_____TT121__RUP_
# Eau chaude - Débit réseau (valeur OK) (m3/h)
# DEG001_____FT121__RUP_
0.0	333.44933333333336	327.27116666666666	279.5185	281.5920833333333	167.81	58.62499999999999
3600.0	333.38533333333334	327.28516666666667	279.61074999999994	281.2319166666666	165.4683333333333	40.864999999999995
7200.0	333.12449999999995	327.1449999999999	279.7085833333333	281.18883333333326	167.24833333333333	40.265
10800.0	332.9593333333333	326.64899999999994	279.45799999999997	280.8485833333333	176.21	41.541666666666664
14400.0	333.10549999999995	326.4508333333333	279.20424999999994	281.2253333333333	181.29333333333335	54.54333333333334
18000.0	333.2346666666666	326.03866666666664	278.81825	280.9583333333333	191.49833333333333	50.675
21600.0	333.2126666666666	326.1548333333333	278.8358333333333	280.47049999999996	184.10500000000002	38.605
25200.0	333.10349999999994	325.75216666666665	278.6788333333333	280.3925833333333	190.43166666666667	41.42666666666667
28800.0	333.2673333333333	325.7171666666666	278.4516666666666	280.6445833333333	191.695	55.00833333333333
32400.0	333.4303333333333	326.4313333333333	278.90024999999997	280.9328333333333	181.34833333333333	47.54
36000.0	333.351	326.8161666666666	279.29049999999995	280.95724999999993	174.32	41.42333333333333
39600.0	333.4258333333333	327.0535	279.44124999999997	280.96124999999995	171.88	43.32666666666666
43200.0	333.4523333333333	327.34383333333335	279.63649999999996	281.36499999999995	167.95333333333332	56.72333333333333
46800.0	333.5754999999999	327.4673333333333	279.5663333333333	281.51849999999996	162.93666666666664	54.67
50400.0	333.629	327.6298333333333	279.67616666666663	281.3359166666666	160.625	46.39833333333334
54000.0	333.5728333333333	327.68049999999994	279.78999999999996	281.2636666666666	158.96499999999997	47.529999999999994
57600.0	333.3853333333333	327.4971666666666	279.79541666666665	281.6843333333333	163.78166666666667	55.464999999999996
61200.0	333.09783333333326	326.58849999999995	279.35816666666665	281.55858333333333	179.53833333333336	53.58833333333333
64800.0	333.13466666666665	326.17099999999994	278.97308333333325	280.84375	185.39	41.550000000000004
68400.0	333.29483333333326	326.33466666666664	278.93458333333325	280.6796666666666	184.59166666666664	41.72666666666666
72000.0	333.2753333333333	326.3716666666666	279.04708333333326	280.8824166666666	182.64333333333332	49.026666666666664
75600.0	333.2738333333333	326.28683333333333	279.01858333333325	281.3495	187.55333333333334	56.62333333333333
79200.0	333.31583333333333	326.41666666666663	279.06274999999994	280.8234166666666	182.655	40.76499999999999
82800.0	333.2673333333333	326.66766666666666	279.2934166666666	280.83358333333325	179.92666666666665	39.776666666666664
86400.0	333.0805	326.72499999999997	279.5523333333333	280.8875	178.25666666666666	41.84166666666666
90000.0	333.0673333333333	326.6403333333333	279.5105	281.32108333333326	182.4466666666667	54.08
93600.0	332.9273333333333	326.37299999999993	279.39174999999994	281.2455833333333	184.25833333333333	49.761666666666656
97200.0	333.3705	326.37749999999994	278.9300833333333	280.5204166666666	184.77333333333334	38.81
100800.0	333.41266666666667	326.62416666666667	279.09483333333327	280.5148333333333	180.65333333333334	38.87833333333333
104400.0	333.33866666666665	326.3381666666666	278.93041666666664	280.54499999999996	183.13666666666666	46.04833333333333
108000.0	333.26949999999994	325.9043333333333	278.60958333333326	280.9856666666666	187.87	57.565000000000005
111600.0	333.38416666666666	326.03783333333325	278.6338333333333	280.5318333333333	186.98666666666665	42.655
115200.0	333.2869999999999	326.1816666666667	278.81083333333333	280.4509166666666	183.66500000000002	39.44833333333333
118800.0	333.4198333333333	326.5576666666666	278.9594166666666	280.57175	177.83166666666665	44.40166666666666
122400.0	333.3051666666666	326.9203333333333	279.43474999999995	281.40774999999996	173.20833333333334	58.144999999999996
126000.0	333.3838333333333	327.02599999999995	279.40999999999997	281.24316666666664	170.80666666666667	46.136666666666656
129600.0	333.428	327.26266666666663	279.59674999999993	281.15125	167.71499999999997	41.22833333333333
133200.0	333.50466666666665	327.2751666666666	279.42533333333324	280.85875	166.03833333333333	43.078333333333326
136800.0	333.5668333333333	327.66166666666663	279.7670833333333	281.5965	161.05	57.66
140400.0	333.37899999999996	327.6881666666667	279.97666666666663	282.00075	159.21666666666667	58.42166666666667
144000.0	333.1928333333333	327.453	279.9736666666666	281.4601666666666	165.83166666666668	41.95666666666666
147600.0	333.1155	327.1113333333333	279.79391666666663	281.19249999999994	171.90333333333334	41.721666666666664
151200.0	333.3106666666666	326.91799999999995	279.40074999999996	281.20041666666657	174.71166666666664	48.585
154800.0	333.20283333333333	327.0028333333333	279.561	281.86091666666664	169.48666666666668	61.05166666666666
158400.0	333.10716666666667	326.84216666666657	279.49074999999993	281.32783333333333	170.99	44.97666666666666
162000.0	333.4231666666666	327.1615	279.4903333333333	281.1497499999999	168.65166666666667	43.53666666666666
165600.0	333.6064999999999	327.46299999999997	279.53574999999995	281.44241666666665	163.29666666666665	57.28333333333334
169200.0	333.3136666666666	327.5564999999999	279.94808333333333	281.8021666666666	163.51666666666668	52.5
172800.0	333.54816666666665	327.66549999999995	279.8708333333333	281.4599999999999	173.38	41.93166666666667
176400.0	333.65799999999996	328.1341666666666	280.18816666666663	281.46708333333333	169.11333333333332	40.87833333333333
180000.0	333.58899999999994	328.2366666666666	280.3410833333333	281.6170833333333	164.65499999999997	47.241666666666674
183600.0	333.52283333333327	328.1753333333333	280.3100833333333	282.09191666666663	164.92333333333332	60.191666666666656
187200.0	333.39233333333334	328.01399999999995	280.30566666666664	281.8301666666666	167.91666666666666	48.52
190800.0	333.32399999999996	327.4385	279.96799999999996	281.3693333333333	179.35833333333335	42.455
194400.0	333.41049999999996	327.22366666666665	279.6495	281.3658333333333	180.15833333333333	53.34499999999999
198000.0	333.493	327.3888333333333	279.6748333333333	281.9575833333333	176.27999999999997	61.16166666666667
201600.0	333.41666666666663	327.4946666666666	279.7599166666666	281.5098333333333	162.48333333333332	43.446666666666665
205200.0	333.47599999999994	327.3473333333333	279.52699999999993	281.3263333333333	159.55	46.67833333333333
208800.0	333.58099999999996	327.9606666666666	280.0419999999999	282.1211666666666	154.17166666666665	65.13
212400.0	333.69433333333325	328.2988333333333	280.2376666666666	282.3215833333333	147.69666666666666	58.410000000000004
216000.0	333.77199999999993	328.6373333333333	280.55049999999994	282.09574999999995	140.7483333333333	47.089999999999996
219600.0	333.56333333333333	328.5308333333333	280.6558333333333	282.13291666666663	140.325	52.468333333333334
223200.0	333.3636666666666	328.36516666666665	280.62674999999996	282.91766666666666	142.4283333333333	70.97333333333333
226800.0	332.9933333333333	327.9601666666667	280.5630833333333	282.5400833333333	150.10999999999999	58.261666666666656
230400.0	332.9598333333333	327.46666666666664	280.2106666666666	281.8459166666666	163.61166666666668	47.87166666666666
234000.0	333.1845	326.99383333333327	279.57591666666667	281.66974999999996	172.11833333333334	58.18666666666666
237600.0	333.4276666666666	327.0955	279.40233333333333	281.92799999999994	169.60833333333332	60.275
241200.0	333.2683333333333	327.174	279.6173333333333	281.47741666666667	165.82999999999998	43.56666666666666
244800.0	333.24766666666665	326.98749999999995	279.506	281.33166666666665	170.08833333333334	45.449999999999996
248400.0	333.4556666666666	327.159	279.431	281.7360833333333	169.50499999999997	59.29833333333333
252000.0	333.5641666666666	327.3311666666666	279.45058333333327	281.47433333333333	164.96333333333334	48.394999999999996
255600.0	333.579	327.58866666666665	279.67125	281.3360833333333	160.70666666666665	41.29833333333333
259200.0	333.6255	327.84866666666665	279.9145833333333	281.3946666666666	155.20666666666665	45.50833333333334
262800.0	333.42883333333333	327.7543333333333	279.9926666666666	281.8689166666667	154.65500000000003	59.40833333333333
266400.0	333.18499999999995	327.43699999999995	279.9239166666667	281.7295	157.44666666666666	50.24166666666667
270000.0	333.3303333333333	327.23549999999994	279.5915	281.16741666666667	163.22166666666666	41.0
273600.0	333.55749999999995	327.5258333333333	279.66949999999997	281.04341666666664	162.67333333333332	41.29333333333334
277200.0	333.4385	327.35183333333333	279.6315833333333	281.548	161.32333333333332	55.65666666666665
280800.0	333.2643333333333	327.1641666666666	279.5676666666666	281.8206666666666	162.9083333333333	58.185
284400.0	333.16033333333326	326.89383333333325	279.4908333333333	281.1705833333333	169.33666666666667	41.76166666666666
288000.0	333.2835	326.99566666666664	279.47499999999997	281.03441666666663	171.215	42.25666666666667
291600.0	333.46816666666666	327.2896666666666	279.5095833333333	281.32041666666663	163.055	50.87666666666666
295200.0	333.60783333333325	327.7195	279.7394999999999	281.93674999999996	156.17666666666668	61.98166666666667
298800.0	333.72599999999994	328.3053333333333	280.23966666666666	281.8504166666666	145.67333333333332	47.815
302400.0	333.30866666666657	328.0824999999999	280.41574999999995	281.90458333333333	146.30666666666667	51.19833333333334
306000.0	333.2561666666667	327.97049999999996	280.3351666666666	282.2935833333333	149.60333333333332	67.48166666666665
309600.0	333.35699999999997	327.9998333333333	280.26216666666664	282.3205833333333	149.76999999999998	60.21666666666667
313200.0	333.39166666666665	327.9203333333333	280.1688333333333	281.9428333333333	152.66	52.751666666666665
316800.0	333.4186666666666	327.9898333333333	280.2330833333333	281.80208333333326	150.32166666666666	49.87833333333333
320400.0	333.0728333333333	327.44599999999997	280.04408333333333	282.14424999999994	160.96166666666667	57.141666666666666
324000.0	333.19083333333333	326.8633333333333	279.43208333333325	281.77716666666663	172.95000000000002	56.64333333333333
327600.0	333.3696666666666	327.11816666666664	279.46125	281.20399999999995	169.28666666666666	41.946666666666665
331200.0	333.2648333333333	327.01849999999996	279.4783333333333	281.0666666666666	169.76333333333332	41.61000000000001
334800.0	333.3671666666666	327.12049999999994	279.46799999999996	281.4800833333333	170.55833333333334	55.38666666666667
338400.0	333.18066666666664	326.97049999999996	279.49199999999996	281.70225	171.80833333333334	55.48166666666667
342000.0	333.24699999999996	326.998	279.49766666666665	281.16266666666667	172.8983333333333	40.11666666666667
345600.0	333.20599999999996	326.8823333333333	279.4531666666666	280.93049999999994	174.33666666666664	39.348333333333336
349200.0	333.1366666666666	326.8428333333333	279.462	281.0456666666666	174.28666666666666	47.133333333333326
352800.0	333.0926666666666	326.6848333333333	279.3348333333333	281.5175	176.30666666666667	57.910000000000004
356400.0	333.07366666666667	326.52799999999996	279.33874999999995	281.08058333333327	178.67333333333335	43.39333333333333
360000.0	333.2048333333333	326.3408333333333	279.08174999999994	280.6178333333333	182.11166666666668	37.93
363600.0	333.10766666666666	326.2203333333333	279.0785833333333	280.6219166666666	183.625	41.913333333333334
367200.0	333.26433333333324	326.3979999999999	279.0904166666666	281.0616666666666	182.425	53.41833333333334
370800.0	333.19383333333326	326.36699999999996	279.12424999999996	281.19849999999997	182.52666666666667	51.644999999999996
374400.0	333.21	326.19399999999996	278.9513333333333	280.6685833333333	183.91	40.77333333333333
378000.0	333.3243333333333	326.48749999999995	279.0094166666666	280.58374999999995	179.06166666666664	40.900000000000006
381600.0	333.3335	327.17449999999997	279.59583333333325	281.0714166666666	169.04166666666669	48.406666666666666
385200.0	333.30433333333326	327.34349999999995	279.71441666666664	281.71216666666663	164.0933333333333	60.17666666666666
388800.0	333.58549999999997	327.98216666666667	280.03624999999994	281.62375	153.88166666666666	46.81999999999999
392400.0	333.62133333333327	328.1923333333333	280.25441666666666	281.63775	145.51666666666665	46.24333333333333
396000.0	334.5668333333333	328.5686666666666	279.7797499999999	281.5770833333333	143.015	59.83
399600.0	331.6123333333333	327.85499999999996	281.3444999999999	282.9473333333333	131.23833333333332	69.15666666666667
403200.0	333.16049999999996	327.08316666666667	279.80724999999995	281.6776666666666	165.36	48.263333333333335
406800.0	333.39983333333333	327.2335	279.56724999999994	281.15925	170.0583333333333	43.53999999999999
410400.0	333.45483333333334	327.00133333333326	279.3229999999999	281.2750833333333	166.315	47.468333333333334
414000.0	333.60599999999994	327.13449999999995	279.26041666666663	281.6860833333333	166.74499999999998	59.383333333333326
417600.0	333.35233333333326	327.2731666666666	279.6488333333333	281.7196666666666	165.71333333333334	52.593333333333334
421200.0	333.1923333333333	327.0946666666666	279.6481666666666	281.23866666666663	166.355	41.54
424800.0	333.12833333333333	327.00916666666666	279.66666666666663	281.1184999999999	167.92333333333335	41.72
428400.0	333.22433333333333	327.06016666666665	279.6164166666666	281.41708333333327	170.20333333333332	52.056666666666665
432000.0	333.268	327.0034999999999	279.5313333333333	281.6267499999999	170.37833333333333	56.66166666666666
435600.0	333.3668333333333	327.1556666666666	279.554	281.11249999999995	169.13333333333333	40.69833333333334
439200.0	333.1363333333333	326.96466666666663	279.59024999999997	281.04116666666664	171.41833333333332	40.01166666666667
442800.0	333.24949999999995	326.8325	279.39474999999993	280.99991666666665	174.53	48.35333333333333
446400.0	333.2338333333333	326.83399999999995	279.44649999999996	281.5845833333333	176.73833333333334	58.83
450000.0	333.0851666666666	326.1311666666666	279.0752499999999	280.92024999999995	188.4983333333333	43.565
453600.0	333.3684999999999	325.38983333333334	278.179	280.11324999999994	195.89166666666665	41.01
457200.0	333.3108333333333	325.62699999999995	278.3299999999999	280.08633333333324	191.3383333333333	42.278333333333336
460800.0	333.4333333333333	326.16149999999993	278.6373333333333	280.6719166666666	184.00166666666667	48.84166666666666
464400.0	333.4814999999999	327.00266666666664	279.2501666666666	281.6165	169.82666666666665	61.565
468000.0	333.52116666666666	327.8068333333333	279.893	281.5248333333333	160.73	44.89
471600.0	333.60366666666664	328.2631666666666	280.22624999999994	281.62699999999995	148.01	45.06999999999999
475200.0	333.64966666666663	328.63016666666664	280.66066666666666	282.28774999999996	140.31499999999997	64.73333333333332
478800.0	333.3721666666666	328.4408333333333	280.6928333333333	282.86616666666663	141.32333333333332	67.205
482400.0	333.46533333333326	328.54316666666665	280.7873333333333	282.6261666666667	137.21999999999997	61.959999999999994
486000.0	333.70166666666665	328.8811666666667	280.89083333333326	282.93483333333324	134.80166666666665	73.39333333333333
489600.0	333.31449999999995	328.56383333333326	280.78791666666666	283.63083333333327	139.32666666666665	87.20666666666666
493200.0	332.9455	327.86349999999993	280.4979166666666	283.0195833333333	152.89333333333332	68.11833333333333
496800.0	333.1368333333333	327.3306666666666	279.90375	282.18916666666667	167.62166666666667	57.01499999999999
500400.0	333.20899999999995	327.0431666666666	279.5413333333333	282.6306666666666	168.63666666666666	68.72833333333332
504000.0	333.4745	327.0146666666666	279.34425	282.25524999999993	171.6533333333333	69.52166666666668
507600.0	333.4466666666666	327.18283333333335	279.4830833333333	281.2853333333333	169.03833333333333	44.583333333333336
511200.0	333.48483333333326	327.3061666666666	279.5065833333333	281.2011666666666	165.815	47.964999999999996
514800.0	333.55949999999996	327.8093333333333	279.8958333333333	281.8675833333333	158.88833333333332	59.73166666666666
518400.0	333.4898333333333	328.2316666666667	280.40875	281.941	154.25	45.86333333333334
522000.0	333.2971666666666	328.0108333333333	280.4108333333333	281.6844166666666	156.82833333333332	38.129999999999995
525600.0	333.05083333333334	327.9298333333333	280.52824999999996	281.91749999999996	156.17	54.46499999999999
529200.0	332.986	327.68883333333326	280.36166666666657	281.9355833333333	159.7	53.94999999999999
532800.0	333.3361666666666	327.4385	279.8205833333333	281.32041666666663	166.70999999999998	39.11833333333334
536400.0	333.43983333333335	327.57466666666664	279.8720833333333	281.39824999999996	166.10999999999999	42.83
540000.0	333.21049999999997	326.91749999999996	279.5198333333333	281.62775	172.255	60.86166666666666
543600.0	333.12466666666666	326.3523333333333	279.1543333333333	281.43324999999993	183.06166666666667	52.26
547200.0	333.0228333333333	326.2376666666666	279.16324999999995	280.9249166666666	186.7433333333333	39.63166666666666
550800.0	333.1495	326.18183333333326	278.96999999999997	281.19966666666664	184.66500000000002	54.40166666666667
554400.0	333.48116666666664	327.16049999999996	279.3923333333333	282.02399999999994	169.53666666666663	66.63833333333332
558000.0	333.5093333333333	327.88449999999995	280.06374999999997	281.87183333333326	156.82833333333335	46.00333333333334
561600.0	333.5676666666666	328.028	280.14149999999995	281.6219166666666	149.58999999999997	44.46833333333333
565200.0	333.4606666666666	328.15816666666666	280.6175833333333	282.28683333333333	145.34833333333333	58.264999999999986
568800.0	333.3268333333333	328.18399999999997	280.57349999999997	282.02533333333326	143.57999999999998	44.36
572400.0	333.1711666666667	328.01466666666664	279.69624999999996	281.1164166666666	149.25333333333333	33.92333333333333
576000.0	333.12949999999995	327.77583333333325	278.6918333333333	281.69583333333327	155.265	68.96
579600.0	333.34499999999997	327.7653333333333	278.55091666666664	280.6913333333333	160.475	38.66666666666666
583200.0	333.2179999999999	327.25833333333327	278.28191666666663	280.51333333333326	167.20499999999998	41.54333333333333
586800.0	333.23349999999994	327.26016666666663	278.2528333333333	280.63583333333327	164.91833333333335	42.42
590400.0	333.1958333333333	326.8958333333333	278.05408333333327	279.95533333333333	170.55499999999998	33.233333333333334
594000.0	333.21433333333334	326.96349999999995	278.07874999999996	280.04533333333325	169.93666666666667	36.15833333333333
597600.0	333.3336666666666	327.1105	278.1717499999999	279.3449166666667	170.93833333333333	19.473333333333333
601200.0	333.195	327.06733333333324	278.20799999999997	279.912	169.78666666666666	32.41833333333334
604800.0	333.21299999999997	327.3408333333333	278.34441666666663	280.9455	169.60833333333335	49.09
608400.0	333.06949999999995	327.3103333333333	278.592	279.57025	169.19166666666666	16.993333333333332
612000.0	333.11749999999995	327.13783333333333	278.43049999999994	279.5034999999999	172.94	19.24833333333333
615600.0	333.1841666666666	327.24299999999994	278.3226666666666	280.72599999999994	171.62166666666667	47.203333333333326
619200.0	333.2078333333333	326.9903333333333	278.12449999999995	279.8618333333333	176.0933333333333	32.894999999999996
622800.0	333.0823333333333	326.5806666666666	277.988	279.77574999999996	184.15	30.081666666666667
626400.0	333.18549999999993	326.0571666666666	277.38025	278.9901666666666	188.45499999999998	24.386666666666663
630000.0	333.1913333333333	325.6583333333333	277.11449999999996	278.3166666666666	195.83166666666665	18.255
633600.0	333.2338333333333	325.8904999999999	277.1760833333333	279.68149999999997	193.3433333333333	43.196666666666665
637200.0	333.41599999999994	326.816	277.7378333333333	280.0840833333333	177.34499999999997	39.56333333333333
640800.0	333.4018333333333	327.68516666666665	278.42866666666663	280.80549999999994	159.68166666666667	45.096666666666664
644400.0	333.68649999999997	328.35549999999995	278.83124999999995	279.9386666666666	150.08499999999998	23.451666666666668
648000.0	333.57783333333333	328.7099999999999	279.26724999999993	281.0714166666666	139.85999999999999	46.718333333333334
651600.0	333.1021666666666	328.4916666666666	279.3854999999999	282.58275	138.45833333333331	71.565
655200.0	333.1148333333333	328.17083333333323	279.0114166666666	282.08666666666664	144.60166666666666	66.965
658800.0	333.6155	328.51199999999994	278.9001666666666	281.7499166666666	144.08333333333331	66.16166666666666
662400.0	333.5313333333333	328.453	279.0038333333333	282.63224999999994	141.395	77.01166666666667
666000.0	333.054	327.73466666666667	278.7878333333333	281.78641666666664	155.41833333333332	61.32333333333333
669600.0	333.1735	326.88766666666663	277.97925	280.1775833333333	176.16166666666666	36.855
673200.0	333.226	326.9716666666667	278.1620833333333	279.2160833333333	172.79333333333332	19.606666666666662
676800.0	333.02	326.73966666666666	278.0755	280.5727499999999	174.44666666666666	46.58
680400.0	333.23566666666665	326.5041666666666	277.57241666666664	280.14166666666665	178.20833333333331	39.44833333333334
684000.0	333.2988333333333	326.93716666666666	278.0073333333333	279.46675	170.85	24.496666666666666
687600.0	333.29166666666663	327.2363333333333	278.17449999999997	279.97591666666665	167.075	33.31166666666667
691200.0	333.2551666666667	327.18449999999996	278.2620833333333	279.1522499999999	169.17666666666665	16.661666666666665
694800.0	333.256	327.12516666666664	278.1024166666666	280.4080833333333	171.7733333333333	46.59833333333333
698400.0	333.10433333333333	327.0646666666666	278.07466666666664	279.9158333333333	172.74499999999998	31.021666666666665
702000.0	333.1663333333333	326.9473333333333	278.0934166666666	279.07475	173.32833333333335	15.593333333333332
705600.0	333.30999999999995	326.98333333333335	277.9795	279.92474999999996	175.88666666666666	34.17166666666666
709200.0	333.0571666666666	326.40299999999996	277.82291666666663	279.19516666666664	185.53999999999996	25.21666666666667
712800.0	333.0198333333333	325.62699999999995	277.2230833333333	279.19199999999995	194.13	36.36666666666666
716400.0	332.8175	325.3033333333333	277.18924999999996	279.7437499999999	200.605	40.70499999999999
720000.0	332.97166666666664	325.31183333333325	277.1085833333333	278.7726666666666	201.96166666666667	26.085
723600.0	333.2373333333333	326.04766666666666	277.39625	278.6315833333333	189.2733333333333	21.48833333333333
727200.0	333.50699999999995	327.4956666666667	278.1295833333333	280.86816666666664	165.805	55.97833333333334
730800.0	333.6918333333333	328.2071666666666	278.57975	280.84733333333327	152.77666666666667	45.78999999999999
734400.0	333.66299999999995	328.71816666666666	279.0858333333333	280.81491666666665	142.06166666666667	38.58166666666666
738000.0	333.44	328.611	279.28233333333327	281.63525	138.04833333333332	62.849999999999994
741600.0	333.2049999999999	328.41949999999997	279.22866666666664	282.0481666666666	139.26833333333332	61.57333333333333
745200.0	333.3493333333333	328.47016666666667	279.65941666666663	283.31966666666665	142.31833333333333	88.03833333333333
748800.0	333.22166666666664	328.19533333333334	278.96824999999995	282.01149999999996	144.59166666666664	63.74666666666667
752400.0	333.08866666666665	327.633	278.57849999999996	281.6235833333333	159.66	59.31999999999999
756000.0	333.2128333333333	326.9865	277.5618333333333	280.29925	170.69	43.709999999999994
759600.0	333.3293333333333	327.19516666666664	277.9303333333333	280.8474166666667	166.975	50.11166666666667
763200.0	333.1833333333333	327.03983333333326	278.16841666666664	279.33833333333325	168.54999999999995	20.015
766800.0	333.26716666666664	326.94016666666664	277.9511666666666	280.04241666666667	171.45	40.21333333333334
770400.0	333.3998333333333	327.10583333333335	277.9263333333333	279.98841666666664	166.26833333333332	38.49999999999999
774000.0	333.3633333333333	327.4731666666666	278.27441666666664	279.64874999999995	159.90166666666667	23.07166666666667
777600.0	333.4996666666666	327.8793333333333	278.4623333333333	280.171	157.255	32.221666666666664
781200.0	333.558	328.14916666666664	278.70399999999995	279.7326666666666	154.08666666666664	19.231666666666666
784800.0	333.28549999999996	328.0143333333333	278.79049999999995	280.6048333333333	154.75999999999996	42.739999999999995
788400.0	333.3161666666666	328.0098333333333	278.703	280.5075833333333	154.965	34.855
792000.0	333.3408333333333	327.9088333333333	278.69716666666665	279.7868333333333	157.00833333333333	19.67
795600.0	333.34533333333326	327.6261666666666	278.409	280.40166666666664	162.71166666666667	37.89
799200.0	333.2581666666666	327.2821666666666	278.2455	279.8443333333333	165.65999999999997	33.6
802800.0	333.3545	327.0249999999999	277.9155833333333	280.57024999999993	171.2783333333333	49.38166666666666
806400.0	333.2508333333333	326.91266666666667	278.01199999999994	279.27074999999996	169.41166666666666	21.279999999999998
810000.0	333.1346666666666	326.7701666666667	277.92024999999995	280.3254999999999	171.10666666666665	45.03833333333334
813600.0	333.1805	326.9119999999999	278.0803333333333	280.0866666666666	172.17	39.47666666666667
817200.0	333.2103333333333	326.92366666666663	277.9767499999999	280.5661666666667	172.12166666666667	46.15833333333334
820800.0	333.2411666666666	327.1183333333332	278.21983333333327	279.4485833333333	169.28833333333333	21.675
824400.0	333.2088333333333	327.23783333333324	278.2765833333333	280.69416666666666	166.19166666666666	49.111666666666665
828000.0	333.32733333333334	327.3538333333333	278.2425833333333	280.3103333333333	164.28666666666666	40.040000000000006
831600.0	333.38449999999995	327.69033333333334	278.4673333333333	280.7379166666666	159.7166666666667	43.04
835200.0	333.4878333333333	327.96666666666664	278.6888333333333	280.12549999999993	157.14333333333332	27.171666666666667
838800.0	333.0716666666666	327.58299999999997	278.6434999999999	280.9645	159.05833333333334	51.33833333333334
842400.0	333.12466666666666	326.9903333333333	278.1563333333333	280.1075833333333	172.82666666666668	34.40666666666666
846000.0	333.2745	326.7683333333333	277.8889166666666	279.05224999999996	174.72333333333333	19.028333333333332
849600.0	333.3128333333333	326.8001666666666	277.85841666666664	279.99899999999997	174.08666666666667	36.68666666666667
853200.0	333.2643333333333	327.0276666666666	278.14225	279.7763333333333	172.6533333333333	32.480000000000004
856800.0	332.9461666666666	326.87216666666666	278.2270833333333	280.679	172.40833333333333	46.321666666666665
860400.0	333.16816666666665	326.82533333333333	278.0645833333333	279.20199999999994	174.185	18.908333333333335
864000.0	333.32499999999993	327.08216666666664	278.19108333333327	279.2195833333333	173.99333333333334	17.984999999999996
867600.0	333.1931666666666	327.072	278.20666666666665	280.1944166666666	172.4433333333333	38.56333333333333
871200.0	333.21166666666664	327.11483333333325	278.28725	279.9119166666666	171.98	33.281666666666666
874800.0	333.0881666666666	327.0353333333333	278.3249166666666	280.2605833333333	176.34333333333333	35.325
878400.0	333.13966666666664	326.85249999999996	278.1169166666666	279.26391666666666	177.74499999999998	19.49833333333333
882000.0	333.01983333333334	326.53299999999996	277.9995833333333	279.07891666666666	183.08833333333334	19.246666666666666
885600.0	333.2206666666666	326.4103333333333	277.6245833333333	279.95925	187.03	44.69166666666666
889200.0	333.3805	326.3268333333333	277.46441666666664	279.4141666666667	187.41166666666666	33.678333333333335
892800.0	333.1981666666666	326.4436666666667	277.75275	278.91324999999995	185.30333333333334	18.636666666666663
896400.0	333.2258333333333	326.50916666666666	277.67999999999995	279.7104166666666	181.40666666666667	34.794999999999995
900000.0	333.3993333333333	327.0478333333333	278.01849999999996	279.3589999999999	172.5883333333333	26.901666666666664
903600.0	333.07099999999997	327.53866666666664	278.71425	280.9339166666666	161.81333333333333	50.53999999999999
907200.0	333.48733333333325	327.92699999999996	278.5226666666667	280.0014166666666	157.4766666666667	26.883333333333333
910800.0	333.4961666666667	328.16683333333333	278.7595833333333	280.01649999999995	150.815	24.64
914400.0	333.44449999999995	328.1483333333333	278.7539166666666	281.1921666666666	145.54499999999996	55.78166666666666
918000.0	333.4953333333333	328.20349999999996	278.7660833333333	280.86591666666664	144.73666666666665	42.504999999999995
921600.0	333.5273333333333	328.223	278.84	280.43833333333333	145.49166666666665	30.481666666666666
925200.0	333.22399999999993	327.52599999999995	278.44825	280.25291666666664	158.02833333333334	36.53666666666667
928800.0	333.1261666666666	326.91366666666664	278.09749999999997	279.2339999999999	170.23499999999999	22.669999999999998
932400.0	333.34299999999996	327.11099999999993	277.96549999999996	280.6907499999999	171.005	49.248333333333335
936000.0	333.0518333333333	326.9168333333333	278.1155833333333	280.1596666666667	172.93999999999997	34.69833333333333
939600.0	333.2283333333333	326.7288333333333	277.93549999999993	278.94974999999994	176.31166666666667	16.08
943200.0	333.1715	326.7116666666667	277.91591666666665	279.77416666666664	178.67833333333334	33.715
946800.0	333.3635	326.9488333333333	277.984	279.14199999999994	175.52499999999998	23.174999999999997
950400.0	333.3918333333333	327.20033333333333	278.07899999999995	280.39124999999996	172.02833333333334	46.26
954000.0	333.34783333333326	327.36449999999996	278.18608333333333	279.63925	169.10500000000002	24.30833333333333
957600.0	333.20816666666667	327.0926666666666	278.186	279.35875	169.0666666666667	20.433333333333334
961200.0	333.21916666666664	326.96866666666665	278.0500833333333	279.85858333333334	172.31666666666666	33.59833333333333
964800.0	333.23883333333333	326.89566666666667	278.0165833333333	279.67224999999996	174.7483333333333	32.635
968400.0	333.104	326.6103333333333	277.92241666666666	279.50674999999995	179.37999999999997	30.331666666666667
972000.0	333.349	326.66049999999996	277.73233333333326	279.69899999999996	180.07333333333332	32.76833333333333
975600.0	333.20849999999996	326.75716666666665	278.04141666666663	279.0550833333333	177.70833333333331	17.115000000000002
979200.0	333.151	326.59433333333334	277.90999999999997	279.9531666666667	179.83833333333334	40.90166666666667
982800.0	333.33766666666656	326.6544999999999	277.66375	279.89099999999996	177.955	39.00666666666667
986400.0	333.4361666666666	327.4065	278.19975	279.2270833333333	163.33166666666665	17.608333333333334
990000.0	333.50066666666663	327.76849999999996	278.37683333333325	280.33649999999994	157.66833333333332	36.74333333333333
993600.0	333.52566666666667	328.17266666666666	278.73116666666664	280.1194166666666	148.88666666666666	30.276666666666664
997200.0	333.1441666666666	328.0373333333333	278.9375833333333	280.70599999999996	149.65833333333333	40.88333333333334
1000800.0	333.2899999999999	327.91433333333333	278.68999999999994	281.1196666666666	154.29500000000002	48.830000000000005
1004400.0	333.60533333333325	328.2633333333333	278.702	280.1818333333333	152.44833333333332	31.10333333333333
1008000.0	333.45433333333335	328.20249999999993	278.7728333333333	280.89558333333326	146.3133333333333	48.42333333333333
1011600.0	333.04299999999995	327.50199999999995	278.1416666666666	280.64824999999996	160.615	44.58
1015200.0	333.18149999999997	326.87583333333333	277.88525	279.3610833333333	173.71166666666664	23.598333333333333
1018800.0	333.3813333333333	326.94716666666665	277.82666666666665	279.9395833333333	173.57166666666666	36.18333333333332
1022400.0	333.23699999999997	326.80933333333326	277.9414166666666	279.43575	174.53500000000003	26.161666666666665
1026000.0	333.12899999999996	326.66616666666664	277.8425	280.0274166666666	175.845	41.83666666666666
1029600.0	333.2138333333333	326.6525	277.7846666666666	279.4574166666666	178.76666666666665	29.509999999999998
1033200.0	333.3313333333333	326.8946666666666	277.9624166666666	278.9309999999999	175.47333333333333	16.389999999999997
1036800.0	333.1893333333333	326.74649999999997	277.881	280.0333333333333	176.80666666666664	38.685
1040400.0	333.1101666666666	326.46700000000004	277.76508333333334	279.5770833333333	182.67499999999995	34.644999999999996
1044000.0	333.0725	326.388	277.8278333333333	279.35949999999997	184.04833333333332	26.381666666666664
1047600.0	332.9805	326.2758333333333	277.739	279.79433333333327	186.42833333333334	35.27166666666666
1051200.0	333.19516666666664	326.14649999999995	277.51525	278.55099999999993	189.51166666666666	16.941666666666666
1054800.0	333.159	325.741	277.28791666666666	279.015	195.695	32.58833333333334
1058400.0	332.738	325.14666666666665	277.04616666666664	279.71824999999995	200.48333333333332	44.75333333333334
1062000.0	332.54049999999995	324.793	276.9798333333333	278.4083333333333	203.19666666666666	21.04833333333333
1065600.0	332.2353333333333	324.58533333333327	277.02641666666665	279.0665	206.31666666666666	31.898333333333333
1069200.0	332.68449999999996	325.09049999999996	277.2034166666666	278.2788333333333	210.47499999999997	17.955
1072800.0	333.24933333333337	326.00916666666666	277.43316666666664	279.92991666666666	200.50833333333333	48.29833333333333
1076400.0	334.23249999999996	327.49783333333335	277.79741666666666	279.2044166666666	176.12666666666667	23.938333333333336
1080000.0	334.5833333333333	328.8521666666667	278.7274166666666	280.8639166666666	146.58666666666664	42.40333333333332
1083600.0	334.37966666666665	328.20966666666664	278.96725	280.52616666666665	138.02166666666665	35.76
1087200.0	334.41499999999996	327.79749999999996	278.8248333333333	281.56424999999996	138.2733333333333	63.38
1090800.0	334.36749999999995	325.7873333333333	278.9785833333333	280.8059166666666	138.15166666666664	38.5
1094400.0	334.0424999999999	327.0458333333333	278.54366666666664	280.54675	144.31166666666667	36.78333333333333
1098000.0	334.09583333333325	326.82099999999997	278.37224999999995	280.3352499999999	157.405	40.345
1101600.0	334.28299999999996	326.3495	277.7695833333333	280.4185833333333	163.68666666666667	43.58833333333333
1105200.0	334.2989999999999	326.335	277.80291666666665	278.8046666666666	160.17	15.763333333333334
1108800.0	334.1396666666666	326.39449999999994	277.9781666666666	279.95691666666664	161.86833333333334	35.465
1112400.0	334.2951666666666	326.40933333333334	277.8401666666666	279.6018333333333	161.32166666666666	33.23833333333333
1116000.0	334.2846666666666	326.7288333333333	278.11075	279.3740833333333	155.495	24.356666666666666
1119600.0	334.1413333333333	326.80449999999996	278.22974999999997	279.9673333333333	154.93666666666667	32.291666666666664
1123200.0	334.1753333333333	326.75399999999996	278.1943333333333	279.32916666666665	156.13	20.625
1126800.0	334.43316666666664	327.2115	278.36424999999997	279.9994166666666	150.105	34.260000000000005
1130400.0	334.2063333333333	327.0805	278.34524999999996	279.9908333333333	147.78166666666664	34.406666666666666
1134000.0	334.32166666666666	327.18066666666664	278.3574166666666	279.16958333333326	146.14166666666665	14.578333333333333
1137600.0	334.24199999999996	326.9051666666666	278.21725	280.07583333333326	149.75833333333333	35.05333333333333
1141200.0	334.15649999999994	326.51283333333333	278.05433333333326	279.9330833333333	156.41833333333332	35.60999999999999
1144800.0	334.0866666666667	325.53549999999996	277.4556666666666	278.36283333333324	171.58333333333331	16.708333333333332
1148400.0	334.02799999999996	325.3186666666666	277.28708333333327	279.2983333333333	175.685	33.45666666666666
1152000.0	334.02916666666664	325.6019999999999	277.5247499999999	278.83058333333327	170.33833333333334	21.643333333333334
1155600.0	334.2453333333333	325.8123333333333	277.4246666666666	280.2149999999999	164.91000000000003	51.73
1159200.0	334.4583333333333	326.9171666666667	278.01308333333327	279.1716666666667	152.08833333333334	22.653333333333332
1162800.0	334.4491666666666	327.82333333333327	278.7079166666666	280.51249999999993	141.71833333333333	36.14333333333333
1166400.0	334.55066666666664	328.16016666666667	278.89324999999997	280.41266666666667	134.67000000000002	31.509999999999998
1170000.0	333.9828333333333	328.1131666666666	279.3496666666666	281.3705833333333	132.67666666666665	51.515
1173600.0	334.36183333333327	327.90783333333326	278.85266666666666	280.3940833333333	137.69833333333332	29.006666666666668
1177200.0	334.63949999999994	328.0661666666666	278.79325	280.5709166666666	136.53833333333336	38.093333333333334
1180800.0	334.76733333333334	328.2323333333333	278.7774166666667	281.10766666666666	134.48166666666665	50.62166666666666
1184400.0	334.9373333333333	328.41683333333333	278.91591666666665	280.3058333333333	133.76999999999998	27.353333333333328
1188000.0	334.6114999999999	328.0251666666666	278.79166666666663	280.60091666666665	134.97666666666663	35.17333333333333
1191600.0	334.6341666666666	327.9574999999999	278.75649999999996	280.3041666666666	134.95999999999998	30.025
1195200.0	334.203	327.3175	278.5558333333332	280.7115833333333	144.52166666666665	49.24166666666666
1198800.0	334.447	327.4026666666666	278.44974999999994	279.49816666666663	145.69	19.156666666666666
1202400.0	334.53549999999996	327.59383333333324	278.53349999999995	280.15258333333327	142.855	30.388333333333332
1206000.0	334.7163333333333	328.3513333333333	278.9625	280.8728333333333	133.93166666666667	41.11166666666666
1209600.0	334.436	328.3281666666667	279.2581666666667	280.53899999999993	125.93333333333334	29.816666666666666
1213200.0	334.31149999999997	328.2461666666667	279.23799999999994	280.9028333333333	127.27333333333333	35.37166666666666
1216800.0	334.5391666666667	328.3178333333333	279.1586666666666	280.1158333333333	127.28666666666665	19.11
1220400.0	334.4255	328.3426666666667	279.3300833333333	280.6435833333333	126.63333333333333	33.70666666666666
1224000.0	334.03849999999994	327.6975	279.0616666666666	281.12541666666664	135.87666666666667	45.73166666666667
1227600.0	334.3171666666666	327.2528333333333	278.54841666666664	279.4763333333333	151.22666666666663	16.531666666666666
1231200.0	334.3206666666666	326.6143333333333	277.93808333333334	280.1596666666666	153.94166666666666	39.845
1234800.0	334.1481666666666	326.32766666666663	278.02166666666665	279.93749999999994	160.30166666666668	38.824999999999996
1238400.0	334.33299999999997	326.54266666666666	277.87958333333336	280.6674166666666	158.73166666666668	51.20666666666666
1242000.0	334.3565	327.21066666666667	278.21549999999996	279.4651666666666	149.41	21.101666666666667
1245600.0	334.3811666666666	327.6841666666666	278.73491666666666	280.61524999999995	143.7833333333333	39.64333333333333
1249200.0	334.7591666666666	327.8953333333333	278.62499999999994	280.3173333333333	140.48333333333332	38.985
1252800.0	334.9183333333333	328.29066666666665	278.7904166666666	280.842	134.28	40.53999999999999
1256400.0	334.96299999999997	328.6105	279.18399999999997	280.16841666666664	125.84166666666665	21.328333333333333
1260000.0	334.87149999999997	328.57849999999996	279.092	280.89399999999995	123.21166666666667	40.05
1263600.0	334.2433333333333	328.234	279.1125833333333	281.38466666666665	125.80666666666666	51.114999999999995
1267200.0	334.8565	328.0956666666666	278.6783333333333	279.96691666666663	132.17833333333334	23.49
1270800.0	335.2548333333333	328.32666666666665	278.5497499999999	280.59758333333326	129.77666666666664	38.64666666666667
1274400.0	334.1166666666666	328.0966666666667	279.2704166666666	280.76308333333327	128.32500000000002	33.519999999999996
1278000.0	334.26433333333324	327.52166666666665	278.5995	280.81674999999996	139.19833333333332	48.02666666666666
1281600.0	334.2593333333333	327.22166666666664	278.4001666666666	279.68899999999996	146.18166666666667	21.783333333333335
1285200.0	334.3408333333333	327.2758333333333	278.39424999999994	280.5019166666666	146.27833333333334	40.748333333333335
1288800.0	334.19649999999996	327.44599999999997	278.5777499999999	280.11799999999994	142.55833333333334	32.17833333333333
1292400.0	334.282	327.5823333333333	278.6585	279.55025	141.57166666666666	17.69333333333333
1296000.0	334.61899999999997	327.734	278.4908333333333	280.53099999999995	140.48333333333335	36.87833333333333
1299600.0	334.9426666666667	328.05249999999995	278.50149999999996	280.2791666666666	135.815	33.593333333333334
1303200.0	334.6878333333333	328.2263333333333	278.89975	280.24516666666665	129.8983333333333	31.758333333333333
1306800.0	334.3085	327.95116666666667	278.9608333333333	280.31433333333325	128.73166666666665	26.508333333333333
1310400.0	334.18249999999995	327.19649999999996	278.49299999999994	279.7218333333333	141.41666666666666	21.699999999999996
1314000.0	334.31399999999996	326.48449999999997	277.83041666666657	280.4133333333333	158.225	49.09666666666666
1317600.0	333.8331666666666	325.54983333333325	277.51358333333326	278.5093333333333	166.60500000000002	17.251666666666665
1321200.0	333.14783333333327	324.60816666666665	277.61049999999994	279.61299999999994	182.87666666666667	33.475
1324800.0	333.53533333333326	324.75849999999997	277.37891666666667	279.8074166666666	182.89000000000001	39.855000000000004
1328400.0	333.87399999999997	325.24883333333327	277.44291666666663	278.91824999999994	177.96166666666667	26.78333333333333
1332000.0	334.49116666666663	326.86699999999996	278.0249166666666	280.1978333333333	157.20499999999998	39.82666666666667
1335600.0	335.0283333333333	328.23983333333325	278.6558333333333	280.63491666666664	140.39666666666665	37.75333333333333
1339200.0	334.98199999999997	328.7521666666666	279.11875	281.1549166666666	128.03666666666666	49.410000000000004
1342800.0	332.9461666666666	328.5243333333333	280.20533333333333	281.50299999999993	113.76333333333332	31.849999999999994
1346400.0	332.087	327.8421666666666	280.5315	282.5280833333333	124.23333333333333	54.38333333333334
1350000.0	334.22733333333326	326.9718333333333	278.2585833333333	281.28324999999995	155.32833333333332	56.12833333333333
1353600.0	332.8471666666666	327.7411666666666	279.27308333333326	281.16974999999996	140.03166666666664	37.61499999999999
1357200.0	334.1026666666666	327.53833333333324	278.6214166666666	281.1993333333333	146.82999999999998	47.05333333333333
1360800.0	334.4126666666666	326.7831666666666	278.0220833333333	280.87325	161.995	50.91833333333333
1364400.0	334.7126666666666	327.70883333333336	278.46274999999997	280.6655833333333	149.9283333333333	37.97333333333333
1368000.0	335.12699999999995	328.1513333333333	278.52225	280.03424999999993	142.54666666666665	26.87833333333333
1371600.0	335.57266666666663	328.7716666666666	278.58783333333326	281.01508333333334	131.49333333333334	47.75833333333333
1375200.0	334.66166666666663	328.77183333333335	279.4525833333333	281.04925	120.06499999999998	34.031666666666666
1378800.0	334.9393333333333	328.65649999999994	279.207	280.5455833333333	121.28999999999999	25.196666666666665
1382400.0	334.91399999999993	328.7406666666666	279.2940833333333	281.0881666666666	118.78333333333332	35.95166666666667
1386000.0	335.02549999999997	328.861	279.28324999999995	281.17583333333334	116.58	41.59
1389600.0	334.84166666666664	328.63849999999996	279.29224999999997	280.97366666666665	117.15999999999998	34.681666666666665
1393200.0	334.75699999999995	328.51733333333334	279.24499999999995	280.4204166666666	118.73666666666665	22.705
1396800.0	334.5626666666666	328.2355	279.13108333333327	281.1424999999999	122.12666666666667	43.18833333333333
1400400.0	334.2208333333333	327.77299999999997	278.9409166666666	280.85766666666666	132.68666666666667	40.49666666666666
1404000.0	334.1646666666666	326.90983333333327	278.3489166666667	280.06858333333327	147.7833333333333	29.479999999999997
1407600.0	334.1628333333333	326.5566666666666	278.0818333333333	280.16999999999996	154.3683333333333	35.55833333333334
1411200.0	334.4078333333333	326.7173333333333	277.9863333333333	280.39775	156.07333333333332	45.269999999999996
1414800.0	334.3823333333333	327.46866666666665	278.63016666666664	280.3616666666666	147.465	32.446666666666665
1418400.0	334.27983333333333	327.4826666666666	278.6435	280.7090833333333	144.07999999999998	37.71666666666667
1422000.0	334.4623333333333	327.9431666666666	278.8314166666666	280.9054166666666	136.34666666666666	41.535
1425600.0	334.87633333333326	328.47499999999997	279.0038333333333	280.6501666666666	131.98166666666665	35.305
1429200.0	335.4953333333333	329.1033333333333	279.12424999999996	281.1451666666666	124.14833333333333	40.016666666666666
1432800.0	334.81516666666664	329.1033333333333	279.70349999999996	281.30449999999996	113.93666666666667	37.106666666666655
1436400.0	332.45199999999994	328.3299999999999	280.542	281.69691666666665	109.73666666666666	31.986666666666665
1440000.0	333.9948333333333	326.8553333333333	278.6029166666666	280.92924999999997	151.70999999999998	41.50666666666667
1443600.0	334.32033333333334	325.926	277.4328333333333	279.6918333333333	165.97833333333332	37.836666666666666
1447200.0	334.348	326.66749999999996	278.001	279.21624999999995	156.12333333333333	20.515
1450800.0	334.25416666666666	326.8449999999999	278.2034166666666	280.0132499999999	151.255	31.864999999999995
1454400.0	334.2989999999999	326.965	278.2846666666666	280.4169166666666	152.5983333333333	39.294999999999995
1458000.0	334.22249999999997	326.7653333333333	278.1950833333333	280.24741666666665	154.51333333333332	36.50833333333333
1461600.0	334.56899999999996	327.41749999999996	278.40574999999995	279.57724999999994	146.52666666666664	19.699999999999996
1465200.0	334.7895	327.5836666666666	278.32624999999996	280.18474999999995	143.6	32.80333333333333
1468800.0	334.9615	327.8818333333333	278.4113333333333	280.36483333333325	138.09666666666666	38.04
1472400.0	335.245	328.21416666666664	278.47641666666664	279.61375	132.52666666666667	22.16166666666666
1476000.0	335.3553333333333	328.2721666666666	278.4635833333333	279.99649999999997	128.74666666666667	26.773333333333333
1479600.0	331.8125	326.944	279.45124999999996	280.64724999999993	127.79499999999999	24.039999999999996
1483200.0	333.18549999999993	324.40349999999995	277.35758333333325	279.97574999999995	177.15166666666667	43.64
1486800.0	334.0358333333333	325.1261666666667	277.25066666666663	278.9643333333333	182.75333333333333	27.331666666666663
1490400.0	334.03566666666666	325.20783333333327	277.2245833333333	278.6045	177.805	20.35333333333333
1494000.0	334.21483333333333	325.39566666666667	277.22299999999996	279.3519166666666	176.185	33.98833333333333
1497600.0	334.3188333333333	325.5621666666666	277.2349166666666	279.46941666666663	173.16666666666663	38.62
1501200.0	334.3428333333333	325.7283333333333	277.31583333333333	279.22933333333333	169.7266666666667	31.313333333333333
1504800.0	334.49233333333325	326.64116666666666	277.82016666666664	279.0263333333333	157.37	19.72
1508400.0	334.3159999999999	327.3301666666666	278.49125	279.83824999999996	147.85666666666665	24.05333333333333
1512000.0	334.23299999999995	327.32916666666665	278.55974999999995	280.12024999999994	146.555	30.689999999999998
1515600.0	334.0241666666666	327.0308333333333	278.4906666666666	280.5141666666666	149.36999999999998	40.10666666666666
1519200.0	334.20899999999995	327.179	278.4409166666667	280.11299999999994	149.68666666666667	29.758333333333326
1522800.0	334.47249999999997	327.6811666666666	278.6343333333333	279.96658333333323	144.09833333333333	24.56166666666667
1526400.0	334.13616666666655	327.35416666666663	278.67116666666664	280.20991666666663	146.42666666666665	32.349999999999994
1530000.0	334.0563333333333	326.86749999999995	278.4133333333333	279.9639166666666	154.44	32.084999999999994
1533600.0	334.0073333333333	326.4113333333333	278.11816666666664	280.0491666666667	162.05333333333334	32.78
1537200.0	334.2413333333333	326.5506666666666	278.03441666666663	279.4205	159.8083333333333	23.021666666666665
1540800.0	334.15749999999997	326.0801666666666	277.74375	279.3345833333333	165.09166666666664	26.40333333333333
1544400.0	334.1046666666666	325.565	277.42875	279.8530833333333	172.51166666666668	41.82666666666666
1548000.0	334.41166666666663	326.0765	277.5682499999999	278.95966666666664	166.31	24.145
1551600.0	334.35683333333327	326.27616666666665	277.73866666666663	279.5449166666666	162.34333333333336	29.46333333333333
1555200.0	334.2903333333333	326.4273333333333	277.85375	279.11366666666663	157.92	20.611666666666665
1558800.0	334.3073333333333	326.51533333333333	277.9357499999999	280.2680833333333	160.07166666666666	43.45666666666667
1562400.0	334.34833333333336	326.5206666666666	277.87424999999996	279.3289166666666	157.29000000000002	26.229999999999997
1566000.0	334.33366666666666	326.55099999999993	277.9238333333333	279.4246666666666	156.19666666666666	25.14333333333333
1569600.0	334.2218333333333	326.435	277.9225833333333	279.03533333333326	156.49166666666667	18.346666666666664
1573200.0	334.10833333333335	325.7428333333333	277.5347499999999	279.19391666666667	167.3216666666667	28.563333333333333
1576800.0	334.33949999999993	326.0283333333333	277.54999999999995	279.47141666666664	166.135	35.365
1580400.0	334.35083333333324	326.3836666666666	277.75649999999996	279.72891666666663	159.76999999999998	32.43833333333333
1584000.0	334.2033333333333	326.2341666666667	277.7995833333333	279.0953333333333	159.83499999999998	21.23
1587600.0	334.24533333333324	326.21616666666665	277.73024999999996	279.04574999999994	159.76833333333332	22.069999999999997
1591200.0	334.4683333333333	326.81749999999994	278.0068333333333	279.4293333333333	153.95833333333334	27.409999999999997
1594800.0	334.30649999999997	326.8326666666667	278.17175	279.8798333333333	154.51333333333335	34.92166666666667
1598400.0	334.1916666666666	326.64133333333325	278.14675	279.87408333333326	158.72166666666666	29.869999999999997
1602000.0	334.3181666666666	326.73416666666657	278.0901666666666	279.30249999999995	157.38333333333333	19.641666666666666
1605600.0	334.419	326.99516666666665	278.19149999999996	279.6995833333333	153.85666666666665	27.181666666666665
1609200.0	333.9708333333333	326.75699999999995	278.3764166666666	279.8094166666666	154.25333333333333	28.67666666666667
1612800.0	334.2448333333333	326.21049999999997	277.8073333333333	279.98499999999996	165.98166666666668	40.195
1616400.0	334.23199999999997	325.9296666666666	277.6573333333333	278.8674166666666	170.45166666666665	18.63
1620000.0	333.97566666666665	325.1103333333333	277.26674999999994	278.87991666666665	178.315	24.708333333333332
1623600.0	334.13266666666664	325.2743333333333	277.1885	278.3569166666666	177.32166666666666	17.961666666666666
1627200.0	334.0768333333333	325.2413333333333	277.26724999999993	279.4555	177.425	38.64333333333333
1630800.0	333.55116666666663	324.78983333333326	277.37699999999995	279.62333333333333	181.94833333333332	37.16
1634400.0	333.6778333333333	324.8878333333333	277.3929999999999	278.82224999999994	182.70000000000002	21.804999999999996
1638000.0	333.9789999999999	325.22733333333326	277.4065833333333	278.64874999999995	182.23666666666668	19.023333333333333
1641600.0	334.30916666666667	325.9933333333333	277.6116666666666	279.09925	171.59499999999997	27.26333333333333
1645200.0	334.48783333333324	326.452	277.7613333333333	279.6624999999999	163.10833333333332	36.31333333333333
1648800.0	334.2708333333333	326.608	278.03874999999994	279.60024999999996	157.20666666666665	27.91333333333333
1652400.0	334.1381666666666	326.4355	278.0727499999999	279.40283333333326	158.19666666666666	22.181666666666665
1656000.0	334.02316666666667	325.73683333333327	277.6710833333333	278.9939166666666	168.95833333333331	21.28833333333333
1659600.0	333.5105	324.73499999999996	277.35433333333333	278.5968333333333	182.51833333333332	20.608333333333334
1663200.0	333.27683333333334	324.4018333333333	277.26849999999996	279.2586666666666	182.91333333333333	35.059999999999995
1666800.0	332.7038333333333	323.823	277.26358333333326	279.5351666666666	182.96166666666667	36.703333333333326
1670400.0	332.17083333333323	323.95583333333326	277.274	278.6024166666666	197.03666666666666	20.203333333333333
1674000.0	332.1733333333333	325.04799999999994	277.31441666666666	278.80491666666666	217.6033333333333	23.845
1677600.0	332.6463333333333	325.5743333333333	277.34291666666667	279.39899999999994	213.7	37.306666666666665
1681200.0	332.54166666666663	325.29999999999995	277.7073333333333	279.678	220.39666666666665	36.586666666666666
1684800.0	333.1285	325.7523333333333	278.5605833333333	279.80875	216.20166666666665	23.693333333333335
1688400.0	334.113	326.9375	279.0708333333333	280.1230833333333	194.485	20.31
1692000.0	334.50899999999996	328.207	280.0105	281.6110833333333	171.98499999999999	42.86666666666667
1695600.0	332.0943333333333	327.5983333333333	280.9661666666666	282.02599999999995	156.9633333333333	34.54166666666667
1699200.0	333.8133333333333	326.67866666666663	279.2468333333333	280.3954166666666	195.595	21.87666666666667
1702800.0	334.4143333333333	327.87133333333327	279.81699999999995	280.9803333333333	179.32333333333335	26.471666666666664
1706400.0	334.3379999999999	327.77616666666665	279.8254166666666	281.24524999999994	171.22833333333332	35.60666666666666
1710000.0	334.24099999999993	327.6538333333333	279.83324999999996	281.3415833333333	170.9633333333333	38.446666666666665
1713600.0	334.144	327.22283333333326	279.38633333333325	280.4585833333333	181.105	20.975
1717200.0	334.41999999999996	327.71149999999994	279.61966666666666	280.97641666666664	175.44666666666666	28.941666666666663
1720800.0	334.4824999999999	327.91749999999996	279.82533333333333	281.31608333333327	165.90666666666667	35.92833333333333
1724400.0	334.48366666666664	328.0003333333333	279.99774999999994	281.6026666666666	160.82999999999998	42.08
1728000.0	334.34133333333335	328.04383333333334	280.124	281.3640833333333	159.055	29.195
1731600.0	334.3648333333333	328.19916666666666	280.3610833333333	281.2446666666666	157.905	21.546666666666667
1735200.0	334.3465	328.10233333333326	280.2821666666666	281.63749999999993	155.37666666666667	39.57
1738800.0	334.2048333333333	328.08333333333326	280.42125	281.74749999999995	154.00166666666667	36.849999999999994
1742400.0	334.1088333333333	327.92883333333333	280.32833333333326	281.3925833333333	156.64333333333335	25.179999999999996
1746000.0	334.17566666666664	327.4839999999999	279.6583333333333	280.87316666666663	169.915	25.409999999999997
1749600.0	334.01633333333325	326.8913333333333	279.12649999999996	280.96666666666664	180.67333333333332	40.809999999999995
1753200.0	334.04883333333333	326.9403333333333	279.0793333333333	280.9866666666666	180.64499999999998	42.376666666666665
1756800.0	334.5229999999999	327.71383333333335	279.41824999999994	280.7689166666666	167.85666666666668	27.251666666666665
1760400.0	334.4496666666666	328.12716666666665	280.08124999999995	281.7140833333333	154.64333333333332	42.004999999999995
1764000.0	334.3323333333333	327.59816666666666	278.8629166666666	280.8159166666666	146.79999999999998	41.13333333333333
1767600.0	334.2371666666666	327.4851666666666	278.6635833333333	280.6073333333333	144.76666666666665	35.25666666666666
1771200.0	334.17499999999995	327.38199999999995	278.65975	281.0478333333333	147.07	45.33
1774800.0	330.447	325.27549999999997	279.5651666666666	281.61091666666664	158.3516666666667	42.67666666666666
1778400.0	331.6821666666666	325.2416666666667	278.17074999999994	280.611	202.1583333333333	41.785
1782000.0	331.5575	326.00433333333325	280.734	281.96524999999997	217.40166666666664	58.383333333333326
1785600.0	332.82949999999994	325.7421666666666	280.20849999999996	281.58641666666665	222.91166666666663	53.65666666666665
1789200.0	333.6583333333333	326.39649999999995	279.7797499999999	281.0519166666666	222.62999999999997	45.12833333333332
1792800.0	334.02583333333325	327.28866666666664	279.3619166666666	280.42716666666666	213.97333333333333	39.861666666666665
1796400.0	334.69899999999996	327.6499999999999	279.1289166666666	280.2172499999999	203.76166666666666	54.928333333333335
1800000.0	335.37949999999995	328.58216666666664	279.0188333333333	280.1995833333333	186.1783333333333	56.498333333333335
1803600.0	334.3896666666666	329.20533333333333	279.7820833333333	280.52774999999997	164.02666666666664	35.85666666666667
1807200.0	334.0538333333333	328.74649999999997	279.6841666666666	280.481	167.5983333333333	42.80166666666666
1810800.0	334.481	328.4506666666666	279.32199999999995	280.20591666666667	173.23166666666665	44.731666666666655
1814400.0	333.21216666666663	328.4593333333333	280.20666666666665	281.24699999999996	168.42833333333334	61.385000000000005
1818000.0	333.30899999999997	327.9566666666666	279.9625833333333	280.6275833333333	180.12666666666667	37.67166666666667
1821600.0	332.98049999999995	327.57899999999995	279.9649166666666	280.6568333333333	187.115	43.37666666666666
1825200.0	332.63166666666666	327.13533333333334	279.9345833333333	280.65816666666666	197.63999999999996	50.236666666666665
1828800.0	332.3118333333333	326.69716666666665	279.88083333333327	280.98474999999996	210.07166666666666	58.66333333333333
1832400.0	334.05366666666663	326.2461666666667	278.9059166666666	279.7733333333333	220.92000000000002	39.071666666666665
1836000.0	334.3981666666666	327.66249999999997	279.32266666666663	280.1594999999999	200.66166666666666	41.321666666666665
1839600.0	334.7226666666666	328.1311666666667	279.38874999999996	280.29983333333325	188.32666666666665	54.45166666666666
1843200.0	335.02666666666664	328.70099999999996	279.45883333333325	280.7024166666666	175.34333333333333	62.275
1846800.0	334.542	329.1406666666666	279.96283333333326	280.96374999999995	160.3383333333333	53.93
1850400.0	334.32166666666666	329.12649999999996	280.08758333333327	280.79591666666664	160.19166666666666	39.91833333333333
1854000.0	334.1645	328.9611666666666	280.05983333333324	281.03624999999994	162.2133333333333	62.61666666666666
1857600.0	334.39816666666667	328.9903333333333	279.9171666666666	281.04541666666665	164.40666666666664	62.19333333333333
1861200.0	334.4198333333333	329.2605	280.08474999999993	281.09049999999996	157.87333333333333	51.61833333333333
1864800.0	334.3358333333333	329.44416666666666	280.2876666666666	281.17049999999995	152.70833333333331	65.16333333333333
1868400.0	334.20099999999996	329.4613333333333	280.3782499999999	281.6383333333333	154.02499999999998	67.90666666666667
1872000.0	333.95433333333324	329.1345	280.2859166666666	281.37474999999995	161.09333333333333	58.59166666666667
1875600.0	333.86016666666666	328.7713333333333	280.16666666666663	281.2063333333333	170.85166666666666	62.91166666666667
1879200.0	334.68149999999997	328.63599999999997	279.59624999999994	280.8687499999999	176.045	55.58833333333333
1882800.0	334.4668333333333	329.0436666666667	279.73841666666664	280.7385833333333	165.80999999999997	50.288333333333334
1886400.0	333.7964999999999	328.52549999999997	279.78983333333326	280.87974999999994	171.3433333333333	57.81666666666666
1890000.0	334.1295	328.5886666666666	279.70266666666663	280.8113333333333	175.29833333333335	56.163333333333334
1893600.0	333.44083333333333	328.7763333333333	280.27799999999996	281.068	165.44666666666666	40.255
1897200.0	333.1914999999999	328.16166666666663	279.95475	280.94966666666664	172.84666666666666	59.52833333333333
1900800.0	333.32316666666657	328.1973333333333	279.91774999999996	280.84849999999994	176.865	54.025
1904400.0	333.599	328.52166666666665	279.91633333333334	280.7583333333333	173.04166666666669	39.83
1908000.0	333.66999999999996	328.56066666666663	279.91416666666663	280.7776666666666	171.11	53.486666666666665
1911600.0	333.8683333333333	328.7728333333333	279.9174166666666	280.82516666666663	167.52333333333334	54.50499999999999
1915200.0	333.9384999999999	328.81133333333327	279.92150000000004	280.89174999999994	166.37166666666667	48.471666666666664
1918800.0	333.40099999999995	328.2788333333333	279.9081666666666	280.66225	176.55666666666667	40.41166666666666
1922400.0	332.505	327.2798333333333	279.91524999999996	280.8908333333333	199.13999999999996	60.03499999999999
1926000.0	334.08349999999996	326.4915	278.9519166666666	280.11366666666663	216.0233333333333	54.125
1929600.0	332.46049999999997	328.2661666666666	280.6269166666666	281.4096666666666	179.31833333333333	44.245000000000005
1933200.0	331.69433333333325	327.41749999999996	280.5989166666667	281.41741666666655	190.1483333333333	60.67166666666667
1936800.0	333.42449999999997	327.04733333333326	279.56266666666664	280.9373333333333	207.6333333333333	67.30999999999999
1940400.0	334.7314999999999	328.9026666666666	279.7651666666667	280.6786666666666	178.41166666666666	42.845
1944000.0	334.4176666666666	329.93416666666656	280.50049999999993	281.2805833333333	147.16	56.12833333333333
1947600.0	334.186	329.7706666666666	280.6089166666667	281.7419166666666	147.98333333333335	73.09833333333333
1951200.0	334.00399999999996	329.582	280.5586666666667	281.4998333333333	147.93166666666664	53.44
1954800.0	334.11899999999997	329.49516666666665	280.4411666666666	281.52649999999994	151.20999999999998	66.68166666666667
1958400.0	334.2056666666666	329.4068333333333	280.36799999999994	281.65666666666664	152.65666666666667	76.58333333333333
1962000.0	334.40166666666664	329.3363333333333	280.15424999999993	281.2653333333333	159.62833333333333	52.56166666666667
1965600.0	333.65116666666665	329.0036666666666	280.376	281.1501666666667	161.20499999999998	47.20666666666666
1969200.0	334.32916666666665	328.93533333333323	280.0636666666666	280.84416666666664	167.05499999999998	41.596666666666664
1972800.0	333.98049999999995	328.71216666666663	280.04166666666663	280.96883333333324	171.54500000000002	53.85833333333333
1976400.0	333.81416666666667	328.77649999999994	280.28083333333325	281.4919166666666	167.29166666666663	74.35499999999999
1980000.0	334.36199999999997	328.986	279.9244166666666	280.7394166666666	165.40166666666667	42.75666666666667
1983600.0	334.6358333333333	329.60699999999997	280.1646666666666	280.866	153.1	46.91166666666666
1987200.0	334.57366666666667	329.6153333333333	280.2125	280.97749999999996	149.10999999999999	42.62166666666666
1990800.0	334.66566666666665	329.72099999999995	280.2468333333333	281.3755833333333	146.65499999999997	64.48333333333333
1994400.0	334.541	329.66433333333333	280.27599999999995	281.1198333333333	145.26999999999998	50.465
1998000.0	334.4928333333333	329.62133333333327	280.2823333333333	281.04799999999994	145.86833333333334	43.00666666666666
2001600.0	334.47849999999994	329.5348333333333	280.22341666666665	280.89874999999995	147.7433333333333	46.516666666666666
2005200.0	334.2926666666666	329.11049999999994	280.078	281.29541666666665	158.19833333333332	64.65333333333332
2008800.0	334.1526666666666	328.4436666666666	279.813	280.87816666666663	172.34499999999997	55.47833333333334
2012400.0	334.24133333333333	328.7083333333333	279.87449999999995	280.75333333333333	171.6233333333333	42.535
2016000.0	334.4626666666666	328.89283333333333	279.8140833333333	280.7280833333333	164.6	54.068333333333335
2019600.0	334.5148333333333	329.35766666666666	280.10641666666663	281.01574999999997	154.26	52.84333333333332
2023200.0	334.52733333333333	329.36816666666664	280.06399999999996	281.2195	153.725	66.08166666666666
2026800.0	334.52733333333333	329.61499999999995	280.26225	281.12208333333325	150.58333333333331	48.35166666666667
2030400.0	334.2004999999999	329.43333333333334	280.3132499999999	281.02574999999996	153.98999999999998	42.705
2034000.0	334.0388333333333	329.13483333333335	280.2181666666666	281.2978333333333	156.75833333333335	64.52666666666667
2037600.0	334.22816666666665	329.128	280.0800833333333	281.1228333333333	157.65	54.185
2041200.0	334.3921666666666	329.2833333333333	280.08574999999996	281.00391666666667	155.36333333333334	45.916666666666664
2044800.0	334.42266666666666	329.52966666666657	280.2660833333333	281.00766666666664	151.32	44.555
2048400.0	334.3721666666666	329.3715	280.22425	281.49341666666663	155.38	70.77333333333333
2052000.0	334.0425	329.06666666666666	280.1551666666666	281.00524999999993	159.92833333333334	46.596666666666664
2055600.0	334.24716666666666	329.0626666666666	280.09725	280.92975	160.235	43.190000000000005
2059200.0	334.053	329.1603333333333	280.2218333333333	280.9055833333333	157.34666666666666	42.77166666666666
2062800.0	334.13066666666657	329.05999999999995	280.17291666666665	281.2975	159.67666666666668	60.43833333333333
2066400.0	333.9398333333333	329.05116666666663	280.3195833333333	281.36033333333336	158.12166666666667	56.771666666666654
2070000.0	334.2099999999999	329.2371666666666	280.21483333333333	280.93791666666664	158.54166666666666	39.67333333333334
2073600.0	334.44399999999996	329.1441666666666	280.04516666666666	280.7076666666666	156.10166666666666	40.06833333333333
2077200.0	334.18399999999997	329.30949999999996	280.29449999999997	281.11924999999997	152.45	48.93333333333333
2080800.0	334.05183333333326	329.1863333333333	280.29049999999995	281.53299999999996	152.94	68.68833333333333
2084400.0	334.11099999999993	329.0141666666666	280.1443333333333	280.9013333333333	158.19333333333333	41.093333333333334
2088000.0	334.4024999999999	329.159	280.0621666666666	280.7775	157.78833333333333	41.17166666666667
2091600.0	334.2075	329.0173333333333	280.1114166666666	280.8745833333333	160.48833333333332	44.681666666666665
2095200.0	334.1033333333333	328.94449999999995	280.0926666666666	281.1336666666666	162.05166666666668	57.355
2098800.0	334.2298333333333	328.9868333333333	280.048	280.9735833333333	159.57999999999998	49.60999999999999
2102400.0	334.03599999999994	328.81316666666663	280.1042499999999	280.8326666666666	166.24666666666667	39.595
2106000.0	334.12383333333327	328.9391666666666	280.1086666666666	280.89149999999995	162.88833333333335	48.42
2109600.0	334.11133333333333	329.1508333333333	280.2321666666666	281.41016666666667	156.5	68.53999999999999
2113200.0	333.6703333333333	329.2049999999999	280.5605	281.35316666666665	152.425	44.21333333333334
2116800.0	334.2103333333333	329.4525	280.3419999999999	281.09758333333326	151.16333333333333	45.56166666666667
2120400.0	333.89199999999994	329.35349999999994	280.59783333333326	281.4031666666666	146.40999999999997	53.62166666666667
2124000.0	334.3728333333333	329.48249999999996	280.26324999999997	281.54341666666664	152.39333333333332	69.92333333333333
2127600.0	334.4431666666666	329.58716666666663	280.2867499999999	281.27508333333327	146.41166666666666	53.14666666666667
2131200.0	334.33816666666667	329.41683333333333	280.21541666666667	281.0081666666666	153.11999999999998	46.13333333333333
2134800.0	334.1488333333333	329.2878333333333	280.25141666666667	281.08574999999996	153.7	49.833333333333336
2138400.0	334.0485	328.9833333333333	280.15841666666665	281.7894166666666	160.91333333333333	82.35833333333333
2142000.0	334.2028333333333	328.86549999999994	279.99649999999997	280.8551666666666	161.92666666666665	43.00833333333333
2145600.0	333.8478333333333	328.75199999999995	280.1819166666666	280.91616666666664	164.96333333333334	41.111666666666665
2149200.0	334.48599999999993	328.77916666666664	279.6360833333333	280.4598333333333	169.43166666666667	40.004999999999995
2152800.0	334.5034999999999	329.2498333333333	279.76908333333324	280.57849999999996	157.24666666666664	43.14333333333333
2156400.0	334.4863333333333	329.35799999999995	279.90049999999997	280.9862499999999	155.82666666666665	60.96666666666667
2160000.0	334.2243333333333	329.2288333333333	279.96874999999994	280.80658333333326	155.27166666666665	45.19
2163600.0	334.20266666666663	328.9935	279.8041666666667	280.5704166666666	160.70166666666665	40.89333333333333
2167200.0	334.16749999999996	328.938	279.78824999999995	280.6871666666666	160.30499999999998	51.343333333333334
2170800.0	334.131	329.0088333333333	279.9518333333333	281.39141666666666	157.13333333333333	76.97999999999999
2174400.0	334.04749999999996	328.94466666666665	279.85541666666666	280.7576666666666	159.27166666666665	44.25
2178000.0	334.37316666666663	328.6355	279.53749999999997	280.3085	169.43166666666667	38.13166666666666
2181600.0	333.13083333333327	328.471	280.2484166666666	280.93799999999993	164.40166666666667	38.721666666666664
2185200.0	334.5685	328.27549999999997	279.347	280.11274999999995	176.6183333333333	38.608333333333334
2188800.0	334.38333333333327	329.1098333333333	280.01808333333327	280.6703333333333	159.86999999999998	40.714999999999996
2192400.0	334.14799999999997	329.15033333333326	280.15841666666665	280.97649999999993	158.72666666666663	52.846666666666664
2196000.0	334.0171666666666	328.77599999999995	279.9509166666666	280.8504999999999	161.49166666666665	53.281666666666666
2199600.0	334.48999999999995	328.75316666666663	279.63616666666667	280.43575	170.41666666666666	44.94333333333333
2203200.0	334.29333333333324	328.4801666666666	279.50625	280.3574166666666	171.815	43.45333333333333
2206800.0	334.23833333333334	328.5445	279.5890833333333	280.5840833333333	168.125	56.713333333333324
2210400.0	334.34883333333335	328.95833333333326	279.70933333333335	280.7751666666666	160.90833333333333	49.66166666666667
2214000.0	334.26716666666664	329.27283333333327	279.94383333333326	280.6975	155.15166666666667	38.288333333333334
2217600.0	334.2806666666666	329.00199999999995	279.8135	280.55899999999997	162.32833333333335	39.836666666666666
2221200.0	333.6969999999999	328.61633333333333	279.9919166666666	280.65291666666667	170.44666666666666	39.74333333333333
2224800.0	334.6938333333333	328.24266666666665	279.45824999999996	280.46449999999993	179.695	50.004999999999995
2228400.0	334.04516666666666	328.9466666666666	280.179	280.9900833333333	160.75333333333333	49.391666666666666
2232000.0	333.3938333333333	328.3223333333333	280.16841666666664	280.8476666666666	173.97166666666666	40.43333333333334
2235600.0	333.2038333333333	327.92199999999997	280.05674999999997	280.6810833333333	183.28999999999996	37.538333333333334
2239200.0	333.17999999999995	327.7314999999999	279.96299999999997	280.6275833333333	186.515	40.861666666666665
2242800.0	334.1524999999999	328.72049999999996	279.91683333333333	280.96666666666664	167.09833333333333	58.63333333333333
2246400.0	335.10149999999993	329.6004999999999	279.9443333333333	280.73066666666665	152.96666666666667	41.27166666666666
2250000.0	335.22816666666665	329.96216666666663	280.21733333333333	280.84549999999996	142.48	36.05333333333333
2253600.0	335.1716666666666	330.28149999999994	280.4389166666666	281.00199999999995	133.32333333333332	38.61833333333333
2257200.0	335.2151666666666	329.93949999999995	280.241	280.8794166666666	137.2733333333333	43.861666666666665
2260800.0	335.45533333333333	330.13116666666656	280.2367499999999	281.1343333333333	132.63833333333332	54.41833333333333
2264400.0	335.12583333333333	329.83549999999997	280.2138333333333	280.94724999999994	137.76333333333335	41.80833333333333
2268000.0	334.7183333333333	329.46349999999995	280.17249999999996	280.8414166666666	145.69	39.65
2271600.0	333.9266666666666	328.76016666666663	280.19249999999994	280.87199999999996	152.56	44.80499999999999
2275200.0	333.3566666666667	328.30749999999995	280.0531666666666	280.8660833333333	161.99	50.67666666666666
2278800.0	333.04483333333326	328.1073333333333	280.03624999999994	281.6530833333333	166.17999999999998	90.11666666666667
2282400.0	333.6588333333333	328.33783333333326	279.9477499999999	280.78758333333326	170.44	44.15666666666666
2286000.0	334.79716666666667	329.3784999999999	279.9531666666666	280.7953333333333	157.935	45.05333333333333
2289600.0	335.0836666666666	330.14566666666667	280.40124999999995	281.06575	139.2133333333333	41.835
2293200.0	333.20949999999993	329.77033333333327	281.03166666666664	281.6223333333333	128.47833333333332	47.385000000000005
2296800.0	332.8254999999999	329.16833333333324	280.1291666666666	281.5543333333333	138.69333333333333	52.01166666666666
2300400.0	334.39216666666664	328.518	278.59424999999993	280.98549999999994	176.41333333333333	58.85833333333333
2304000.0	334.9174999999999	329.07849999999996	278.25449999999995	281.19124999999997	162.2	66.12833333333333
2307600.0	335.1785	329.7136666666666	278.93241666666665	280.6737499999999	154.06	46.71666666666667
2311200.0	334.72633333333334	329.6585	279.3538333333333	280.9450833333333	154.52333333333334	40.37
2314800.0	334.56199999999995	329.38166666666666	279.12783333333334	281.642	156.575	62.05666666666666
2318400.0	334.73850000000004	329.467	279.08649999999994	280.9564166666666	153.5233333333333	39.72333333333333
2322000.0	334.99749999999995	329.6583333333333	279.05875	280.7610833333333	150.48333333333332	39.406666666666666
2325600.0	334.38749999999993	330.53916666666663	280.60024999999996	281.81566666666663	118.27166666666668	40.01166666666667
2329200.0	334.2681666666666	330.6056666666666	280.76474999999994	281.5635	121.695	38.755
2332800.0	334.34833333333336	330.80899999999997	280.92541666666665	281.92999999999995	123.59666666666666	40.335
2336400.0	334.31699999999995	330.651	280.7174166666666	281.823	124.40999999999998	39.653333333333336
2340000.0	334.3495	330.6566666666666	280.68899999999996	281.7751666666666	126.77333333333331	40.68166666666667
2343600.0	334.4676666666667	330.7038333333333	280.64799999999997	281.6499166666666	126.2483333333333	39.31166666666667
2347200.0	334.50399999999996	330.7446666666666	280.6369166666666	281.66574999999995	127.75999999999999	42.06333333333333
2350800.0	334.1116666666667	330.38399999999996	280.5830833333333	281.665	137.51333333333332	42.96666666666667
2354400.0	335.2699999999999	330.4813333333333	279.6379166666666	281.2079166666666	148.62333333333333	46.50333333333333
2358000.0	335.5861666666666	330.55483333333325	279.54675	281.06316666666663	142.60666666666665	44.11666666666666
2361600.0	333.8554999999999	330.44100000000003	280.7253333333333	281.91316666666665	127.93666666666668	44.279999999999994
2365200.0	334.2138333333333	330.37299999999993	278.5568333333333	280.62775	132.89	47.11
2368800.0	333.2956666666666	329.8795	279.6545	282.1975833333333	136.84333333333333	123.62666666666667
2372400.0	334.1345	328.44849999999997	279.09899999999993	283.41499999999996	178.22999999999996	182.02166666666665
2376000.0	332.6641666666667	327.2533333333333	278.2436666666666	280.6868333333333	175.92833333333334	86.52499999999998
2379600.0	334.30049999999994	327.7954999999999	277.7453333333333	279.66249999999997	182.24999999999997	52.78333333333333
2383200.0	334.54966666666667	328.8503333333333	278.62424999999996	280.053	161.05833333333334	44.22833333333333
2386800.0	334.60549999999995	329.103	278.9235	280.20875	152.89833333333334	42.41499999999999
2390400.0	334.43783333333334	329.08116666666666	279.03758333333326	280.3680833333333	153.82833333333332	39.913333333333334
2394000.0	334.27299999999997	328.7166666666666	278.7859166666666	280.64349999999996	161.87	51.70833333333333
2397600.0	334.4534999999999	328.5783333333333	278.40549999999996	280.4235833333333	165.68666666666664	50.84833333333333
2401200.0	334.4658333333333	328.4551666666666	278.2809166666666	280.13	167.68333333333334	45.15833333333333
2404800.0	334.37783333333334	328.2648333333333	278.17449999999997	279.80224999999996	170.77833333333334	34.733333333333334
2408400.0	334.26649999999995	328.11199999999997	278.1816666666667	279.91774999999996	173.02499999999998	45.94333333333333
2412000.0	334.4025	328.26616666666666	278.1116666666666	280.431	168.84833333333333	52.889999999999986
2415600.0	334.5951666666666	328.93733333333324	278.69291666666663	280.4828333333333	151.9983333333333	39.594999999999985
2419200.0	334.47249999999997	328.7193333333333	278.64391666666666	280.36725	161.54333333333335	37.644999999999996
2422800.0	334.46449999999993	328.28866666666664	278.1123333333333	279.55658333333326	162.79000000000002	34.79333333333334
2426400.0	334.44066666666663	328.62749999999994	278.52275	280.20216666666664	159.955	46.325
2430000.0	334.5079999999999	328.4341666666666	278.246	280.4241666666666	162.5533333333333	49.01166666666667
2433600.0	334.47916666666663	328.3881666666666	278.2166666666666	279.9100833333333	163.33333333333331	41.25333333333333
2437200.0	334.1836666666666	327.88016666666664	277.98341666666664	279.5656666666667	173.76166666666666	32.51666666666667
2440800.0	334.11499999999995	327.5493333333333	277.71475	279.29291666666666	182.68833333333333	39.21666666666666
2444400.0	333.40666666666664	326.768	277.6676666666666	279.7835833333333	193.32833333333332	50.66166666666667
2448000.0	333.26233333333334	326.6061666666666	277.67516666666666	279.7271666666667	200.5283333333333	43.07166666666667
2451600.0	333.81549999999993	327.26166666666666	277.73924999999997	279.0714166666666	191.345	28.304999999999996
2455200.0	334.3888333333333	328.1408333333333	277.94674999999995	280.64624999999995	176.53166666666667	63.926666666666655
2458800.0	334.6141666666666	329.0801666666666	278.8061666666666	280.10766666666666	158.69	52.53
2462400.0	334.3665	329.10949999999997	279.08275	281.26241666666664	155.96166666666667	58.383333333333326
2466000.0	334.35549999999995	329.0421666666666	279.07374999999996	280.7800833333333	154.4633333333333	45.70166666666666
2469600.0	334.6593333333333	329.2613333333333	278.9913333333333	280.57424999999995	151.45166666666665	52.291666666666664
2473200.0	334.50466666666665	329.19649999999996	279.04599999999994	280.85591666666664	153.23	61.05
2476800.0	334.7228333333333	329.52616666666665	279.27641666666665	281.03974999999997	139.74666666666664	49.25166666666667
2480400.0	334.4498333333333	328.9418333333333	279.23016666666666	280.4415833333333	125.68499999999999	32.971666666666664
2484000.0	334.38599999999997	328.3419999999999	278.5956666666666	280.04074999999995	137.385	34.291666666666664
2487600.0	334.45266666666663	328.2795	278.36699999999996	279.85708333333326	139.26833333333332	37.13333333333333
2491200.0	334.35949999999997	328.27566666666667	278.48158333333333	280.8138333333333	140.76	49.358333333333334
2494800.0	334.39666666666665	328.1953333333333	278.3000833333333	280.04166666666663	141.77999999999997	33.538333333333334
2498400.0	334.6025	328.59566666666666	278.56549999999993	280.04958333333326	136.95833333333331	30.944999999999997
2502000.0	334.5728333333333	329.1431666666666	279.3979166666666	280.6098333333333	113.745	32.48
2505600.0	335.0661666666666	329.40383333333335	279.29166666666663	280.98349999999994	110.835	44.376666666666665
2509200.0	335.18183333333326	329.5336666666666	279.327	280.9595	107.08833333333332	35.92666666666666
2512800.0	335.3153333333333	329.66749999999996	279.36233333333325	280.5599166666666	103.34833333333333	26.59333333333333
2516400.0	335.45849999999996	329.8793333333333	279.4005833333333	280.7100833333333	101.02666666666667	32.18666666666667
2520000.0	335.31999999999994	329.67949999999996	279.4101666666666	281.0750833333333	101.64499999999998	46.545
2523600.0	334.73249999999996	329.08233333333334	279.2910833333333	280.8255833333333	109.17333333333332	35.69166666666666
2527200.0	333.5521666666666	327.1201666666666	278.02899999999994	279.87433333333325	152.79500000000002	33.298333333333325
2530800.0	332.692	326.05949999999996	277.75049999999993	279.52216666666664	177.48833333333332	33.56666666666666
2534400.0	333.47733333333326	326.2075	277.7151666666666	279.44149999999996	185.02833333333334	37.81166666666667
2538000.0	333.2348333333333	327.50533333333334	278.6676666666666	280.6873333333333	147.78	47.709999999999994
2541600.0	334.4336666666666	329.0994999999999	279.8021666666666	281.0941666666666	115.52166666666666	33.596666666666664
2545200.0	334.4528333333333	327.69633333333337	278.2960833333333	279.9431666666667	158.315	34.88833333333333
2548800.0	334.921	329.5053333333333	279.7195833333333	280.70941666666664	121.66499999999999	30.146666666666665
2552400.0	335.47916666666663	329.70333333333326	279.6459999999999	280.9713333333333	113.98999999999998	39.83833333333333
2556000.0	335.6056666666666	329.81549999999993	279.58783333333326	281.33966666666663	109.47999999999999	42.88166666666666
2559600.0	335.6801666666666	329.89016666666663	279.61633333333333	281.2929166666666	106.82166666666666	42.11666666666666
2563200.0	332.9713333333333	328.8161666666666	280.38775	281.98199999999997	101.04666666666665	51.57166666666666
2566800.0	334.7618333333333	328.85683333333327	279.0328333333333	281.23974999999996	129.03666666666663	56.43333333333333
2570400.0	335.1819999999999	329.04999999999995	279.0544166666666	281.02725	126.63166666666666	50.593333333333334
2574000.0	335.60633333333334	329.4438333333333	279.2306666666666	280.58841666666666	116.72666666666666	36.445
2577600.0	335.69599999999997	329.4833333333333	279.2523333333333	280.68491666666665	116.78999999999999	34.50333333333333
2581200.0	334.66366666666664	329.04816666666665	279.62291666666664	281.7299166666666	113.84166666666667	49.055
2584800.0	335.01683333333324	329.2788333333333	279.5259166666666	281.56383333333326	113.82833333333332	47.68333333333333
